500	100	0	0
0	1	14	36
1	1	17	31
2	3	18	29
3	3	20	31
4	4	14	36
5	5	23	48
6	11	38	25
7	15	35	39
8	17	31	34
9	19	32	32
10	19	34	31
11	19	47	39
12	20	31	30
13	20	35	34
14	20	31	48
15	20	44	39
16	20	41	30
17	22	42	35
18	23	37	33
19	25	48	38
20	27	43	38
21	27	52	47
22	28	38	34
23	28	38	41
24	29	47	39
25	30	46	37
26	30	48	26
27	31	57	46
28	32	48	48
29	32	52	49
30	33	54	29
31	33	62	39
32	33	61	32
33	34	47	28
34	34	47	43
35	34	53	32
36	34	59	40
37	35	60	38
38	36	57	49
39	38	56	46
40	40	62	47
41	42	71	36
42	43	60	35
43	45	63	44
44	45	69	42
45	45	67	36
46	47	64	40
47	47	71	45
48	48	59	26
49	50	67	36
50	51	65	49
51	51	79	32
52	52	76	35
53	53	81	28
54	53	81	25
55	55	68	28
56	58	83	44
57	58	70	30
58	59	77	27
59	60	88	35
60	60	77	43
61	61	86	32
62	62	76	42
63	62	80	32
64	65	94	30
65	66	80	26
66	67	82	46
67	68	80	38
68	69	83	39
69	69	91	47
70	69	84	27
71	71	97	29
72	71	83	37
73	73	97	39
74	73	87	48
75	74	91	33
76	76	89	36
77	76	88	41
78	79	98	26
79	79	104	45
80	80	103	48
81	80	103	43
82	81	109	48
83	86	109	39
84	88	103	29
85	89	110	44
86	89	106	37
87	90	100	38
88	90	113	37
89	91	103	49
90	91	114	39
91	91	118	25
92	94	112	27
93	94	115	34
94	95	115	32
95	97	111	25
96	97	116	28
97	99	115	48
98	99	120	36
99	100	114	46
100	101	111	48
101	101	117	44
102	101	115	29
103	103	126	30
104	104	129	47
105	104	115	29
106	108	135	34
107	108	127	47
108	108	133	39
109	108	122	42
110	109	135	41
111	110	120	42
112	113	135	46
113	113	138	39
114	115	126	48
115	115	136	26
116	117	130	33
117	118	130	26
118	118	144	25
119	119	138	34
120	119	140	37
121	121	137	47
122	121	133	35
123	122	139	31
124	123	148	46
125	124	150	32
126	127	145	28
127	128	154	39
128	128	155	36
129	129	147	38
130	130	147	48
131	130	143	41
132	131	158	25
133	132	156	43
134	132	154	31
135	134	160	36
136	135	161	49
137	137	164	49
138	137	159	38
139	139	156	49
140	143	156	39
141	143	163	46
142	144	157	45
143	144	156	29
144	146	172	49
145	146	171	28
146	146	157	48
147	147	163	42
148	150	178	32
149	150	177	33
150	151	173	28
151	151	170	31
152	151	161	42
153	151	169	30
154	151	175	35
155	155	180	31
156	156	182	43
157	157	180	37
158	157	183	44
159	158	173	29
160	158	180	25
161	159	183	28
162	160	185	36
163	161	182	26
164	162	177	44
165	162	185	44
166	163	187	40
167	164	190	32
168	167	181	26
169	171	198	43
170	171	189	48
171	171	184	43
172	171	189	28
173	171	199	45
174	173	191	37
175	174	189	49
176	175	195	26
177	176	186	38
178	176	200	33
179	176	202	39
180	177	191	47
181	177	204	47
182	178	202	42
183	179	198	46
184	179	196	40
185	179	192	49
186	179	204	33
187	182	192	32
188	189	200	32
189	189	199	36
190	190	208	42
191	190	210	31
192	192	207	41
193	193	222	48
194	194	221	35
195	195	211	41
196	198	227	35
197	198	213	26
198	198	221	27
199	199	228	49
200	201	215	49
201	202	218	31
202	202	212	32
203	203	231	34
204	203	215	25
205	204	226	25
206	205	231	28
207	205	228	47
208	206	235	27
209	206	218	34
210	206	217	48
211	207	227	32
212	207	219	26
213	207	229	46
214	208	219	35
215	208	230	32
216	209	229	44
217	209	231	43
218	210	230	29
219	212	241	28
220	212	236	34
221	212	236	35
222	213	226	40
223	213	242	39
224	214	241	26
225	214	233	45
226	215	234	41
227	215	239	31
228	216	237	27
229	219	247	45
230	219	243	28
231	222	249	48
232	222	242	35
233	222	236	36
234	224	235	32
235	225	238	48
236	225	240	40
237	226	237	31
238	226	247	34
239	226	237	44
240	228	249	42
241	230	242	30
242	232	243	47
243	233	247	39
244	237	261	27
245	237	262	46
246	239	265	33
247	240	265	37
248	247	261	37
249	248	262	38
250	254	280	32
251	255	265	46
252	255	267	34
253	256	266	35
254	256	281	45
255	257	269	35
256	257	267	33
257	257	284	43
258	259	269	38
259	259	278	39
260	259	272	43
261	260	278	40
262	260	283	40
263	260	275	31
264	263	286	43
265	263	288	44
266	264	281	39
267	267	287	36
268	269	286	40
269	270	284	43
270	271	293	25
271	271	285	28
272	275	286	45
273	278	306	38
274	279	308	31
275	279	305	34
276	281	308	43
277	281	299	45
278	282	295	35
279	283	304	36
280	284	304	48
281	285	298	47
282	285	313	36
283	286	299	33
284	286	306	32
285	286	303	43
286	286	309	30
287	286	304	26
288	289	304	43
289	289	315	41
290	291	302	49
291	294	319	36
292	295	324	27
293	297	314	42
294	298	317	30
295	298	322	27
296	299	313	33
297	299	312	47
298	299	315	34
299	300	325	32
300	301	325	49
301	301	326	46
302	303	316	38
303	304	323	42
304	304	317	36
305	304	314	45
306	304	328	41
307	305	326	34
308	306	322	43
309	306	331	37
310	310	324	41
311	310	327	38
312	311	333	30
313	311	337	31
314	312	324	43
315	313	326	48
316	315	332	35
317	316	334	39
318	318	345	43
319	318	335	28
320	320	346	30
321	321	344	49
322	323	337	28
323	323	337	28
324	325	337	36
325	326	355	26
326	327	354	31
327	327	337	28
328	327	343	33
329	329	342	34
330	329	356	31
331	330	356	35
332	332	349	43
333	332	360	29
334	332	357	48
335	334	352	40
336	334	350	27
337	335	360	44
338	337	358	38
339	339	350	35
340	340	350	44
341	343	368	47
342	343	364	34
343	344	360	37
344	345	357	44
345	346	358	49
346	348	368	48
347	349	365	25
348	350	365	38
349	350	379	25
350	351	368	43
351	352	372	45
352	353	373	35
353	354	372	28
354	355	373	34
355	356	377	30
356	358	384	31
357	359	385	41
358	360	383	26
359	361	387	44
360	362	383	47
361	363	382	47
362	364	381	45
363	367	395	30
364	367	378	28
365	367	385	43
366	368	390	35
367	368	379	26
368	368	394	26
369	369	389	35
370	369	380	26
371	369	397	45
372	369	382	36
373	372	399	34
374	374	395	29
375	374	397	25
376	375	388	34
377	375	389	40
378	376	399	45
379	381	392	34
380	382	409	37
381	383	410	26
382	384	404	32
383	384	395	44
384	384	403	44
385	385	396	27
386	388	415	46
387	388	415	43
388	389	400	30
389	389	405	37
390	391	409	47
391	394	416	25
392	395	412	43
393	395	421	46
394	396	407	38
395	396	421	44
396	398	425	29
397	398	411	27
398	399	409	39
399	400	417	44
400	401	429	31
401	401	425	26
402	402	412	44
403	403	428	29
404	403	417	36
405	404	429	35
406	407	430	26
407	407	420	35
408	409	426	47
409	409	432	29
410	411	431	28
411	411	426	26
412	411	437	46
413	413	426	41
414	413	430	49
415	414	426	30
416	415	443	26
417	415	431	32
418	415	428	42
419	416	443	44
420	417	439	34
421	418	435	43
422	418	430	41
423	419	448	41
424	419	438	28
425	420	442	40
426	423	446	49
427	427	440	44
428	431	443	36
429	431	454	49
430	432	454	34
431	432	447	39
432	432	456	28
433	434	462	25
434	435	461	44
435	436	463	26
436	437	448	33
437	438	463	31
438	438	465	35
439	439	454	45
440	439	454	40
441	440	462	41
442	441	457	36
443	442	467	33
444	446	470	28
445	446	475	45
446	447	468	44
447	448	466	46
448	449	464	41
449	450	465	48
450	451	476	25
451	452	471	31
452	452	467	47
453	453	478	30
454	454	478	49
455	455	483	43
456	455	466	29
457	455	476	41
458	456	474	25
459	457	478	41
460	457	471	49
461	457	476	40
462	459	480	31
463	461	490	38
464	464	476	30
465	464	478	30
466	465	482	44
467	466	480	42
468	466	487	30
469	467	495	37
470	468	478	28
471	469	484	36
472	470	494	26
473	470	495	35
474	471	493	29
475	471	484	48
476	471	487	37
477	477	506	27
478	479	506	28
479	480	490	37
480	480	497	31
481	481	499	47
482	481	509	37
483	482	497	31
484	483	493	29
485	485	511	32
486	485	498	38
487	485	512	35
488	489	504	32
489	490	511	32
490	490	507	46
491	491	514	48
492	495	523	49
493	496	524	28
494	498	522	43
495	499	518	49
496	499	517	40
497	499	509	33
498	500	527	40
499	500	515	37
