482	100	0	0
0	1	25	72
1	1	4	12
2	1	19	72
3	1	5	90
4	1	7	59
5	1	3	48
6	1	7	98
7	1	6	19
8	1	24	42
9	1	5	71
10	1	6	42
11	1	11	100
12	1	8	77
13	1	35	13
14	1	12	85
15	1	2	88
16	1	10	85
17	1	2	50
18	1	4	70
19	1	3	84
20	2	21	83
21	2	41	11
22	3	12	93
23	3	11	93
24	4	26	95
25	4	15	35
26	5	18	52
27	5	15	47
28	6	8	97
29	6	16	22
30	7	35	29
31	7	17	75
32	8	9	84
33	8	9	42
34	9	23	19
35	9	10	12
36	10	29	17
37	10	33	84
38	11	14	48
39	11	13	58
40	12	14	20
41	12	13	53
42	13	24	84
43	13	18	19
44	14	17	35
45	14	16	98
46	15	27	77
47	15	20	50
48	16	34	79
49	16	22	65
50	17	19	21
51	17	21	62
52	18	28	17
53	18	39	86
54	19	25	18
55	19	57	22
56	20	56	23
57	21	22	99
58	21	26	63
59	22	23	33
60	22	27	49
61	23	28	39
62	23	29	13
63	24	30	39
64	24	32	100
65	25	47	46
66	25	33	98
67	26	31	77
68	26	40	69
69	27	30	96
70	27	54	81
71	28	34	26
72	28	46	52
73	29	32	96
74	29	50	33
75	30	36	47
76	30	31	56
77	31	39	62
78	31	51	36
79	32	42	94
80	32	54	11
81	33	69	86
82	33	37	50
83	34	36	27
84	34	38	11
85	35	42	74
86	35	43	86
87	36	58	35
88	36	45	83
89	37	40	97
90	38	45	69
91	39	70	19
92	39	44	75
93	40	47	28
94	40	52	75
95	41	51	100
96	42	49	83
97	42	43	52
98	43	74	33
99	43	85	67
100	44	48	49
101	45	69	62
102	45	48	63
103	46	77	41
104	47	56	17
105	47	53	59
106	48	52	79
107	48	50	45
108	49	67	60
109	50	53	86
110	50	86	99
111	51	78	49
112	51	67	43
113	52	65	27
114	52	57	72
115	53	62	34
116	53	61	77
117	54	55	54
118	54	65	80
119	55	59	40
120	56	61	63
121	56	81	66
122	57	64	81
123	57	59	49
124	58	74	91
125	59	72	64
126	59	60	80
127	60	62	71
128	61	63	18
129	61	63	10
130	62	72	95
131	62	73	34
132	63	64	74
133	63	66	64
134	64	68	39
135	64	81	88
136	65	66	68
137	65	73	55
138	66	71	29
139	66	115	69
140	67	86	82
141	67	88	67
142	68	71	41
143	69	70	26
144	69	80	56
145	70	79	24
146	70	99	73
147	71	76	47
148	71	75	54
149	72	75	26
150	72	83	41
151	73	80	54
152	73	76	22
153	74	95	45
154	74	79	83
155	75	95	76
156	75	78	42
157	76	83	37
158	76	85	79
159	77	99	67
160	78	124	57
161	78	87	33
162	79	82	85
163	79	82	39
164	80	91	55
165	80	91	79
166	81	103	40
167	81	93	11
168	82	92	93
169	82	84	19
170	83	112	59
171	83	111	80
172	84	90	35
173	85	123	62
174	85	90	73
175	86	88	11
176	86	96	24
177	87	113	16
178	88	93	60
179	88	89	24
180	89	104	52
181	90	97	46
182	90	100	99
183	91	92	75
184	91	117	28
185	92	94	54
186	92	98	77
187	93	97	78
188	93	96	33
189	94	101	31
190	95	108	96
191	95	98	82
192	96	106	79
193	96	102	70
194	97	100	16
195	97	109	28
196	98	101	27
197	98	112	97
198	99	114	19
199	99	117	85
200	100	105	56
201	100	107	81
202	101	104	81
203	101	110	36
204	102	106	35
205	103	151	74
206	104	107	62
207	104	109	31
208	105	110	97
209	106	108	31
210	106	120	18
211	107	121	16
212	107	118	84
213	108	135	13
214	108	114	12
215	109	118	15
216	109	116	58
217	110	125	34
218	110	111	54
219	111	120	98
220	111	131	67
221	112	129	28
222	112	113	90
223	113	116	32
224	113	115	63
225	114	125	43
226	114	129	51
227	115	141	63
228	115	124	89
229	116	140	14
230	116	119	24
231	117	133	40
232	117	122	34
233	118	128	76
234	118	121	82
235	119	128	87
236	120	122	96
237	120	163	70
238	121	127	53
239	121	133	81
240	122	142	69
241	122	123	90
242	123	140	36
243	123	145	82
244	124	126	84
245	124	126	92
246	125	137	21
247	125	131	76
248	126	132	82
249	126	130	21
250	127	144	10
251	128	137	14
252	128	195	92
253	129	132	12
254	129	130	17
255	130	136	20
256	130	136	61
257	131	138	84
258	131	148	100
259	132	146	14
260	132	166	80
261	133	134	75
262	133	135	91
263	134	164	66
264	135	139	74
265	135	157	50
266	136	154	66
267	136	150	99
268	137	141	60
269	137	138	53
270	138	139	80
271	138	153	74
272	139	206	91
273	139	149	48
274	140	144	26
275	140	165	92
276	141	143	69
277	141	142	90
278	142	146	64
279	142	147	72
280	143	170	75
281	144	152	32
282	144	147	42
283	145	148	44
284	146	150	20
285	146	158	55
286	147	149	87
287	147	154	52
288	148	152	59
289	148	169	41
290	149	157	75
291	149	153	25
292	150	151	15
293	150	156	11
294	151	161	79
295	151	161	85
296	152	156	77
297	152	186	29
298	153	159	27
299	153	155	34
300	154	168	31
301	154	160	82
302	155	170	96
303	156	162	28
304	156	182	54
305	157	160	35
306	157	158	67
307	158	168	95
308	158	159	62
309	159	167	88
310	159	177	93
311	160	163	16
312	160	162	92
313	161	171	19
314	161	186	38
315	162	179	75
316	162	178	65
317	163	166	51
318	163	164	80
319	164	167	40
320	164	176	19
321	165	169	28
322	166	189	52
323	166	181	58
324	167	185	13
325	167	180	61
326	168	173	23
327	168	172	96
328	169	172	86
329	169	194	28
330	170	215	43
331	170	171	37
332	171	174	26
333	171	209	60
334	172	178	52
335	172	174	37
336	173	175	12
337	174	182	60
338	174	175	72
339	175	176	54
340	175	179	71
341	176	177	52
342	176	183	61
343	177	180	93
344	177	187	32
345	178	183	97
346	178	196	13
347	179	202	66
348	179	192	47
349	180	206	73
350	180	181	33
351	181	198	90
352	181	185	11
353	182	184	84
354	182	188	25
355	183	192	68
356	183	191	90
357	184	187	35
358	185	189	70
359	185	197	20
360	186	188	91
361	186	193	96
362	187	190	26
363	187	251	71
364	188	191	75
365	188	197	61
366	189	204	74
367	189	194	21
368	190	230	36
369	191	198	81
370	191	200	22
371	192	218	17
372	192	193	30
373	193	195	71
374	193	231	12
375	194	199	42
376	194	203	32
377	195	199	22
378	195	203	37
379	196	200	64
380	197	202	88
381	197	204	22
382	198	205	75
383	198	205	23
384	199	221	12
385	199	216	52
386	200	201	95
387	200	201	24
388	201	235	76
389	201	208	99
390	202	211	67
391	202	217	39
392	203	207	67
393	203	210	65
394	204	213	71
395	204	217	93
396	205	215	95
397	205	223	65
398	206	209	31
399	206	212	67
400	207	208	90
401	208	213	33
402	208	210	19
403	209	236	45
404	209	211	52
405	210	212	38
406	210	238	74
407	211	222	57
408	211	216	75
409	212	220	98
410	212	214	19
411	213	240	35
412	213	214	26
413	214	229	61
414	214	219	68
415	215	218	29
416	215	219	75
417	216	224	58
418	216	225	67
419	217	236	70
420	217	220	79
421	218	221	48
422	218	222	60
423	219	223	83
424	219	226	57
425	220	233	68
426	220	229	65
427	221	228	70
428	221	227	24
429	222	230	70
430	222	239	58
431	223	224	94
432	223	232	64
433	224	237	22
434	224	226	52
435	225	227	96
436	226	228	48
437	226	234	22
438	227	239	100
439	227	248	37
440	228	240	42
441	228	244	80
442	229	233	52
443	229	246	33
444	230	242	56
445	230	231	84
446	231	235	57
447	231	279	19
448	232	275	95
449	233	241	30
450	233	238	24
451	234	244	69
452	235	245	43
453	235	255	62
454	236	237	95
455	236	255	51
456	237	261	58
457	237	243	45
458	238	254	19
459	238	246	52
460	239	241	45
461	239	245	39
462	240	265	89
463	240	242	30
464	241	251	28
465	241	252	99
466	242	256	24
467	242	253	33
468	243	253	57
469	244	268	17
470	244	270	51
471	245	257	97
472	245	248	80
473	246	247	91
474	246	249	37
475	247	250	100
476	248	267	17
477	248	249	73
478	249	254	79
479	249	250	99
480	250	266	35
481	250	258	95
