2000	100	0	0
0	0	728	33
1	0	729	33
2	0	751	33
3	0	754	33
4	0	755	33
5	0	755	33
6	0	755	33
7	0	755	33
8	0	755	33
9	0	755	33
10	0	755	33
11	0	755	33
12	0	755	33
13	0	755	33
14	0	755	33
15	0	755	33
16	0	755	33
17	0	755	33
18	0	755	33
19	0	755	33
20	0	755	33
21	0	755	33
22	0	755	33
23	0	755	33
24	0	755	33
25	0	755	33
26	0	755	33
27	0	755	33
28	0	755	33
29	0	755	33
30	0	755	33
31	0	755	33
32	0	755	33
33	0	755	33
34	0	755	33
35	0	755	33
36	0	755	33
37	0	755	33
38	0	755	33
39	0	755	33
40	0	755	33
41	0	755	33
42	0	755	33
43	0	755	33
44	0	755	33
45	0	755	33
46	0	755	33
47	0	755	33
48	0	755	33
49	0	755	33
50	0	755	33
51	0	755	33
52	0	755	33
53	0	755	33
54	0	755	33
55	0	755	33
56	0	758	66
57	0	758	66
58	0	764	33
59	0	764	33
60	0	766	66
61	0	778	66
62	0	781	33
63	0	783	33
64	0	786	33
65	0	788	66
66	0	845	33
67	0	847	33
68	0	862	33
69	0	862	33
70	0	862	33
71	0	866	33
72	0	877	66
73	0	881	66
74	0	892	33
75	0	892	33
76	0	907	50
77	0	925	33
78	0	935	33
79	0	950	33
80	0	956	33
81	0	970	33
82	0	973	33
83	0	990	33
84	0	1004	66
85	0	1013	66
86	0	1013	66
87	0	1013	66
88	0	1019	66
89	0	1020	33
90	0	1020	33
91	0	1021	33
92	0	1023	66
93	0	1045	66
94	0	1051	66
95	0	1052	33
96	0	1086	33
97	0	1101	66
98	0	1107	33
99	0	1108	66
100	0	1133	25
101	0	1140	33
102	0	1140	30
103	0	1141	33
104	0	1141	33
105	0	1141	33
106	0	1141	33
107	0	1141	33
108	0	1141	33
109	0	1141	33
110	0	1141	33
111	0	1141	33
112	0	1141	33
113	0	1141	33
114	0	1141	33
115	0	1142	33
116	0	1142	33
117	0	1142	33
118	0	1142	33
119	0	1142	33
120	0	1142	33
121	0	1142	33
122	0	1147	33
123	0	1150	33
124	0	1153	33
125	0	1157	33
126	0	1157	33
127	0	1157	33
128	0	1157	33
129	0	1157	33
130	0	1157	33
131	0	1157	33
132	0	1157	33
133	0	1157	33
134	0	1157	33
135	0	1157	33
136	0	1157	33
137	0	1157	33
138	0	1158	33
139	0	1158	33
140	0	1158	33
141	0	1158	33
142	0	1160	66
143	0	1161	30
144	0	1171	33
145	0	1180	33
146	0	1198	30
147	0	1206	30
148	0	1219	33
149	0	1230	66
150	0	1247	33
151	0	1247	33
152	0	1249	66
153	0	1257	33
154	0	1260	33
155	0	1273	33
156	0	1304	30
157	0	1304	30
158	0	1321	33
159	0	1321	33
160	0	1381	33
161	0	1384	33
162	0	1386	33
163	0	1390	66
164	0	1390	66
165	0	1390	66
166	0	1390	33
167	0	1391	66
168	0	1418	66
169	0	1418	66
170	0	1418	66
171	0	1418	66
172	0	1418	66
173	0	1418	66
174	0	1418	66
175	0	1418	66
176	0	1418	66
177	0	1418	66
178	0	1418	66
179	0	1418	66
180	0	1426	30
181	13	1116	33
182	24	854	66
183	44	1476	33
184	61	1311	33
185	73	860	25
186	73	860	50
187	85	878	33
188	100	1203	66
189	107	1536	33
190	118	878	33
191	120	1382	66
192	121	878	33
193	121	878	33
194	121	878	33
195	121	878	33
196	122	1380	66
197	122	1380	66
198	122	1381	66
199	126	937	33
200	145	1308	33
201	158	1157	66
202	162	1117	33
203	162	1247	33
204	162	1247	33
205	162	1311	33
206	171	1025	66
207	199	1036	66
208	201	1142	66
209	204	990	33
210	214	1142	66
211	214	1142	66
212	215	1193	33
213	216	1141	66
214	216	1141	66
215	216	1141	66
216	216	1141	66
217	216	1142	66
218	216	1142	66
219	218	1160	66
220	221	1138	50
221	222	1147	33
222	223	1043	66
223	247	1043	66
224	249	1060	66
225	249	1101	33
226	249	1101	33
227	252	1142	33
228	252	1162	33
229	252	1218	33
230	252	1651	33
231	253	1087	33
232	253	1141	33
233	253	1291	33
234	253	1320	33
235	261	1043	66
236	261	1082	33
237	261	1141	33
238	261	1141	33
239	261	1142	33
240	261	1142	33
241	261	1142	33
242	261	1142	33
243	261	1142	33
244	261	1142	33
245	261	1142	33
246	261	1142	33
247	261	1142	33
248	261	1144	33
249	261	1156	66
250	261	1205	33
251	261	1215	33
252	261	1217	33
253	264	1411	33
254	267	1157	66
255	267	1157	66
256	275	1362	66
257	282	1044	33
258	282	1142	33
259	282	1142	33
260	282	1142	33
261	282	1142	33
262	282	1142	33
263	282	1142	33
264	282	1142	33
265	282	1142	33
266	282	1320	33
267	282	1696	33
268	284	1157	33
269	284	1157	33
270	284	1157	33
271	284	1157	33
272	284	1157	33
273	284	1158	33
274	284	1158	33
275	301	1021	33
276	303	1270	33
277	313	1140	66
278	313	1141	66
279	313	1141	66
280	313	1141	66
281	352	1628	33
282	361	1444	33
283	369	1141	66
284	376	1626	66
285	376	1626	66
286	377	1156	33
287	377	1157	33
288	377	1157	33
289	377	1157	33
290	377	1157	33
291	377	1157	33
292	377	1157	33
293	377	1157	33
294	377	1157	33
295	377	1158	33
296	377	1158	33
297	377	1158	33
298	387	1202	60
299	409	1845	66
300	415	1158	33
301	417	1141	33
302	417	1141	33
303	417	1141	33
304	417	1141	33
305	417	1142	33
306	417	1142	33
307	417	1142	33
308	427	1157	33
309	427	1157	33
310	427	1157	33
311	427	1158	33
312	427	1158	33
313	427	1158	33
314	427	1158	33
315	427	1158	33
316	427	1158	33
317	427	1158	33
318	427	1449	33
319	428	1254	33
320	434	1324	33
321	434	1588	33
322	440	1604	33
323	458	1205	33
324	458	1738	33
325	458	1738	33
326	530	1409	25
327	532	1408	25
328	533	1408	25
329	537	1891	33
330	538	1375	33
331	543	1980	33
332	572	1443	33
333	579	1727	66
334	584	1727	66
335	589	1863	66
336	601	1343	33
337	609	1575	33
338	613	1696	33
339	613	1753	33
340	641	1736	33
341	663	1623	30
342	666	1865	66
343	666	1985	66
344	685	1976	33
345	690	1626	66
346	691	1561	33
347	703	1834	33
348	711	1591	33
349	721	1687	33
350	722	2143	33
351	723	1463	25
352	735	1850	33
353	758	2144	33
354	767	1901	33
355	767	1901	33
356	767	1901	33
357	767	1901	33
358	767	1901	33
359	767	1901	33
360	785	1986	66
361	786	1580	33
362	805	1565	66
363	805	1565	66
364	805	1566	66
365	808	1785	33
366	811	1680	33
367	816	1901	33
368	816	1901	33
369	816	1901	33
370	816	1901	33
371	816	1901	33
372	816	1901	33
373	816	1905	33
374	817	1901	33
375	817	1901	33
376	817	1901	33
377	817	1901	33
378	817	1901	33
379	817	1905	33
380	818	1901	33
381	818	1901	33
382	818	1901	33
383	818	1901	33
384	819	1901	33
385	819	1901	33
386	819	1901	33
387	819	1901	33
388	819	1901	33
389	819	1901	33
390	819	1901	33
391	820	1901	33
392	820	1901	33
393	820	1901	33
394	820	1901	33
395	820	1904	33
396	821	1901	33
397	821	1901	33
398	821	1901	33
399	821	1901	33
400	823	1573	66
401	841	1594	33
402	911	2026	66
403	911	2026	66
404	921	1652	66
405	926	2026	66
406	926	2026	66
407	933	1901	33
408	933	1901	33
409	945	1772	25
410	954	1738	33
411	966	2181	33
412	967	1956	33
413	967	1957	33
414	967	2221	33
415	967	2223	33
416	992	1775	33
417	1005	2161	33
418	1006	2224	66
419	1007	2037	66
420	1007	2050	66
421	1007	2283	33
422	1009	2045	33
423	1018	1839	66
424	1018	1944	66
425	1019	2130	66
426	1045	2203	66
427	1052	2327	66
428	1070	2222	66
429	1070	2391	25
430	1079	1887	33
431	1079	1887	33
432	1094	2300	25
433	1137	2504	66
434	1152	2098	33
435	1156	2155	33
436	1156	2159	33
437	1157	1922	33
438	1158	2119	33
439	1159	2109	33
440	1166	2300	25
441	1166	2301	25
442	1167	2301	25
443	1167	2301	25
444	1168	2301	25
445	1177	1901	33
446	1178	1901	33
447	1178	1905	33
448	1179	1901	33
449	1179	1901	33
450	1179	1901	33
451	1181	1901	33
452	1181	1901	33
453	1181	1901	33
454	1181	1901	33
455	1181	1904	33
456	1203	2223	66
457	1215	2057	33
458	1219	2041	66
459	1219	2101	66
460	1219	2222	66
461	1219	2505	66
462	1222	1951	66
463	1222	1988	66
464	1222	1998	66
465	1222	2024	66
466	1222	2494	66
467	1222	2494	66
468	1222	2494	66
469	1222	2494	66
470	1222	2495	66
471	1222	2495	66
472	1222	2495	66
473	1240	2173	66
474	1242	2478	66
475	1242	2478	66
476	1242	2479	66
477	1242	2494	66
478	1242	2495	66
479	1244	1986	66
480	1263	2280	66
481	1282	2051	33
482	1299	2119	33
483	1299	2159	33
484	1311	2270	66
485	1311	2270	66
486	1312	2270	66
487	1312	2270	66
488	1313	2270	66
489	1313	2270	66
490	1313	2270	66
491	1313	2270	66
492	1318	2270	66
493	1318	2270	66
494	1318	2270	66
495	1322	2060	66
496	1322	2060	66
497	1322	2060	66
498	1322	2060	66
499	1322	2060	66
500	1322	2062	66
501	1322	2062	66
502	1322	2062	66
503	1322	2062	66
504	1322	2062	66
505	1322	2062	66
506	1322	2062	66
507	1322	2063	66
508	1322	2063	66
509	1322	2063	66
510	1322	2063	66
511	1322	2063	66
512	1322	2063	66
513	1322	2063	66
514	1322	2063	66
515	1322	2063	66
516	1322	2063	66
517	1330	2270	66
518	1335	2271	66
519	1335	2271	66
520	1336	2270	66
521	1336	2270	66
522	1336	2270	66
523	1336	2270	66
524	1342	2270	66
525	1342	2270	66
526	1342	2270	66
527	1342	2270	66
528	1343	2403	33
529	1350	2272	66
530	1350	2272	66
531	1350	2272	66
532	1350	2272	66
533	1350	2272	66
534	1350	2272	66
535	1352	2272	66
536	1352	2272	66
537	1353	2272	66
538	1353	2272	66
539	1353	2272	66
540	1360	2272	66
541	1360	2272	66
542	1378	2098	33
543	1383	2341	33
544	1394	2824	33
545	1399	2824	33
546	1417	2519	66
547	1441	2289	33
548	1441	2300	50
549	1444	2881	33
550	1499	2300	25
551	1544	2888	50
552	1562	2286	66
553	1620	2353	66
554	1622	2421	66
555	1634	2814	33
556	1635	2894	33
557	1636	2786	33
558	1684	2718	33
559	1706	2822	25
560	1712	2753	33
561	1730	2824	33
562	1730	2824	33
563	1730	2824	33
564	1738	2650	33
565	1738	2902	33
566	1741	2582	30
567	1741	2582	30
568	1749	2915	66
569	1749	2915	66
570	1784	2712	33
571	1793	3069	66
572	1793	3069	33
573	1793	3069	66
574	1807	2885	33
575	1810	3005	66
576	1816	2591	33
577	1816	3067	66
578	1819	2694	33
579	1820	2672	33
580	1823	2977	33
581	1833	3178	33
582	1835	2819	33
583	1838	3257	33
584	1867	3058	33
585	1877	2869	33
586	1920	2815	33
587	1927	2956	33
588	1964	3121	33
589	1983	3112	33
590	1997	2966	33
591	2046	2864	33
592	2046	3021	33
593	2057	3309	66
594	2058	3087	33
595	2069	3440	33
596	2075	3115	66
597	2084	3033	33
598	2090	2890	30
599	2102	2942	33
600	2103	3064	66
601	2129	3323	33
602	2130	3094	66
603	2131	3060	66
604	2131	3094	66
605	2156	3051	33
606	2161	2881	25
607	2161	2960	33
608	2162	3529	33
609	2163	2984	25
610	2166	2957	33
611	2179	3232	33
612	2203	3095	33
613	2204	3095	33
614	2216	3075	33
615	2218	2942	33
616	2220	3120	33
617	2221	3529	33
618	2222	3529	33
619	2227	3331	33
620	2252	3163	30
621	2252	3576	33
622	2281	3022	33
623	2283	3263	66
624	2302	3447	66
625	2307	3338	33
626	2307	3353	33
627	2308	3299	33
628	2316	3728	33
629	2327	3502	33
630	2327	3502	33
631	2340	3071	33
632	2343	3244	33
633	2376	3321	33
634	2410	3241	66
635	2413	3366	66
636	2458	3601	66
637	2462	3857	33
638	2462	3857	33
639	2464	3779	33
640	2495	3446	33
641	2509	3908	33
642	2517	3856	33
643	2518	3731	33
644	2518	3864	33
645	2526	3676	66
646	2534	3741	25
647	2546	3495	66
648	2549	3630	66
649	2553	3351	50
650	2569	3398	66
651	2569	3398	66
652	2631	3522	66
653	2632	3583	66
654	2635	3740	33
655	2641	3448	66
656	2641	3448	66
657	2641	3448	66
658	2643	3449	66
659	2644	3449	66
660	2647	3449	66
661	2650	3448	66
662	2650	3448	66
663	2650	3448	66
664	2650	3449	66
665	2650	3449	66
666	2650	3449	66
667	2650	3449	66
668	2650	3449	66
669	2650	3449	66
670	2650	3449	66
671	2650	3449	66
672	2651	3448	66
673	2651	3448	66
674	2680	3445	66
675	2680	3445	66
676	2680	3445	66
677	2682	3445	66
678	2682	3445	66
679	2682	3445	66
680	2682	3786	33
681	2682	3786	33
682	2684	3444	66
683	2684	3444	66
684	2684	3444	66
685	2824	3783	33
686	2824	3783	33
687	2824	3783	33
688	2895	4334	66
689	2977	3857	33
690	2988	3849	33
691	2988	3864	33
692	2988	4156	33
693	2998	3779	66
694	2998	3857	66
695	2998	3858	66
696	2998	3858	66
697	2998	3858	66
698	2998	3858	66
699	2998	3858	66
700	2998	3859	66
701	2998	3860	66
702	2998	3871	66
703	3004	3724	33
704	3004	3728	33
705	3004	3781	33
706	3008	3738	33
707	3008	3738	33
708	3008	3738	33
709	3008	3850	33
710	3008	3877	33
711	3008	3979	33
712	3008	4078	33
713	3010	4034	33
714	3042	3780	33
715	3042	3873	33
716	3042	3873	33
717	3051	3857	33
718	3057	3782	33
719	3126	4261	33
720	3126	4502	33
721	3160	4067	33
722	3190	4438	66
723	3221	4167	66
724	3261	4503	33
725	3278	4024	33
726	3337	4127	33
727	3338	4124	33
728	3418	4381	33
729	3418	4811	33
730	3425	4810	33
731	3427	4812	33
732	3429	4685	66
733	3429	4687	66
734	3429	4687	66
735	3441	4520	33
736	3453	4388	33
737	3464	4773	33
738	3486	4217	30
739	3502	4915	30
740	3541	4561	33
741	3544	4624	33
742	3570	4506	66
743	3570	4506	66
744	3571	4511	66
745	3571	4511	66
746	3578	4520	33
747	3603	4445	66
748	3603	4565	66
749	3617	4674	33
750	3633	5033	33
751	3776	4654	33
752	3780	5209	33
753	3790	5127	33
754	3806	5161	33
755	3808	5176	33
756	3833	4922	33
757	3850	4931	66
758	3875	4862	33
759	3877	4870	66
760	3877	4884	33
761	3887	4921	33
762	3898	5030	66
763	3917	5047	33
764	3924	5161	33
765	3927	4910	33
766	3952	4987	33
767	3990	5410	33
768	3991	4765	33
769	4010	5449	33
770	4010	5449	33
771	4010	5449	33
772	4010	5449	33
773	4010	5449	33
774	4010	5449	33
775	4010	5449	33
776	4010	5449	33
777	4010	5449	33
778	4010	5449	33
779	4010	5449	33
780	4010	5449	33
781	4010	5449	33
782	4010	5449	33
783	4010	5449	33
784	4010	5449	33
785	4010	5449	33
786	4010	5449	33
787	4023	5443	33
788	4031	5383	33
789	4031	5383	33
790	4031	5383	33
791	4031	5449	33
792	4031	5449	33
793	4044	5045	33
794	4045	5288	33
795	4049	5316	33
796	4049	5316	33
797	4090	5488	33
798	4090	5488	33
799	4090	5488	33
800	4090	5488	33
801	4092	5488	33
802	4092	5488	33
803	4092	5488	33
804	4092	5488	33
805	4092	5488	33
806	4092	5488	33
807	4095	5519	33
808	4095	5519	33
809	4095	5519	33
810	4118	5092	66
811	4209	5034	66
812	4232	5066	66
813	4234	5317	66
814	4249	5046	33
815	4249	5127	33
816	4249	5127	33
817	4249	5127	33
818	4249	5298	33
819	4249	5303	33
820	4251	5122	33
821	4253	5048	33
822	4253	5477	33
823	4253	5477	33
824	4256	5127	33
825	4271	5488	33
826	4297	5250	33
827	4297	5311	33
828	4297	5311	33
829	4397	5831	33
830	4475	5759	33
831	4488	5522	33
832	4502	5383	33
833	4502	5726	33
834	4536	5581	33
835	4536	5581	33
836	4536	5956	33
837	4545	5315	33
838	4577	5415	66
839	4697	5871	66
840	4701	5708	33
841	4711	6136	66
842	4713	5762	33
843	4713	5767	33
844	4713	5767	33
845	4715	5762	33
846	4744	5543	25
847	4745	6075	33
848	4746	5908	33
849	4746	5943	33
850	4746	5943	33
851	4750	5529	33
852	4768	5887	33
853	4811	6197	33
854	4816	5764	33
855	4816	6189	33
856	4876	5886	66
857	4981	5822	50
858	5048	5934	33
859	5066	5941	50
860	5068	6342	33
861	5093	6093	33
862	5103	6185	66
863	5134	6445	66
864	5146	5873	33
865	5146	5971	25
866	5171	5900	33
867	5173	6115	33
868	5293	6313	66
869	5293	6426	66
870	5294	6348	33
871	5296	6180	33
872	5296	6180	33
873	5299	6543	33
874	5300	6596	33
875	5302	6291	33
876	5304	6163	33
877	5304	6379	33
878	5305	6231	33
879	5305	6556	33
880	5305	6683	33
881	5305	6683	33
882	5305	6683	33
883	5310	6294	66
884	5313	6410	66
885	5354	6229	33
886	5358	6365	33
887	5383	6727	33
888	5385	6160	33
889	5395	6406	33
890	5444	6541	33
891	5444	6696	33
892	5446	6845	33
893	5447	6481	33
894	5447	6481	33
895	5447	6845	33
896	5452	6365	33
897	5452	6410	33
898	5452	6410	33
899	5487	6255	33
900	5487	6257	33
901	5487	6257	33
902	5514	6387	33
903	5514	6421	33
904	5515	6393	33
905	5515	6422	33
906	5515	6423	33
907	5515	6426	33
908	5515	6470	33
909	5515	6543	33
910	5515	6729	33
911	5515	6845	33
912	5516	6425	33
913	5516	6426	33
914	5516	6573	33
915	5516	6671	33
916	5516	6733	33
917	5516	6734	33
918	5516	6845	33
919	5516	6845	33
920	5516	6845	33
921	5516	6902	33
922	5516	6922	33
923	5516	6922	33
924	5516	6922	33
925	5516	6922	33
926	5516	6922	33
927	5516	6922	33
928	5516	6922	33
929	5516	6922	33
930	5516	6922	33
931	5516	6922	33
932	5516	6922	33
933	5516	6922	33
934	5516	6922	33
935	5516	6922	33
936	5516	6922	33
937	5519	6956	33
938	5519	6956	33
939	5520	6249	33
940	5520	6421	33
941	5520	6671	33
942	5520	6922	33
943	5520	6956	33
944	5520	6956	33
945	5520	6956	33
946	5520	6956	33
947	5520	6956	33
948	5520	6956	33
949	5520	6956	33
950	5520	6956	33
951	5520	6956	33
952	5520	6956	33
953	5520	6956	33
954	5520	6956	33
955	5520	6956	33
956	5520	6956	33
957	5520	6956	33
958	5520	6956	33
959	5520	6956	33
960	5520	6956	33
961	5520	6956	33
962	5520	6956	33
963	5520	6956	33
964	5520	6956	33
965	5520	6956	33
966	5520	6956	33
967	5520	6956	33
968	5520	6956	33
969	5520	6956	33
970	5520	6956	33
971	5520	6956	33
972	5520	6956	33
973	5520	6956	33
974	5520	6956	33
975	5520	6956	33
976	5520	6956	33
977	5520	6956	33
978	5520	6956	33
979	5520	6956	33
980	5520	6956	33
981	5520	6956	33
982	5520	6956	33
983	5520	6956	33
984	5520	6956	33
985	5520	6956	33
986	5520	6956	33
987	5520	6956	33
988	5520	6956	33
989	5520	6956	33
990	5520	6956	33
991	5520	6956	33
992	5520	6957	33
993	5520	6957	33
994	5520	6957	33
995	5520	6957	33
996	5520	6957	33
997	5520	6957	33
998	5520	6957	33
999	5520	6957	33
1000	5520	6957	33
1001	5520	6957	33
1002	5520	6957	33
1003	5520	6957	33
1004	5520	6957	33
1005	5520	6957	33
1006	5520	6957	33
1007	5520	6957	33
1008	5520	6957	33
1009	5520	6957	33
1010	5520	6957	33
1011	5520	6957	33
1012	5526	6957	33
1013	5526	6957	33
1014	5526	6957	33
1015	5526	6957	33
1016	5552	6581	66
1017	5571	6908	66
1018	5584	6347	33
1019	5584	6347	33
1020	5584	6347	33
1021	5584	6347	33
1022	5627	7031	33
1023	5722	6827	33
1024	5722	6921	33
1025	5731	6475	66
1026	5731	6475	66
1027	5731	6475	66
1028	5732	6476	66
1029	5732	6476	66
1030	5732	6476	66
1031	5732	6476	66
1032	5732	6476	66
1033	5734	6475	66
1034	5734	6475	66
1035	5734	6475	66
1036	5734	6475	66
1037	5736	6476	66
1038	5736	6476	66
1039	5736	6476	66
1040	5736	6476	66
1041	5736	6476	66
1042	5736	6476	66
1043	5736	6476	66
1044	5742	6475	66
1045	5743	6476	66
1046	5743	6476	66
1047	5744	6475	66
1048	5744	6475	66
1049	5744	6475	66
1050	5744	6475	66
1051	5744	6475	66
1052	5744	6475	66
1053	5744	6476	66
1054	5744	6476	66
1055	5750	6476	66
1056	5750	6476	66
1057	5750	6476	66
1058	5868	6588	66
1059	5868	6589	66
1060	5876	6872	33
1061	5882	6678	33
1062	5882	7140	66
1063	5883	7207	33
1064	5884	6604	33
1065	5893	6987	33
1066	5893	7015	33
1067	5895	6845	33
1068	5895	6845	33
1069	5896	6845	33
1070	5896	7158	33
1071	5896	7158	33
1072	5896	7158	33
1073	5896	7174	33
1074	5896	7174	33
1075	5896	7175	33
1076	5896	7175	33
1077	5897	7178	33
1078	5901	6920	33
1079	5901	7174	33
1080	5927	6752	50
1081	5942	7360	66
1082	5956	6950	33
1083	5966	6956	33
1084	5990	7414	33
1085	6001	6946	33
1086	6003	7441	33
1087	6006	7087	33
1088	6016	7386	66
1089	6131	6931	33
1090	6148	7166	33
1091	6151	7175	33
1092	6187	7484	33
1093	6227	6979	33
1094	6232	6979	33
1095	6232	7465	40
1096	6232	7628	33
1097	6256	7081	66
1098	6300	7701	30
1099	6316	7452	33
1100	6327	7188	33
1101	6333	7442	33
1102	6336	7151	33
1103	6336	7151	33
1104	6352	7791	33
1105	6352	7791	33
1106	6352	7791	33
1107	6352	7791	33
1108	6352	7791	33
1109	6352	7791	33
1110	6352	7791	33
1111	6352	7791	33
1112	6352	7791	33
1113	6353	7791	33
1114	6353	7791	33
1115	6353	7791	33
1116	6353	7791	33
1117	6353	7791	33
1118	6353	7791	33
1119	6353	7791	33
1120	6353	7791	33
1121	6353	7791	33
1122	6353	7791	33
1123	6353	7791	33
1124	6353	7791	33
1125	6353	7791	33
1126	6353	7791	33
1127	6353	7791	33
1128	6353	7791	33
1129	6353	7791	33
1130	6353	7791	33
1131	6353	7791	33
1132	6356	7794	33
1133	6356	7794	33
1134	6356	7794	33
1135	6359	7115	33
1136	6362	7349	33
1137	6367	7169	33
1138	6367	7360	33
1139	6378	7545	33
1140	6379	7406	33
1141	6387	7452	33
1142	6395	7290	33
1143	6395	7404	33
1144	6406	7170	33
1145	6410	7210	30
1146	6412	7380	33
1147	6423	7483	33
1148	6424	7805	66
1149	6441	7175	33
1150	6441	7175	33
1151	6441	7175	33
1152	6441	7175	33
1153	6441	7175	33
1154	6441	7175	33
1155	6441	7178	33
1156	6441	7178	33
1157	6441	7492	33
1158	6441	7492	33
1159	6443	7882	33
1160	6443	7882	33
1161	6443	7882	33
1162	6443	7882	33
1163	6443	7882	33
1164	6443	7882	33
1165	6443	7882	33
1166	6443	7882	33
1167	6443	7882	33
1168	6443	7882	33
1169	6443	7882	33
1170	6443	7882	33
1171	6445	7882	33
1172	6445	7882	33
1173	6445	7882	33
1174	6445	7882	33
1175	6446	7177	33
1176	6446	7882	33
1177	6446	7882	33
1178	6446	7882	33
1179	6446	7882	33
1180	6446	7882	33
1181	6446	7882	33
1182	6446	7882	33
1183	6446	7882	33
1184	6446	7882	33
1185	6446	7882	33
1186	6446	7882	33
1187	6446	7882	33
1188	6446	7882	33
1189	6446	7882	33
1190	6446	7882	33
1191	6446	7882	33
1192	6446	7884	33
1193	6446	7884	33
1194	6446	7884	33
1195	6446	7884	33
1196	6446	7884	33
1197	6447	7882	33
1198	6447	7882	33
1199	6447	7882	33
1200	6447	7882	33
1201	6447	7882	33
1202	6451	7401	66
1203	6454	7412	66
1204	6475	7442	33
1205	6480	7260	33
1206	6482	7329	33
1207	6484	7226	25
1208	6494	7441	33
1209	6541	7380	66
1210	6541	7380	66
1211	6552	7311	66
1212	6573	7381	33
1213	6582	7792	33
1214	6601	7380	33
1215	6619	8047	33
1216	6640	7631	33
1217	6666	7411	66
1218	6733	7810	66
1219	6734	7810	66
1220	6739	7645	33
1221	6743	7816	33
1222	6743	7816	33
1223	6749	7681	33
1224	6761	7809	33
1225	6761	8076	66
1226	6776	7902	66
1227	6781	7881	33
1228	6788	8004	30
1229	6797	8232	33
1230	6797	8232	33
1231	6797	8232	33
1232	6804	7879	66
1233	6828	7687	66
1234	6853	8059	50
1235	6890	7707	66
1236	6890	7708	66
1237	6890	7708	66
1238	6890	7708	66
1239	6891	8234	33
1240	6904	7719	66
1241	6910	7814	66
1242	6911	7933	33
1243	6916	7930	33
1244	6979	7898	33
1245	6988	7820	33
1246	6995	7820	33
1247	7006	8213	66
1248	7006	8215	66
1249	7009	8165	33
1250	7017	7998	66
1251	7019	8043	33
1252	7088	7930	33
1253	7091	7928	33
1254	7129	7958	33
1255	7158	7882	33
1256	7158	7884	33
1257	7170	8159	33
1258	7204	7980	40
1259	7270	8427	33
1260	7287	8213	66
1261	7322	8581	66
1262	7322	8581	66
1263	7322	8581	66
1264	7322	8581	66
1265	7322	8581	66
1266	7340	8206	33
1267	7357	8369	33
1268	7386	8138	33
1269	7386	8138	33
1270	7386	8154	33
1271	7386	8170	33
1272	7386	8216	33
1273	7397	8226	66
1274	7397	8227	66
1275	7398	8226	66
1276	7420	8702	50
1277	7432	8762	33
1278	7443	8881	33
1279	7517	8399	25
1280	7552	8828	66
1281	7561	8644	33
1282	7595	8762	33
1283	7678	8584	33
1284	7689	8814	33
1285	7754	8482	30
1286	7802	8775	33
1287	7802	8790	33
1288	7805	8775	33
1289	7805	9050	33
1290	7806	9124	33
1291	7811	8811	33
1292	7811	8868	33
1293	7811	9053	33
1294	7832	8780	33
1295	7832	8940	33
1296	7832	9085	33
1297	7833	8853	33
1298	7865	8612	33
1299	7891	8836	66
1300	7908	9072	33
1301	7922	8712	25
1302	7923	8944	66
1303	7924	8764	25
1304	7925	8822	30
1305	7940	9065	33
1306	7974	9392	33
1307	7982	8820	66
1308	7989	8784	33
1309	7989	8786	33
1310	8033	8960	33
1311	8041	8958	33
1312	8056	9274	33
1313	8071	9095	33
1314	8082	9074	33
1315	8097	9082	33
1316	8106	8846	66
1317	8114	8942	33
1318	8143	9062	66
1319	8182	9248	66
1320	8202	9324	66
1321	8219	9560	66
1322	8241	9402	33
1323	8304	9051	30
1324	8318	9202	50
1325	8347	9343	33
1326	8358	9639	33
1327	8398	9353	66
1328	8406	9427	33
1329	8420	9310	66
1330	8437	9612	33
1331	8494	9432	33
1332	8499	9758	66
1333	8516	9468	33
1334	8517	9589	33
1335	8517	9663	33
1336	8522	9649	33
1337	8522	9663	33
1338	8527	9338	33
1339	8528	9545	33
1340	8528	9556	33
1341	8574	9338	33
1342	8576	9494	66
1343	8611	9520	33
1344	8637	9482	40
1345	8673	9661	33
1346	8673	9661	33
1347	8675	9704	66
1348	8713	9502	25
1349	8718	9588	33
1350	8728	9866	33
1351	8729	9839	50
1352	8731	9551	33
1353	8850	9990	25
1354	8857	9613	33
1355	8857	9613	33
1356	8863	10249	33
1357	8922	10261	66
1358	8935	10369	33
1359	8974	9755	66
1360	8992	10274	66
1361	8992	10274	66
1362	9061	10266	66
1363	9111	10425	33
1364	9116	10097	33
1365	9163	10110	33
1366	9183	10200	33
1367	9207	10411	33
1368	9261	10141	33
1369	9268	10352	66
1370	9268	10353	66
1371	9269	10079	33
1372	9269	10139	33
1373	9269	10640	33
1374	9292	10708	66
1375	9304	10565	66
1376	9304	10625	66
1377	9331	10260	66
1378	9331	10290	66
1379	9361	10353	33
1380	9371	10152	33
1381	9376	10615	33
1382	9391	10142	30
1383	9397	10239	33
1384	9418	10530	66
1385	9438	10786	33
1386	9466	10291	25
1387	9480	10202	33
1388	9481	10242	33
1389	9485	10206	33
1390	9487	10376	33
1391	9520	10342	66
1392	9529	10607	33
1393	9529	10769	33
1394	9546	10280	66
1395	9548	10413	66
1396	9551	10572	33
1397	9573	10293	33
1398	9574	10562	66
1399	9579	10620	66
1400	9655	10611	66
1401	9656	10755	33
1402	9656	10755	33
1403	9679	10671	33
1404	9710	10654	66
1405	9724	10672	66
1406	9762	10776	66
1407	9820	10896	66
1408	10027	11012	33
1409	10152	10940	50
1410	10184	10940	33
1411	10202	11460	66
1412	10237	11015	33
1413	10267	11012	66
1414	10311	11407	66
1415	10311	11409	66
1416	10319	11611	66
1417	10319	11611	66
1418	10382	11222	30
1419	10382	11222	30
1420	10449	11300	66
1421	10501	11504	66
1422	10502	11262	33
1423	10655	11494	25
1424	10702	12000	33
1425	10702	12000	33
1426	10706	11834	33
1427	10706	11964	33
1428	10706	12061	33
1429	10736	11777	33
1430	10743	11825	33
1431	10744	12004	66
1432	10756	11650	25
1433	10765	11953	33
1434	10771	11641	33
1435	10801	11803	33
1436	10802	11943	30
1437	10803	11764	66
1438	10803	11823	33
1439	10810	12025	33
1440	10810	12025	33
1441	10810	12025	33
1442	10817	11846	33
1443	10832	11581	30
1444	10837	12146	30
1445	10837	12242	33
1446	10861	11581	25
1447	10861	11583	33
1448	10861	11700	66
1449	10881	11823	25
1450	10888	11614	66
1451	10940	11990	33
1452	10966	11940	33
1453	10972	11805	33
1454	10983	11717	33
1455	10986	11819	33
1456	11010	12428	33
1457	11017	11846	33
1458	11022	12038	66
1459	11027	12222	66
1460	11061	12125	66
1461	11074	12044	66
1462	11074	12044	66
1463	11124	12176	33
1464	11127	11940	33
1465	11127	12049	66
1466	11128	12050	33
1467	11132	12380	50
1468	11138	11886	66
1469	11155	12094	66
1470	11161	12173	33
1471	11161	12173	33
1472	11182	12339	33
1473	11204	12380	25
1474	11210	12265	66
1475	11259	12276	66
1476	11267	12210	66
1477	11334	12206	66
1478	11383	12339	33
1479	11387	12339	33
1480	11387	12339	33
1481	11387	12341	33
1482	11388	12339	33
1483	11388	12339	33
1484	11391	12339	33
1485	11391	12339	33
1486	11391	12339	33
1487	11391	12339	33
1488	11391	12339	33
1489	11392	12339	33
1490	11392	12341	33
1491	11392	12341	33
1492	11392	12380	25
1493	11401	12788	33
1494	11437	12785	33
1495	11476	12339	33
1496	11476	12340	33
1497	11476	12340	33
1498	11477	12339	33
1499	11477	12339	33
1500	11477	12339	33
1501	11477	12339	33
1502	11477	12339	33
1503	11507	12341	33
1504	11524	12380	25
1505	11531	12852	33
1506	11531	12867	33
1507	11598	13024	66
1508	11632	12447	66
1509	11641	12902	66
1510	11642	12901	66
1511	11692	12412	33
1512	11692	12443	33
1513	11692	12536	33
1514	11695	13035	66
1515	11764	12973	33
1516	11764	12973	33
1517	11802	12551	33
1518	11802	12551	33
1519	11821	12940	33
1520	11835	12730	66
1521	11873	13149	66
1522	11881	12961	33
1523	11884	13262	50
1524	12065	12840	66
1525	12072	12800	33
1526	12073	13438	33
1527	12124	13105	33
1528	12136	12947	33
1529	12137	12987	33
1530	12137	13004	33
1531	12146	13034	33
1532	12146	13146	33
1533	12146	13293	33
1534	12146	13316	33
1535	12167	13022	33
1536	12211	13082	33
1537	12218	13587	30
1538	12234	13390	33
1539	12240	12969	33
1540	12242	12963	25
1541	12244	12964	66
1542	12246	13095	33
1543	12254	13021	33
1544	12254	13053	33
1545	12254	13084	33
1546	12254	13130	33
1547	12268	13327	33
1548	12273	13022	33
1549	12300	13021	25
1550	12310	13383	33
1551	12316	13463	33
1552	12325	13427	66
1553	12340	13271	33
1554	12360	13082	33
1555	12388	13180	33
1556	12411	13321	30
1557	12420	13457	33
1558	12424	13660	33
1559	12424	13660	33
1560	12424	13660	33
1561	12425	13660	33
1562	12425	13660	33
1563	12468	13374	33
1564	12475	13358	33
1565	12484	13373	60
1566	12507	13261	25
1567	12508	13531	66
1568	12533	13677	66
1569	12550	13358	33
1570	12550	13358	33
1571	12550	13358	33
1572	12560	13743	33
1573	12560	13743	33
1574	12561	13490	30
1575	12605	13473	33
1576	12605	13820	50
1577	12638	13649	33
1578	12645	13755	66
1579	12657	14046	25
1580	12696	13780	66
1581	12738	13673	66
1582	12948	14006	33
1583	12967	14377	33
1584	13033	13820	50
1585	13121	14002	33
1586	13121	14048	33
1587	13121	14078	33
1588	13622	14613	33
1589	13626	14704	33
1590	13626	14704	33
1591	13642	14780	33
1592	13650	14590	66
1593	13650	14590	66
1594	13650	14595	66
1595	13662	14607	33
1596	13684	14703	33
1597	13691	15116	33
1598	13693	15079	33
1599	13693	15081	33
1600	13711	15118	33
1601	13744	14874	33
1602	13768	14703	66
1603	13801	14521	33
1604	13801	14826	33
1605	13890	14800	33
1606	13900	14949	66
1607	13926	14678	33
1608	13964	15067	66
1609	13983	14931	66
1610	13985	15064	66
1611	14022	15205	66
1612	14071	15031	66
1613	14102	15139	66
1614	14191	15577	33
1615	14237	15012	33
1616	14356	15494	66
1617	14517	15358	33
1618	14594	15430	33
1619	14594	15443	33
1620	14701	15466	66
1621	14775	16010	30
1622	14777	15723	30
1623	14779	16146	30
1624	14837	16036	33
1625	14848	16036	33
1626	14862	16064	33
1627	14866	15782	66
1628	14959	16392	33
1629	15061	16081	33
1630	15121	15869	66
1631	15121	15869	66
1632	15121	15870	66
1633	15121	15870	66
1634	15121	15870	66
1635	15130	16560	33
1636	15181	15986	66
1637	15192	16105	66
1638	15231	16204	33
1639	15296	16047	66
1640	15323	16067	30
1641	15343	16577	33
1642	15359	16264	33
1643	15373	16181	33
1644	15373	16181	33
1645	15392	16331	66
1646	15409	16134	33
1647	15424	16464	33
1648	15431	16331	66
1649	15447	16379	66
1650	15449	16260	33
1651	15458	16684	66
1652	15471	16441	66
1653	15476	16734	66
1654	15477	16494	66
1655	15484	16433	66
1656	15501	16393	66
1657	15507	16335	30
1658	15541	16593	66
1659	15547	16320	33
1660	15559	16482	66
1661	15569	16606	66
1662	15576	16472	66
1663	15591	16400	33
1664	15604	16397	33
1665	15668	16513	33
1666	15721	16540	33
1667	15729	16483	33
1668	15781	16511	33
1669	15843	16564	33
1670	15900	16655	66
1671	15960	17223	66
1672	15962	17220	66
1673	15962	17221	66
1674	15962	17222	66
1675	16082	16914	66
1676	16085	16914	66
1677	16087	17168	33
1678	16143	16981	30
1679	16164	17570	33
1680	16214	17066	33
1681	16216	17134	66
1682	16216	17466	66
1683	16221	17161	33
1684	16221	17292	33
1685	16231	17466	66
1686	16241	17205	33
1687	16321	17602	33
1688	16358	17123	66
1689	16369	17401	33
1690	16370	17182	33
1691	16446	17421	33
1692	16446	17424	33
1693	16446	17765	33
1694	16452	17257	33
1695	16453	17728	66
1696	16453	17728	66
1697	16463	17754	33
1698	16464	17373	33
1699	16464	17382	33
1700	16464	17421	33
1701	16464	17424	33
1702	16464	17543	33
1703	16477	17631	33
1704	16495	17340	50
1705	16503	17251	33
1706	16504	17886	66
1707	16555	17344	50
1708	16560	17342	33
1709	16564	17826	66
1710	16566	17564	33
1711	16573	17619	33
1712	16590	17417	33
1713	16600	17441	66
1714	16616	17830	33
1715	16620	17575	33
1716	16630	17604	66
1717	16630	17604	66
1718	16630	17606	66
1719	16631	17444	33
1720	16636	17986	66
1721	16643	17548	33
1722	16645	18030	66
1723	16649	17589	33
1724	16650	17670	26
1725	16685	17838	33
1726	16693	17540	33
1727	16693	17548	33
1728	16719	17838	66
1729	16724	17838	33
1730	16741	17554	33
1731	16752	18054	66
1732	16774	17879	66
1733	16774	17879	66
1734	16805	17858	66
1735	16809	18101	66
1736	16810	17795	66
1737	16811	17937	66
1738	16847	17773	66
1739	16884	18010	66
1740	16890	17803	66
1741	16901	18162	33
1742	16901	18162	33
1743	16912	17979	66
1744	16931	18269	33
1745	16933	18140	25
1746	16933	18140	25
1747	16941	18271	33
1748	16973	17829	66
1749	17004	18121	33
1750	17055	18003	66
1751	17056	18057	33
1752	17059	17927	66
1753	17093	18003	33
1754	17093	18003	33
1755	17093	18003	33
1756	17093	18003	33
1757	17130	17976	33
1758	17138	18057	33
1759	17173	18595	33
1760	17181	17936	33
1761	17221	18103	66
1762	17279	18651	30
1763	17280	18353	33
1764	17292	18723	33
1765	17393	18719	33
1766	17397	18555	66
1767	17397	18555	66
1768	17402	18661	66
1769	17402	18661	66
1770	17419	18284	66
1771	17450	18295	33
1772	17450	18295	33
1773	17481	18231	33
1774	17492	18261	33
1775	17503	18301	33
1776	17521	18554	33
1777	17522	18554	33
1778	17525	18325	66
1779	17527	18608	33
1780	17619	18576	33
1781	17661	18655	33
1782	17661	18754	33
1783	17661	18818	33
1784	17704	18811	33
1785	17709	19146	33
1786	17719	18488	33
1787	17883	18796	33
1788	17888	19148	33
1789	17902	19011	33
1790	17906	18835	33
1791	17906	18853	33
1792	17906	19136	33
1793	17943	18780	33
1794	17943	19026	33
1795	17947	18723	33
1796	17947	19201	33
1797	17974	18909	66
1798	17974	18914	66
1799	18003	19024	33
1800	18014	18870	33
1801	18018	18786	33
1802	18024	18785	33
1803	18031	18782	30
1804	18048	18785	66
1805	18048	18785	66
1806	18061	18781	50
1807	18066	18930	33
1808	18084	19144	33
1809	18106	18931	25
1810	18122	18842	33
1811	18124	18847	33
1812	18136	18885	50
1813	18160	19518	33
1814	18204	19103	33
1815	18208	19118	66
1816	18208	19119	66
1817	18208	19539	66
1818	18281	19293	66
1819	18291	19458	33
1820	18299	19327	66
1821	18336	19492	33
1822	18373	19336	66
1823	18395	19158	33
1824	18417	19230	66
1825	18463	19487	33
1826	18482	19384	66
1827	18485	19540	66
1828	18489	19261	33
1829	18489	19388	66
1830	18489	19462	33
1831	18510	19473	66
1832	18575	19493	66
1833	18607	19482	66
1834	18611	19460	66
1835	18664	19478	33
1836	18736	20160	33
1837	18758	19685	33
1838	18788	20118	30
1839	18792	20160	25
1840	18841	20103	66
1841	18841	20160	66
1842	18855	20160	66
1843	18866	20160	33
1844	18866	20160	33
1845	18866	20160	33
1846	18866	20160	33
1847	18866	20160	33
1848	18866	20160	33
1849	18866	20160	33
1850	18866	20160	33
1851	18866	20160	33
1852	18866	20160	33
1853	18866	20160	33
1854	18866	20160	33
1855	18868	20160	66
1856	18888	20160	33
1857	18907	20160	66
1858	18909	20160	25
1859	18911	19786	33
1860	18915	20160	66
1861	18935	19752	33
1862	18935	19752	33
1863	18940	20160	66
1864	18946	19807	33
1865	18946	20160	33
1866	18946	20160	33
1867	18946	20160	33
1868	18946	20160	33
1869	18946	20160	33
1870	18946	20160	33
1871	18946	20160	33
1872	18947	19806	33
1873	18947	19806	33
1874	18947	19806	33
1875	18947	19806	33
1876	18947	19806	33
1877	18947	19806	33
1878	18947	19806	33
1879	18947	19806	33
1880	18947	19806	33
1881	18947	19807	33
1882	18947	20160	33
1883	18947	20160	33
1884	18947	20160	33
1885	18947	20160	33
1886	18947	20160	33
1887	18947	20160	33
1888	18947	20160	33
1889	18947	20160	33
1890	18947	20160	33
1891	18947	20160	33
1892	18947	20160	33
1893	18947	20160	33
1894	18947	20160	33
1895	18947	20160	33
1896	18947	20160	33
1897	18947	20160	33
1898	18947	20160	33
1899	18947	20160	33
1900	18947	20160	33
1901	18947	20160	33
1902	18947	20160	33
1903	18947	20160	33
1904	18947	20160	33
1905	18947	20160	33
1906	18947	20160	33
1907	18947	20160	33
1908	18947	20160	33
1909	18947	20160	33
1910	18947	20160	33
1911	18947	20160	33
1912	18947	20160	33
1913	18947	20160	33
1914	18947	20160	33
1915	18947	20160	33
1916	18947	20160	33
1917	18947	20160	33
1918	18947	20160	33
1919	18947	20160	33
1920	18947	20160	33
1921	18948	20160	33
1922	18948	20160	33
1923	18948	20160	33
1924	18948	20160	33
1925	18948	20160	33
1926	18948	20160	33
1927	18948	20160	33
1928	18948	20160	33
1929	18948	20160	33
1930	18948	20160	33
1931	18948	20160	33
1932	18948	20160	33
1933	18948	20160	33
1934	18948	20160	33
1935	18948	20160	33
1936	18948	20160	33
1937	18948	20160	33
1938	18948	20160	33
1939	18948	20160	33
1940	18948	20160	33
1941	18948	20160	33
1942	18948	20160	33
1943	18949	19913	66
1944	18949	20160	66
1945	18952	20160	66
1946	18957	19923	33
1947	18963	20160	33
1948	18964	20160	66
1949	19011	20160	33
1950	19021	20160	33
1951	19021	20160	33
1952	19026	20160	33
1953	19030	20091	33
1954	19047	20160	33
1955	19058	20160	33
1956	19081	19816	66
1957	19082	20160	33
1958	19102	20160	66
1959	19107	20160	33
1960	19107	20160	33
1961	19139	20140	33
1962	19140	20160	33
1963	19167	20160	33
1964	19172	20160	33
1965	19190	20160	33
1966	19191	20160	33
1967	19222	20160	33
1968	19237	20160	33
1969	19267	20160	33
1970	19272	20160	33
1971	19277	20046	66
1972	19293	20160	33
1973	19294	20160	33
1974	19306	20160	33
1975	19306	20160	30
1976	19310	20160	33
1977	19321	20160	33
1978	19321	20160	33
1979	19321	20160	33
1980	19331	20160	33
1981	19332	20160	33
1982	19332	20160	33
1983	19347	20160	33
1984	19348	20160	33
1985	19348	20160	33
1986	19348	20160	33
1987	19348	20160	33
1988	19348	20160	33
1989	19351	20160	50
1990	19359	20160	66
1991	19364	20160	33
1992	19379	20160	33
1993	19381	20112	33
1994	19387	20160	33
1995	19387	20160	33
1996	19414	20160	66
1997	19414	20160	33
1998	19414	20160	66
1999	19432	20160	33
