2000	100	0	0
0	0	188	33
1	0	188	33
2	0	188	33
3	0	188	33
4	0	188	33
5	0	188	33
6	0	188	33
7	0	188	33
8	0	188	33
9	0	188	33
10	0	188	33
11	0	188	33
12	0	188	33
13	0	188	33
14	0	188	33
15	0	188	33
16	0	188	33
17	0	188	33
18	0	188	33
19	0	190	66
20	0	200	33
21	0	200	33
22	0	200	33
23	0	200	33
24	0	200	33
25	0	200	33
26	0	200	33
27	0	200	33
28	0	200	33
29	0	200	33
30	0	210	66
31	0	215	66
32	0	215	33
33	0	215	33
34	0	215	33
35	0	215	33
36	0	215	33
37	0	215	33
38	0	215	33
39	0	215	66
40	0	215	66
41	0	215	66
42	0	215	66
43	0	215	66
44	0	215	66
45	0	215	66
46	0	215	66
47	0	215	33
48	0	215	33
49	0	215	33
50	0	215	66
51	0	215	33
52	0	215	33
53	0	251	66
54	0	251	66
55	0	251	66
56	0	253	33
57	0	253	33
58	0	253	33
59	0	253	33
60	0	253	33
61	0	253	33
62	0	253	33
63	0	254	33
64	0	254	33
65	0	254	33
66	0	254	33
67	0	254	33
68	0	254	33
69	0	254	33
70	0	254	33
71	0	254	33
72	0	254	33
73	0	254	33
74	0	254	33
75	0	254	33
76	0	254	33
77	0	254	33
78	0	254	33
79	0	254	33
80	0	254	33
81	0	254	33
82	0	254	33
83	0	254	33
84	0	254	33
85	0	254	33
86	0	254	33
87	0	254	33
88	0	255	33
89	0	255	33
90	0	255	33
91	0	255	33
92	0	255	33
93	0	255	33
94	0	255	33
95	0	255	33
96	0	255	33
97	0	255	33
98	0	258	66
99	0	258	66
100	0	258	66
101	0	268	33
102	0	268	33
103	0	268	33
104	0	268	33
105	0	268	33
106	0	269	33
107	0	269	33
108	0	269	33
109	0	269	33
110	0	269	33
111	0	269	33
112	0	269	33
113	0	269	33
114	0	269	33
115	0	279	33
116	0	279	33
117	0	279	33
118	0	279	33
119	0	297	33
120	0	297	25
121	0	299	25
122	0	307	33
123	0	307	33
124	0	308	33
125	0	314	33
126	0	329	25
127	0	369	33
128	0	378	33
129	0	378	33
130	0	378	33
131	0	378	33
132	0	385	66
133	0	400	50
134	0	419	33
135	0	419	33
136	0	419	33
137	0	420	33
138	0	420	33
139	0	420	33
140	0	420	33
141	0	421	33
142	0	421	66
143	0	457	33
144	0	459	66
145	0	461	33
146	0	476	66
147	0	476	33
148	0	477	33
149	0	477	33
150	0	477	33
151	0	481	33
152	0	491	33
153	0	506	33
154	0	506	33
155	0	506	33
156	0	506	33
157	0	506	33
158	0	506	33
159	0	507	33
160	0	507	33
161	0	507	33
162	0	507	33
163	0	507	33
164	0	509	33
165	0	509	33
166	0	509	33
167	0	509	33
168	0	509	33
169	0	509	33
170	0	511	33
171	0	511	33
172	0	512	33
173	0	513	66
174	0	513	66
175	0	513	66
176	0	513	66
177	0	513	66
178	0	514	66
179	0	514	66
180	0	514	66
181	0	515	66
182	0	520	66
183	0	520	66
184	0	520	66
185	0	527	66
186	0	527	66
187	0	527	66
188	0	527	66
189	0	527	66
190	0	528	66
191	0	528	66
192	0	531	66
193	0	531	66
194	0	531	66
195	0	531	66
196	0	538	33
197	0	538	33
198	0	538	33
199	0	538	33
200	0	542	33
201	0	542	33
202	0	542	33
203	0	546	33
204	0	550	33
205	0	550	33
206	0	550	33
207	0	550	33
208	0	550	33
209	0	551	33
210	0	551	33
211	0	552	33
212	0	552	33
213	0	552	33
214	0	552	33
215	0	552	33
216	0	552	33
217	0	552	33
218	0	555	33
219	0	568	33
220	0	576	66
221	0	576	66
222	0	576	33
223	0	576	33
224	0	576	66
225	0	576	66
226	0	576	66
227	0	576	33
228	0	577	33
229	0	577	33
230	0	577	33
231	0	577	33
232	0	577	33
233	0	579	33
234	0	579	33
235	0	579	33
236	0	579	33
237	0	579	33
238	0	579	33
239	0	580	33
240	0	580	33
241	0	580	33
242	0	580	33
243	0	580	33
244	0	580	33
245	0	580	33
246	0	580	33
247	0	580	33
248	0	580	33
249	0	580	33
250	0	580	33
251	0	580	33
252	0	580	33
253	0	580	33
254	0	580	33
255	0	580	33
256	0	580	33
257	0	580	33
258	0	580	33
259	0	580	33
260	0	580	33
261	0	580	33
262	0	580	33
263	0	580	33
264	0	580	33
265	0	580	33
266	0	580	33
267	0	580	33
268	0	580	33
269	0	580	33
270	0	587	66
271	0	605	33
272	0	605	33
273	0	612	33
274	0	612	33
275	0	612	33
276	0	612	33
277	0	618	33
278	0	622	33
279	0	622	33
280	0	623	33
281	0	626	33
282	0	626	33
283	0	626	33
284	0	627	33
285	0	632	33
286	0	632	66
287	0	637	33
288	0	637	33
289	0	640	33
290	0	640	33
291	0	640	33
292	0	640	33
293	0	640	33
294	0	640	33
295	0	641	33
296	0	662	33
297	0	662	33
298	0	696	33
299	0	722	61
300	0	722	61
301	0	755	33
302	0	755	33
303	0	755	33
304	0	755	33
305	0	755	33
306	0	755	33
307	0	755	33
308	0	755	33
309	0	755	33
310	0	755	33
311	0	755	33
312	0	755	33
313	0	755	33
314	0	900	33
315	0	901	33
316	0	1026	66
317	0	1045	66
318	0	1075	66
319	0	1076	66
320	0	1087	66
321	0	1107	33
322	0	1141	33
323	0	1142	33
324	0	1157	33
325	0	1158	33
326	0	1158	33
327	0	1163	30
328	0	1202	33
329	0	1218	33
330	0	1242	30
331	0	1346	33
332	0	1351	33
333	0	1390	66
334	4	909	33
335	9	878	33
336	22	1445	33
337	38	274	33
338	125	359	66
339	125	516	66
340	125	516	66
341	125	516	66
342	125	517	66
343	125	517	66
344	125	517	66
345	127	338	66
346	127	426	66
347	127	516	66
348	127	516	66
349	130	421	33
350	130	517	66
351	130	517	66
352	130	550	33
353	151	747	33
354	151	937	33
355	161	789	66
356	162	1147	33
357	175	393	33
358	196	394	25
359	199	613	66
360	200	1381	66
361	206	1141	66
362	211	530	66
363	216	426	66
364	216	635	66
365	218	1037	66
366	223	781	66
367	245	668	66
368	250	1327	33
369	252	540	33
370	252	1321	33
371	253	841	33
372	261	586	33
373	261	1142	33
374	261	1159	66
375	261	1249	33
376	261	1286	33
377	261	1387	33
378	268	977	66
379	273	1094	33
380	282	1142	33
381	282	1142	33
382	283	555	33
383	283	1157	33
384	284	1158	33
385	285	1158	33
386	291	481	33
387	298	1072	33
388	313	1020	66
389	313	1141	66
390	314	781	66
391	315	1157	33
392	316	1040	66
393	361	709	66
394	362	692	33
395	362	692	33
396	376	1626	66
397	387	885	66
398	399	1362	66
399	415	734	33
400	415	786	33
401	415	1043	33
402	417	635	33
403	417	1142	33
404	426	664	66
405	427	1158	33
406	447	1157	33
407	447	1157	33
408	447	1157	33
409	447	1158	33
410	450	706	66
411	451	862	33
412	451	1161	33
413	451	1161	33
414	458	661	33
415	462	757	33
416	463	744	33
417	464	1146	33
418	464	1338	33
419	479	695	33
420	481	740	33
421	518	1141	66
422	518	1142	66
423	525	1027	30
424	538	1899	33
425	540	819	66
426	548	1615	66
427	571	1200	33
428	586	1225	66
429	587	1043	33
430	590	1045	66
431	592	922	66
432	597	1043	66
433	610	1297	33
434	614	1157	33
435	614	1157	33
436	614	1158	33
437	617	1142	33
438	617	1225	33
439	619	1061	33
440	623	905	33
441	627	1158	33
442	627	1862	33
443	664	916	66
444	682	993	30
445	687	975	33
446	694	1992	33
447	696	1836	33
448	721	1101	66
449	721	1102	66
450	726	1806	66
451	735	1850	33
452	752	1043	33
453	754	1005	66
454	755	1293	66
455	768	1901	33
456	771	1872	33
457	781	1043	33
458	791	1502	33
459	805	1566	66
460	815	1901	33
461	816	1901	33
462	816	1901	33
463	817	1901	33
464	817	1901	33
465	818	1901	33
466	818	1901	33
467	818	1901	33
468	819	1901	33
469	820	1904	33
470	827	1411	33
471	838	2118	33
472	844	1036	33
473	851	1298	33
474	861	1482	33
475	889	1191	33
476	908	1278	30
477	923	1871	33
478	926	2026	66
479	926	2026	66
480	935	1311	33
481	938	1603	33
482	949	1263	66
483	954	1142	33
484	954	1182	33
485	954	1462	33
486	955	1217	33
487	957	1141	33
488	958	1862	33
489	967	1877	33
490	1033	1267	66
491	1035	1329	66
492	1040	1312	66
493	1041	1703	33
494	1044	1226	66
495	1045	2203	66
496	1051	1252	66
497	1055	1887	33
498	1072	1527	33
499	1087	2270	33
500	1115	1323	66
501	1115	1324	66
502	1145	1436	66
503	1155	1538	33
504	1156	1514	33
505	1156	1539	33
506	1156	2108	33
507	1157	1653	33
508	1158	1550	33
509	1158	2098	33
510	1158	2119	33
511	1159	1518	33
512	1159	1518	33
513	1159	2098	33
514	1165	1407	30
515	1180	1901	33
516	1180	1901	33
517	1181	1901	33
518	1193	1717	30
519	1203	2223	66
520	1222	1919	66
521	1224	1583	33
522	1231	2138	33
523	1242	1502	66
524	1247	2060	33
525	1265	1586	50
526	1269	1477	33
527	1281	1484	50
528	1281	1484	50
529	1297	1496	33
530	1297	1550	33
531	1299	1485	33
532	1299	1508	33
533	1299	1508	33
534	1313	1741	66
535	1313	1741	66
536	1313	2042	66
537	1318	2270	66
538	1322	2062	66
539	1322	2062	66
540	1322	2062	66
541	1322	2063	66
542	1335	2271	66
543	1342	2270	66
544	1342	2270	66
545	1343	2215	33
546	1350	2272	66
547	1352	2272	66
548	1357	1776	33
549	1362	2314	33
550	1365	1717	66
551	1382	1581	33
552	1399	2824	33
553	1426	2009	30
554	1506	1789	25
555	1535	2402	33
556	1538	1830	66
557	1553	1901	33
558	1560	2098	33
559	1560	2119	33
560	1590	2144	33
561	1620	1854	33
562	1633	2458	33
563	1635	2585	33
564	1635	2867	33
565	1636	1869	33
566	1636	1998	33
567	1645	1862	33
568	1645	2044	33
569	1645	2046	33
570	1650	1863	33
571	1650	1898	33
572	1684	1898	33
573	1710	2117	33
574	1726	1944	33
575	1726	1956	33
576	1726	2132	33
577	1730	2823	33
578	1733	2084	33
579	1740	2162	33
580	1741	2356	50
581	1747	3185	33
582	1767	2309	33
583	1804	2883	33
584	1805	2222	66
585	1810	2017	33
586	1813	2403	33
587	1816	2343	33
588	1833	2222	33
589	1834	2389	33
590	1835	2131	33
591	1835	2885	33
592	1838	2161	33
593	1839	2126	66
594	1840	2063	33
595	1840	2305	33
596	1840	2774	33
597	1840	2823	33
598	1844	2129	33
599	1850	2977	66
600	1855	2057	33
601	1855	2057	33
602	1856	2046	33
603	1857	2039	33
604	1864	2056	50
605	1910	2397	33
606	1930	2956	33
607	1930	2956	33
608	1930	2956	33
609	1933	2129	33
610	1933	2155	33
611	1934	3221	33
612	1943	2129	33
613	1950	2303	33
614	1953	2647	33
615	1964	2370	30
616	1983	3112	33
617	2001	2538	30
618	2046	3014	33
619	2048	2729	33
620	2049	2719	33
621	2057	2417	33
622	2057	2719	33
623	2075	2258	66
624	2075	2417	66
625	2075	2494	66
626	2075	2494	66
627	2114	2312	33
628	2139	2578	33
629	2174	2365	66
630	2185	2478	66
631	2185	2498	66
632	2212	2538	30
633	2220	2437	33
634	2221	2510	30
635	2224	2498	33
636	2247	2621	66
637	2251	2941	50
638	2255	2567	30
639	2256	2481	66
640	2296	2942	33
641	2311	2942	50
642	2330	2529	66
643	2330	2658	66
644	2345	2539	66
645	2364	3539	33
646	2389	3817	66
647	2390	2749	33
648	2401	2698	40
649	2405	2683	33
650	2412	2885	33
651	2462	3058	33
652	2470	3071	66
653	2470	3071	66
654	2471	2716	66
655	2476	2800	33
656	2476	3440	33
657	2482	2733	33
658	2494	3606	66
659	2518	2735	33
660	2521	3677	66
661	2530	2808	33
662	2533	2780	30
663	2534	2899	30
664	2547	2741	33
665	2548	3598	66
666	2553	2964	50
667	2571	2885	30
668	2581	2840	33
669	2641	3448	66
670	2644	3449	66
671	2650	3448	66
672	2651	3448	66
673	2653	3449	66
674	2680	3444	66
675	2680	3444	66
676	2682	3445	66
677	2684	3444	66
678	2691	2898	50
679	2723	2909	25
680	2750	2960	66
681	2787	2969	33
682	2787	2974	33
683	2787	2981	33
684	2788	2969	33
685	2790	2980	33
686	2791	2981	33
687	2822	3025	66
688	2833	3047	66
689	2870	3059	25
690	2880	3352	66
691	2883	3352	66
692	2883	3352	66
693	2900	3214	30
694	2920	3337	33
695	2925	3240	33
696	2926	3187	25
697	2926	3337	33
698	2937	3345	33
699	2948	3337	33
700	2954	3233	33
701	2956	3354	66
702	2977	3273	33
703	2981	3858	33
704	2998	3189	66
705	2999	3511	33
706	3003	3427	33
707	3003	3427	33
708	3003	3427	33
709	3004	3734	33
710	3004	3873	33
711	3004	4328	33
712	3008	3213	33
713	3008	3876	33
714	3008	4078	33
715	3010	4021	33
716	3030	3215	33
717	3048	3479	33
718	3049	4030	33
719	3095	3779	33
720	3118	4381	33
721	3127	3332	33
722	3136	3368	50
723	3152	4322	66
724	3211	3521	66
725	3211	3527	66
726	3211	3711	33
727	3221	3436	30
728	3250	3733	33
729	3258	3629	66
730	3302	3577	33
731	3303	3616	30
732	3361	3590	66
733	3366	3720	66
734	3397	3648	66
735	3397	3648	66
736	3425	3905	33
737	3427	4433	33
738	3453	4036	33
739	3513	3906	33
740	3517	3826	30
741	3537	3857	66
742	3544	4625	33
743	3601	3801	66
744	3607	3890	66
745	3661	4502	50
746	3670	3882	25
747	3677	3882	25
748	3721	4244	66
749	3730	4813	33
750	3770	5056	33
751	3775	4034	33
752	3797	3978	33
753	3848	4253	66
754	3849	4034	33
755	3872	4122	33
756	3873	4381	33
757	3880	4522	33
758	3890	4501	33
759	3891	4765	33
760	3893	4974	66
761	3898	5030	66
762	3915	4816	33
763	3915	4822	33
764	3917	4502	33
765	3917	4811	33
766	3924	4322	33
767	3924	4328	33
768	3925	4321	33
769	3928	4868	33
770	3930	4809	33
771	3972	4345	33
772	3975	4987	33
773	3975	5121	66
774	3990	4998	33
775	4010	5449	33
776	4010	5449	33
777	4010	5449	33
778	4031	4422	33
779	4044	4291	33
780	4045	4748	33
781	4070	4270	33
782	4090	5488	33
783	4090	5488	33
784	4090	5488	33
785	4091	5434	66
786	4092	4291	33
787	4095	4313	33
788	4135	5057	33
789	4209	5034	66
790	4249	5199	33
791	4251	4927	33
792	4297	5311	33
793	4335	4762	33
794	4344	4672	66
795	4344	4673	66
796	4344	4673	66
797	4381	4773	66
798	4381	4774	66
799	4381	4774	66
800	4457	4746	66
801	4458	4814	33
802	4458	4814	33
803	4460	4681	33
804	4460	4817	33
805	4502	5726	33
806	4536	4996	33
807	4545	5238	33
808	4561	4751	66
809	4652	5312	33
810	4707	5122	33
811	4721	4922	33
812	4721	5046	33
813	4721	5088	33
814	4721	5161	33
815	4736	5234	33
816	4741	5041	33
817	4742	5371	25
818	4746	5908	33
819	4750	4998	33
820	4806	5115	30
821	4811	6197	33
822	4814	5118	30
823	4831	5038	33
824	4836	5028	66
825	4838	5049	66
826	4879	5793	66
827	4888	5069	66
828	4904	5388	33
829	4904	5388	33
830	4927	5680	25
831	5058	5320	25
832	5089	5339	66
833	5089	5339	66
834	5089	5339	66
835	5089	5339	66
836	5090	5339	66
837	5090	5339	66
838	5090	5340	66
839	5098	5339	66
840	5099	5340	66
841	5101	5291	33
842	5101	5291	33
843	5103	5340	66
844	5103	5340	66
845	5103	5340	66
846	5103	5340	66
847	5119	5340	66
848	5119	5340	66
849	5127	5391	66
850	5127	5391	66
851	5127	5392	66
852	5133	5334	66
853	5133	5334	66
854	5133	5334	66
855	5135	5333	66
856	5136	5334	66
857	5146	5873	33
858	5148	5334	66
859	5195	5506	30
860	5233	5470	33
861	5253	5462	33
862	5281	5471	33
863	5299	5524	33
864	5299	5844	33
865	5299	6195	33
866	5302	5529	33
867	5304	5968	33
868	5304	6197	33
869	5305	5886	33
870	5305	6380	33
871	5305	6485	33
872	5346	6208	33
873	5358	6406	33
874	5387	5734	33
875	5394	5716	33
876	5395	5983	33
877	5395	5988	33
878	5401	5648	66
879	5401	5648	66
880	5420	5732	30
881	5422	5730	30
882	5446	5876	33
883	5447	5656	33
884	5452	5915	33
885	5452	6365	33
886	5464	5775	30
887	5479	6080	33
888	5514	6875	33
889	5516	5769	33
890	5516	5822	33
891	5516	5954	33
892	5516	6393	33
893	5516	6573	33
894	5516	6683	33
895	5516	6683	33
896	5516	6922	33
897	5520	6731	33
898	5520	6956	33
899	5520	6956	33
900	5520	6956	33
901	5520	6956	33
902	5520	6956	33
903	5520	6956	33
904	5520	6956	33
905	5520	6956	33
906	5520	6956	33
907	5520	6956	33
908	5520	6956	33
909	5520	6956	33
910	5520	6956	33
911	5520	6957	33
912	5520	6957	33
913	5520	6957	33
914	5520	6957	33
915	5520	6957	33
916	5526	6957	33
917	5529	5754	61
918	5552	5765	33
919	5552	5802	33
920	5552	5802	33
921	5553	5802	33
922	5553	5802	33
923	5553	5802	33
924	5553	5802	33
925	5553	5802	33
926	5554	5802	33
927	5554	5802	33
928	5554	5802	33
929	5554	5802	33
930	5554	5802	33
931	5554	5802	33
932	5554	5802	33
933	5554	5802	33
934	5554	5802	33
935	5554	5802	33
936	5554	5802	33
937	5554	5802	33
938	5554	5802	33
939	5554	5802	33
940	5554	5802	33
941	5554	5802	33
942	5554	5802	33
943	5554	5802	33
944	5554	5802	33
945	5554	5802	33
946	5555	5802	33
947	5555	5802	33
948	5556	5802	33
949	5556	5804	33
950	5557	5804	33
951	5558	5802	33
952	5558	5802	33
953	5558	5802	33
954	5558	5802	33
955	5558	5802	33
956	5558	5802	33
957	5558	5802	33
958	5558	5802	33
959	5558	5802	33
960	5558	5804	33
961	5558	5804	33
962	5558	5804	33
963	5558	5804	33
964	5559	5802	33
965	5559	5802	33
966	5559	5802	33
967	5559	5802	33
968	5559	5802	33
969	5559	5802	33
970	5559	5802	33
971	5559	5804	33
972	5559	5804	33
973	5559	5805	33
974	5559	5805	33
975	5559	5805	33
976	5559	5805	33
977	5563	5802	33
978	5563	5802	33
979	5563	5802	33
980	5563	5802	33
981	5563	5802	33
982	5566	5802	33
983	5566	5802	33
984	5572	5758	33
985	5594	5801	66
986	5594	5801	66
987	5594	5801	66
988	5594	5801	66
989	5594	5801	66
990	5600	5801	66
991	5600	5818	25
992	5603	5802	33
993	5603	5802	33
994	5608	5801	66
995	5611	5802	66
996	5612	5802	33
997	5616	5801	66
998	5618	5801	66
999	5641	6047	66
1000	5708	6946	33
1001	5723	6065	30
1002	5731	6475	66
1003	5732	6476	66
1004	5734	6475	66
1005	5744	6475	66
1006	5744	6475	66
1007	5763	6064	33
1008	5771	6153	33
1009	5777	6476	66
1010	5777	6476	66
1011	5777	6476	66
1012	5853	6552	33
1013	5881	6210	33
1014	5881	6210	33
1015	5881	6410	33
1016	5882	7142	66
1017	5884	6279	66
1018	5884	6279	66
1019	5886	6279	66
1020	5889	6280	66
1021	5895	6316	33
1022	5895	7153	33
1023	5895	7153	33
1024	5896	6368	33
1025	5896	6604	33
1026	5897	6884	66
1027	5897	7178	33
1028	5898	6280	66
1029	5902	6279	66
1030	5909	6280	66
1031	5911	6278	66
1032	5911	6278	66
1033	5911	6278	66
1034	5911	6278	66
1035	5911	6278	66
1036	5925	6278	66
1037	5926	6278	66
1038	5926	6278	66
1039	5933	6279	66
1040	5935	6280	66
1041	5941	6158	25
1042	5994	6520	33
1043	6009	6194	50
1044	6015	6371	25
1045	6022	6333	30
1046	6034	6621	50
1047	6050	6872	33
1048	6082	6460	50
1049	6108	6381	66
1050	6138	6447	66
1051	6165	6466	33
1052	6196	6946	33
1053	6271	6576	33
1054	6291	7072	33
1055	6291	7072	33
1056	6296	6634	33
1057	6296	6634	33
1058	6329	7158	33
1059	6330	6602	33
1060	6331	6543	33
1061	6331	6622	33
1062	6331	6683	33
1063	6336	6649	33
1064	6336	7151	33
1065	6350	6641	33
1066	6351	7169	33
1067	6352	7791	33
1068	6353	7791	33
1069	6353	7791	33
1070	6353	7791	33
1071	6353	7791	33
1072	6353	7791	33
1073	6353	7791	33
1074	6358	7112	33
1075	6362	6788	33
1076	6363	6906	33
1077	6371	6727	33
1078	6382	6570	66
1079	6404	6739	33
1080	6406	7170	33
1081	6407	7055	30
1082	6414	6639	33
1083	6422	7383	30
1084	6424	7744	66
1085	6431	7621	33
1086	6438	6790	33
1087	6441	6922	33
1088	6441	7158	33
1089	6441	7158	33
1090	6441	7174	33
1091	6443	6725	66
1092	6443	7882	33
1093	6443	7882	33
1094	6443	7882	33
1095	6443	7882	33
1096	6443	7882	33
1097	6443	7882	33
1098	6445	7882	33
1099	6445	7882	33
1100	6445	7882	33
1101	6445	7882	33
1102	6446	7175	33
1103	6446	7882	33
1104	6446	7882	33
1105	6446	7882	33
1106	6446	7882	33
1107	6446	7882	33
1108	6447	6918	33
1109	6447	6923	33
1110	6447	7882	33
1111	6473	6802	33
1112	6475	6961	33
1113	6476	6918	33
1114	6476	6918	33
1115	6476	6922	33
1116	6477	6922	33
1117	6481	6742	33
1118	6481	6916	33
1119	6481	6922	33
1120	6481	6922	33
1121	6481	6922	33
1122	6482	7255	25
1123	6485	6932	33
1124	6485	7882	33
1125	6487	6675	33
1126	6490	7221	33
1127	6511	7483	33
1128	6520	7261	33
1129	6541	6769	66
1130	6544	6858	30
1131	6548	7015	33
1132	6551	6757	33
1133	6552	7002	66
1134	6567	6787	33
1135	6604	7237	33
1136	6656	6875	66
1137	6666	6968	66
1138	6668	6967	66
1139	6668	6968	66
1140	6668	6982	66
1141	6671	7094	33
1142	6679	6982	66
1143	6679	6982	66
1144	6686	7680	33
1145	6688	6983	66
1146	6694	6983	66
1147	6705	7440	33
1148	6709	7897	66
1149	6711	6916	33
1150	6712	6982	66
1151	6712	6982	66
1152	6712	6982	66
1153	6718	6983	66
1154	6728	6965	66
1155	6731	6965	66
1156	6734	6964	66
1157	6741	6961	33
1158	6744	6964	66
1159	6755	6965	66
1160	6755	6965	66
1161	6755	6965	66
1162	6755	6965	66
1163	6755	6965	66
1164	6756	6968	33
1165	6756	7100	33
1166	6761	7160	33
1167	6762	7360	33
1168	6765	6985	66
1169	6765	6985	66
1170	6765	6985	66
1171	6765	6986	66
1172	6766	6985	66
1173	6768	7481	66
1174	6770	7330	33
1175	6776	6986	66
1176	6782	6985	66
1177	6782	6986	66
1178	6791	7402	30
1179	6801	7722	66
1180	6845	7365	33
1181	6846	7512	33
1182	6855	7261	33
1183	6857	7554	66
1184	6865	7130	33
1185	6873	7420	33
1186	6887	7101	33
1187	6898	7328	33
1188	6916	7216	66
1189	6918	7930	33
1190	6922	7406	33
1191	6961	7141	66
1192	6970	7285	66
1193	7025	7217	30
1194	7037	7417	25
1195	7046	7597	66
1196	7088	7930	33
1197	7111	7342	33
1198	7114	7347	33
1199	7123	7306	33
1200	7155	7572	66
1201	7159	7349	33
1202	7161	7560	33
1203	7165	7346	33
1204	7185	7450	33
1205	7231	7694	66
1206	7254	7770	33
1207	7278	7503	33
1208	7281	7511	33
1209	7287	8213	66
1210	7322	8581	66
1211	7332	7793	33
1212	7336	7934	33
1213	7345	8095	33
1214	7351	7552	66
1215	7386	8170	33
1216	7391	7609	30
1217	7413	8673	66
1218	7439	7966	30
1219	7500	8654	66
1220	7539	8060	25
1221	7608	7834	66
1222	7620	7823	66
1223	7650	7884	33
1224	7658	7968	33
1225	7658	7983	66
1226	7682	7897	33
1227	7683	8140	30
1228	7693	7908	33
1229	7709	9001	30
1230	7720	8059	25
1231	7736	8065	50
1232	7737	8138	33
1233	7764	8277	33
1234	7802	8916	33
1235	7814	8060	50
1236	7855	8229	40
1237	7862	8702	50
1238	7865	8945	33
1239	7891	8821	66
1240	7903	8371	33
1241	7922	8385	66
1242	7922	8385	66
1243	7922	8386	66
1244	7923	8664	25
1245	7923	9006	66
1246	7988	8651	33
1247	8037	8479	66
1248	8097	8359	33
1249	8099	8720	50
1250	8108	8620	33
1251	8114	8944	33
1252	8129	8712	66
1253	8166	8477	30
1254	8180	8490	30
1255	8205	8854	33
1256	8215	8628	33
1257	8248	8854	33
1258	8252	8830	66
1259	8266	8941	30
1260	8266	8941	30
1261	8267	8593	33
1262	8281	8591	33
1263	8351	8691	66
1264	8386	8685	30
1265	8401	8626	33
1266	8401	8691	66
1267	8411	8591	33
1268	8456	8691	66
1269	8466	8775	30
1270	8514	8704	33
1271	8516	8757	33
1272	8516	8948	33
1273	8516	9443	33
1274	8516	9555	33
1275	8517	8944	33
1276	8517	8984	33
1277	8518	8769	33
1278	8518	9555	33
1279	8521	8952	33
1280	8522	8963	33
1281	8522	8985	33
1282	8527	8750	33
1283	8527	8757	33
1284	8530	8714	33
1285	8553	8854	30
1286	8558	9034	30
1287	8596	8791	50
1288	8632	8908	66
1289	8641	8837	33
1290	8641	8881	33
1291	8648	8834	33
1292	8694	9080	66
1293	8757	9850	33
1294	8762	10020	66
1295	8779	9174	33
1296	8779	9203	33
1297	8779	9203	33
1298	8852	10114	66
1299	8852	10115	33
1300	8857	9568	33
1301	8886	9966	33
1302	9054	9241	33
1303	9098	9405	30
1304	9116	9350	66
1305	9139	9403	33
1306	9149	9569	30
1307	9149	9569	30
1308	9152	9742	33
1309	9157	9466	30
1310	9170	9589	30
1311	9177	9601	66
1312	9197	9458	66
1313	9205	9650	40
1314	9219	9432	33
1315	9221	9554	33
1316	9223	9558	33
1317	9223	9558	33
1318	9229	9419	33
1319	9229	9431	33
1320	9230	9545	33
1321	9241	9909	33
1322	9250	9692	33
1323	9268	10352	66
1324	9269	10079	33
1325	9278	9669	33
1326	9284	9472	33
1327	9292	9626	33
1328	9301	9515	66
1329	9303	10631	33
1330	9303	10631	33
1331	9364	10264	66
1332	9377	9721	33
1333	9377	9721	33
1334	9387	10414	33
1335	9421	10260	66
1336	9445	10208	33
1337	9451	9656	66
1338	9455	10040	33
1339	9466	9721	33
1340	9466	10291	25
1341	9488	9708	50
1342	9493	9778	33
1343	9502	9811	30
1344	9503	9849	66
1345	9520	9755	66
1346	9544	9823	66
1347	9545	9815	66
1348	9568	10727	66
1349	9571	9851	66
1350	9574	9846	66
1351	9576	9843	66
1352	9576	9850	66
1353	9649	10704	66
1354	9656	9908	33
1355	9656	10755	33
1356	9665	10080	33
1357	9676	10873	33
1358	9688	10334	66
1359	9688	10334	66
1360	9688	10336	66
1361	9707	10844	66
1362	9731	10405	33
1363	9741	10088	66
1364	9742	10023	33
1365	9755	10008	30
1366	9809	10109	66
1367	9815	10013	33
1368	9816	10013	33
1369	9829	10820	33
1370	9832	10033	33
1371	9855	10088	66
1372	9871	10076	66
1373	9894	10088	66
1374	9964	10203	33
1375	9977	10253	33
1376	9977	10259	33
1377	9977	10259	33
1378	9977	10322	33
1379	9977	10328	33
1380	9977	10328	33
1381	9978	10280	33
1382	9979	10269	33
1383	9979	10269	33
1384	9979	10403	33
1385	9990	10210	66
1386	9991	10271	66
1387	10006	10392	33
1388	10011	10234	66
1389	10037	10280	33
1390	10038	10280	33
1391	10072	10287	33
1392	10095	10340	66
1393	10095	10343	66
1394	10095	10345	66
1395	10095	10345	66
1396	10095	10372	66
1397	10137	10318	33
1398	10157	10797	66
1399	10192	10667	33
1400	10201	10458	50
1401	10201	10667	33
1402	10202	10667	33
1403	10231	10619	33
1404	10253	10562	30
1405	10260	10446	33
1406	10261	10495	25
1407	10262	10522	33
1408	10280	10582	33
1409	10286	10582	33
1410	10303	10940	50
1411	10329	10543	66
1412	10338	10612	33
1413	10383	10789	66
1414	10409	10889	33
1415	10447	10757	30
1416	10448	10686	66
1417	10451	10689	33
1418	10455	11018	30
1419	10684	11659	33
1420	10693	11365	33
1421	10693	11373	33
1422	10698	10967	66
1423	10701	11647	33
1424	10709	11170	33
1425	10744	11945	66
1426	10801	11199	66
1427	10801	11199	66
1428	10801	11199	66
1429	10801	11200	66
1430	10803	11544	25
1431	10803	11826	66
1432	10816	11850	33
1433	10836	11551	33
1434	10856	11071	33
1435	10866	11177	30
1436	10871	11352	33
1437	10874	11552	33
1438	10876	11165	33
1439	10881	11087	50
1440	10888	11613	66
1441	10892	11154	66
1442	10922	11191	33
1443	10925	11151	66
1444	10926	11510	33
1445	10931	11191	33
1446	10943	11282	66
1447	10952	11462	33
1448	10957	11232	33
1449	10975	12176	66
1450	10982	11583	66
1451	10983	11434	33
1452	10988	11213	66
1453	10992	11228	66
1454	10998	11189	33
1455	11011	11233	66
1456	11062	11408	66
1457	11069	11636	66
1458	11077	11689	33
1459	11079	12413	66
1460	11082	12151	66
1461	11084	11323	33
1462	11086	11391	33
1463	11096	12380	25
1464	11099	11519	66
1465	11127	11367	33
1466	11127	11407	66
1467	11129	11407	66
1468	11129	11636	66
1469	11139	12318	66
1470	11175	11848	33
1471	11178	11669	33
1472	11181	11370	33
1473	11181	11380	33
1474	11182	11366	33
1475	11182	11366	33
1476	11194	11597	66
1477	11226	11536	33
1478	11243	11440	66
1479	11258	12385	33
1480	11262	11442	33
1481	11285	11940	33
1482	11286	11469	66
1483	11290	11686	33
1484	11290	11686	33
1485	11367	11565	50
1486	11387	11869	33
1487	11387	11896	33
1488	11388	11869	33
1489	11391	11896	33
1490	11392	11864	33
1491	11401	12788	33
1492	11409	11855	33
1493	11440	11974	66
1494	11461	12520	33
1495	11507	11864	33
1496	11507	11864	33
1497	11507	11876	33
1498	11507	12339	33
1499	11507	12339	33
1500	11507	12341	33
1501	11540	11732	25
1502	11561	11980	33
1503	11576	11980	33
1504	11581	12121	66
1505	11596	11987	33
1506	11620	12091	33
1507	11636	11839	33
1508	11642	11824	33
1509	11646	11870	33
1510	11657	11875	66
1511	11692	12412	33
1512	11692	12475	33
1513	11749	12631	26
1514	11835	12730	66
1515	11909	12165	33
1516	11941	12148	66
1517	11946	12220	33
1518	11949	12131	33
1519	11958	12146	66
1520	12011	12435	33
1521	12044	12375	33
1522	12070	12361	33
1523	12132	12687	33
1524	12136	12806	33
1525	12137	12501	33
1526	12137	12870	33
1527	12181	12374	33
1528	12185	12525	33
1529	12186	13265	33
1530	12241	12739	66
1531	12241	12739	66
1532	12254	13130	33
1533	12267	12570	33
1534	12273	13022	33
1535	12279	12535	33
1536	12285	12604	66
1537	12315	13313	33
1538	12324	12675	33
1539	12324	12676	33
1540	12325	12675	33
1541	12325	12675	33
1542	12325	12675	33
1543	12325	12675	33
1544	12325	12675	33
1545	12325	12675	33
1546	12325	12677	33
1547	12325	12677	33
1548	12326	12675	33
1549	12326	12675	33
1550	12326	12675	33
1551	12327	12646	66
1552	12354	12540	66
1553	12359	12593	33
1554	12359	12841	33
1555	12365	12839	66
1556	12372	12556	66
1557	12376	12990	33
1558	12384	12623	33
1559	12395	12601	66
1560	12411	13321	30
1561	12424	13660	33
1562	12425	13660	33
1563	12425	13660	33
1564	12467	12731	33
1565	12487	12724	66
1566	12487	12838	66
1567	12495	12688	33
1568	12496	12982	33
1569	12497	12722	25
1570	12502	12743	33
1571	12572	13359	33
1572	12572	13411	33
1573	12580	12764	33
1574	12580	12768	33
1575	12580	12781	33
1576	12580	12781	33
1577	12581	12769	33
1578	12581	12770	33
1579	12581	12772	33
1580	12581	12781	33
1581	12582	12770	33
1582	12582	12770	33
1583	12601	12888	33
1584	12601	12921	66
1585	12601	12921	66
1586	12601	12921	66
1587	12607	12963	33
1588	12617	13211	66
1589	12644	12932	33
1590	12650	12976	33
1591	12669	12949	33
1592	12680	12929	33
1593	12693	12986	66
1594	12730	12961	33
1595	12848	13487	66
1596	12856	13071	66
1597	12868	13078	33
1598	12931	13324	33
1599	12976	13314	25
1600	12977	13314	25
1601	12998	13356	66
1602	13022	13418	33
1603	13081	13339	33
1604	13081	13570	33
1605	13095	13319	33
1606	13129	13831	33
1607	13145	13641	66
1608	13145	13641	66
1609	13286	13666	30
1610	13371	13669	66
1611	13386	14222	66
1612	13561	13779	66
1613	13562	14885	33
1614	13565	14828	66
1615	13613	14231	33
1616	13681	14160	66
1617	13709	14250	33
1618	13720	14068	33
1619	13744	13927	33
1620	13744	13927	33
1621	13759	14266	33
1622	13769	14058	66
1623	13769	14058	66
1624	13801	14007	66
1625	13811	14032	33
1626	13817	13998	25
1627	13851	14365	33
1628	13876	14215	33
1629	13881	14365	33
1630	13904	15149	66
1631	14022	14782	33
1632	14041	14236	66
1633	14041	14236	66
1634	14052	14359	33
1635	14059	15261	66
1636	14136	15255	33
1637	14206	14868	33
1638	14233	14521	33
1639	14523	14730	50
1640	14561	15434	30
1641	14586	15100	25
1642	14594	15398	33
1643	14626	15010	66
1644	14701	14926	33
1645	14702	15218	66
1646	14728	15011	33
1647	14761	15109	66
1648	14826	15086	33
1649	14848	16036	33
1650	14924	15439	66
1651	14946	15545	33
1652	15033	15218	33
1653	15121	15869	66
1654	15121	15869	66
1655	15128	16522	33
1656	15139	15525	66
1657	15177	16093	33
1658	15241	15421	66
1659	15317	15625	30
1660	15373	16181	33
1661	15388	15576	33
1662	15424	16160	33
1663	15495	15926	66
1664	15530	15763	66
1665	15555	15830	66
1666	15579	15787	33
1667	15580	15869	33
1668	15581	15771	33
1669	15596	16514	66
1670	15607	15970	66
1671	15649	16581	30
1672	15662	15895	66
1673	15669	16128	33
1674	15717	16109	66
1675	15871	16112	33
1676	15917	16354	33
1677	15917	16354	33
1678	15917	16354	33
1679	15991	16309	33
1680	16021	16218	66
1681	16025	16454	33
1682	16026	16469	33
1683	16070	16295	30
1684	16082	16483	33
1685	16087	16541	66
1686	16090	16540	33
1687	16131	16545	33
1688	16163	16475	33
1689	16190	16847	30
1690	16213	16518	33
1691	16214	16984	33
1692	16221	17161	33
1693	16221	17241	33
1694	16264	16880	33
1695	16268	16921	66
1696	16276	16710	25
1697	16276	16798	25
1698	16307	16489	33
1699	16309	16492	33
1700	16309	16492	33
1701	16309	16492	33
1702	16312	16884	33
1703	16326	17740	66
1704	16326	17740	66
1705	16336	16701	50
1706	16357	16885	33
1707	16442	16651	33
1708	16443	16834	66
1709	16448	16799	33
1710	16448	16799	33
1711	16454	16799	33
1712	16464	17361	33
1713	16464	17543	33
1714	16464	17660	33
1715	16486	16791	66
1716	16497	17526	33
1717	16506	16722	66
1718	16551	17311	33
1719	16559	16789	33
1720	16566	16931	33
1721	16571	17106	66
1722	16573	16761	33
1723	16584	16791	25
1724	16611	17008	33
1725	16616	17832	33
1726	16620	17340	50
1727	16623	16813	33
1728	16623	17832	33
1729	16627	17172	33
1730	16633	16830	33
1731	16633	16860	33
1732	16633	16980	33
1733	16672	17325	66
1734	16745	17275	33
1735	16768	17007	25
1736	16780	17022	33
1737	16781	17836	33
1738	16788	17593	66
1739	16798	17280	33
1740	16805	17155	66
1741	16830	17075	33
1742	16840	18016	66
1743	16843	17217	33
1744	16854	17122	66
1745	16875	17270	33
1746	16884	17809	66
1747	16921	17155	66
1748	16927	17155	66
1749	16958	17412	33
1750	16983	17341	50
1751	16992	17240	33
1752	16996	17895	66
1753	16997	17183	66
1754	16998	17872	33
1755	17024	17344	66
1756	17043	17223	66
1757	17170	17769	33
1758	17174	17439	50
1759	17232	17418	66
1760	17234	17497	33
1761	17251	17687	33
1762	17296	17497	33
1763	17296	17931	66
1764	17296	18140	25
1765	17299	18476	33
1766	17334	17685	50
1767	17341	17881	66
1768	17350	17569	66
1769	17370	18001	33
1770	17396	17628	33
1771	17407	17778	33
1772	17433	17796	33
1773	17446	17747	66
1774	17526	18607	33
1775	17597	18171	33
1776	17599	18163	33
1777	17607	18167	33
1778	17611	17871	66
1779	17611	18137	66
1780	17619	18016	33
1781	17641	17852	66
1782	17644	18181	33
1783	17661	18704	33
1784	17661	18959	33
1785	17688	17988	66
1786	17775	17973	66
1787	17790	18140	50
1788	17837	18173	33
1789	17848	18184	33
1790	17858	18205	66
1791	17883	18796	25
1792	17893	18926	33
1793	17906	18654	33
1794	17941	18178	66
1795	17942	18291	66
1796	17966	18227	33
1797	18002	18407	66
1798	18004	19205	66
1799	18018	18279	66
1800	18040	18251	33
1801	18048	18440	66
1802	18066	18522	33
1803	18066	18527	33
1804	18066	18664	33
1805	18071	18268	33
1806	18087	18659	66
1807	18088	18658	66
1808	18121	18338	33
1809	18121	18660	33
1810	18122	18310	66
1811	18184	18924	66
1812	18185	18429	33
1813	18185	18680	66
1814	18187	19098	33
1815	18187	19098	33
1816	18214	18429	33
1817	18221	18424	33
1818	18245	18500	33
1819	18245	18709	33
1820	18247	19423	66
1821	18249	18554	33
1822	18250	18558	33
1823	18255	18561	33
1824	18262	18864	33
1825	18270	18784	66
1826	18275	18662	33
1827	18279	18551	33
1828	18305	19230	66
1829	18317	18734	33
1830	18339	18986	30
1831	18344	18575	33
1832	18362	18556	66
1833	18367	18562	33
1834	18371	19377	33
1835	18375	18558	33
1836	18376	18568	33
1837	18417	18626	25
1838	18429	18903	25
1839	18451	18634	33
1840	18456	19589	33
1841	18457	19376	66
1842	18459	19433	66
1843	18459	19433	66
1844	18485	18929	66
1845	18486	18864	33
1846	18487	18903	66
1847	18566	18801	33
1848	18637	19021	33
1849	18664	18861	33
1850	18678	19376	33
1851	18725	18950	33
1852	18762	18962	25
1853	18790	19487	33
1854	18790	19487	33
1855	18790	19487	33
1856	18790	19487	33
1857	18796	19136	66
1858	18797	19136	66
1859	18835	19213	33
1860	18835	19213	33
1861	18842	20103	66
1862	18884	19101	66
1863	18901	19084	66
1864	18903	19093	33
1865	18911	19786	33
1866	18911	19800	33
1867	18935	19377	66
1868	18946	20160	33
1869	18946	20160	33
1870	18947	19154	66
1871	18947	19324	33
1872	18947	19806	33
1873	18947	19806	33
1874	18947	19807	33
1875	18947	19807	33
1876	18947	20160	33
1877	18947	20160	33
1878	18947	20160	33
1879	18947	20160	33
1880	18947	20160	33
1881	18947	20160	33
1882	18947	20160	33
1883	18947	20160	33
1884	18948	19147	33
1885	18948	19485	33
1886	18948	19592	33
1887	18948	19592	33
1888	18948	20160	33
1889	18952	19209	66
1890	18966	20048	33
1891	18969	19477	33
1892	19020	19248	66
1893	19030	20160	33
1894	19047	19362	33
1895	19051	19248	66
1896	19081	19816	66
1897	19091	19347	33
1898	19096	19367	66
1899	19102	20160	66
1900	19102	20160	66
1901	19107	20160	33
1902	19140	20160	33
1903	19140	20160	33
1904	19151	20160	33
1905	19159	19460	33
1906	19168	19811	33
1907	19169	20160	33
1908	19190	20160	33
1909	19194	20160	33
1910	19205	19749	33
1911	19212	19400	66
1912	19227	20146	33
1913	19253	19521	66
1914	19290	20160	66
1915	19294	20160	33
1916	19305	20160	33
1917	19332	20006	33
1918	19365	20160	30
1919	19380	19721	66
1920	19380	19843	66
1921	19381	20105	33
1922	19385	19790	33
1923	19385	20131	33
1924	19387	19790	33
1925	19427	19626	66
1926	19450	20121	33
1927	19459	20160	33
1928	19464	20160	33
1929	19470	20160	66
1930	19471	19661	66
1931	19500	19682	33
1932	19504	19986	66
1933	19513	19803	33
1934	19523	20160	33
1935	19524	19809	33
1936	19524	19809	33
1937	19524	20039	33
1938	19524	20160	33
1939	19524	20160	33
1940	19524	20160	33
1941	19524	20160	33
1942	19535	20160	33
1943	19548	19856	66
1944	19565	20160	33
1945	19603	20160	33
1946	19615	19879	66
1947	19615	20160	33
1948	19616	19808	33
1949	19622	20160	33
1950	19627	19807	33
1951	19627	19813	33
1952	19627	19814	33
1953	19643	20160	33
1954	19645	20160	33
1955	19655	19869	25
1956	19687	19943	33
1957	19697	20160	25
1958	19697	20160	25
1959	19702	20160	33
1960	19713	20160	66
1961	19724	20160	33
1962	19726	19936	66
1963	19729	20160	50
1964	19733	20160	66
1965	19765	20160	66
1966	19767	20160	25
1967	19786	20000	66
1968	19805	20097	66
1969	19805	20160	66
1970	19805	20160	66
1971	19807	20160	33
1972	19807	20160	33
1973	19808	20160	66
1974	19808	20160	66
1975	19809	20160	66
1976	19809	20160	66
1977	19809	20160	66
1978	19809	20160	66
1979	19809	20160	66
1980	19809	20160	66
1981	19809	20160	66
1982	19810	20160	66
1983	19810	20160	66
1984	19810	20160	66
1985	19810	20160	66
1986	19810	20160	66
1987	19810	20160	66
1988	19810	20160	66
1989	19810	20160	66
1990	19825	20160	30
1991	19847	20160	33
1992	19857	20160	33
1993	19861	20081	66
1994	19880	20160	66
1995	19910	20160	33
1996	19913	20160	33
1997	19922	20160	66
1998	19922	20160	66
1999	19957	20160	33
