2000	100	0	0
0	0	60	25
1	0	62	33
2	0	68	25
3	0	69	33
4	0	70	66
5	0	86	66
6	0	86	66
7	0	92	33
8	0	96	33
9	0	96	33
10	0	96	33
11	0	96	33
12	0	96	33
13	0	96	33
14	0	96	33
15	0	96	33
16	0	96	33
17	0	96	33
18	0	96	33
19	0	97	33
20	0	97	33
21	0	97	33
22	0	97	33
23	0	98	33
24	0	107	33
25	0	126	61
26	0	126	66
27	0	130	33
28	0	133	66
29	0	133	66
30	0	133	66
31	0	134	33
32	0	155	33
33	0	188	33
34	0	188	33
35	0	188	33
36	0	188	33
37	0	188	33
38	0	188	33
39	0	188	33
40	0	188	33
41	0	188	33
42	0	188	33
43	0	188	33
44	0	188	33
45	0	200	33
46	0	200	33
47	0	200	33
48	0	200	33
49	0	200	33
50	0	215	66
51	0	215	66
52	0	215	66
53	0	215	33
54	0	215	33
55	0	215	66
56	0	215	33
57	0	218	66
58	0	222	33
59	0	253	33
60	0	253	33
61	0	253	33
62	0	253	33
63	0	253	33
64	0	254	33
65	0	254	33
66	0	255	33
67	0	255	33
68	0	258	66
69	0	258	66
70	0	258	66
71	0	268	33
72	0	268	33
73	0	268	33
74	0	269	33
75	0	269	33
76	0	269	33
77	0	274	33
78	0	279	33
79	0	279	33
80	0	280	33
81	0	299	25
82	0	308	33
83	0	316	66
84	0	358	66
85	0	364	33
86	0	364	33
87	0	365	66
88	0	378	33
89	0	419	33
90	0	420	33
91	0	420	33
92	0	420	33
93	0	423	33
94	0	442	33
95	0	477	33
96	0	506	33
97	0	506	33
98	0	506	33
99	0	507	33
100	0	509	33
101	0	509	33
102	0	509	33
103	0	513	66
104	0	515	66
105	0	515	66
106	0	520	66
107	0	527	33
108	0	531	66
109	0	531	66
110	0	531	66
111	0	534	33
112	0	538	33
113	0	538	33
114	0	550	33
115	0	550	33
116	0	550	33
117	0	552	33
118	0	552	33
119	0	552	33
120	0	552	33
121	0	576	66
122	0	577	33
123	0	579	33
124	0	580	33
125	0	580	33
126	0	580	33
127	0	580	33
128	0	580	33
129	0	580	33
130	0	580	33
131	0	580	33
132	0	580	33
133	0	580	33
134	0	580	33
135	0	615	33
136	0	618	33
137	0	622	33
138	0	622	33
139	0	631	66
140	0	640	33
141	0	640	33
142	0	640	33
143	0	640	33
144	0	640	33
145	0	640	33
146	0	640	33
147	0	640	33
148	0	640	33
149	0	682	33
150	0	713	33
151	0	724	33
152	0	745	33
153	0	755	33
154	0	755	33
155	0	755	33
156	0	821	33
157	0	1007	33
158	0	1062	33
159	0	1088	33
160	0	1171	33
161	0	1173	33
162	0	1418	66
163	0	1418	66
164	65	157	66
165	73	860	25
166	92	165	66
167	102	180	66
168	109	372	33
169	118	878	33
170	121	878	33
171	125	516	66
172	127	516	66
173	128	198	66
174	130	516	66
175	135	196	66
176	137	210	66
177	137	626	66
178	162	922	66
179	180	396	66
180	181	250	66
181	183	299	66
182	214	318	66
183	216	486	66
184	217	366	33
185	241	316	66
186	241	379	66
187	249	408	33
188	249	408	33
189	261	668	33
190	261	1142	33
191	261	1382	33
192	267	1043	66
193	268	428	33
194	282	361	33
195	282	378	33
196	282	1142	33
197	284	1158	33
198	301	369	66
199	301	1021	33
200	303	372	66
201	341	416	66
202	377	526	33
203	377	1156	33
204	377	1157	33
205	377	1158	33
206	378	1157	33
207	387	885	66
208	391	476	66
209	415	496	33
210	415	614	33
211	415	614	33
212	415	775	33
213	415	1220	33
214	417	482	33
215	417	900	33
216	419	1158	33
217	421	514	33
218	447	1158	33
219	451	900	33
220	455	583	66
221	458	841	33
222	460	591	33
223	481	590	33
224	496	556	66
225	524	645	66
226	538	1161	33
227	538	1375	33
228	572	1141	33
229	572	1944	33
230	587	677	33
231	590	668	66
232	590	1058	66
233	600	702	33
234	609	1581	33
235	614	1157	33
236	614	1157	33
237	615	1158	33
238	615	1158	33
239	661	726	33
240	661	726	33
241	661	736	33
242	661	745	66
243	662	782	33
244	673	778	33
245	701	776	33
246	718	814	66
247	722	841	33
248	751	879	66
249	756	1207	66
250	764	1064	33
251	772	1404	33
252	786	1206	66
253	808	1785	33
254	817	944	33
255	817	949	33
256	818	1901	33
257	819	1901	33
258	855	985	66
259	855	1026	66
260	855	1498	66
261	856	1001	66
262	856	1001	66
263	857	939	33
264	857	1027	66
265	863	1001	66
266	899	985	66
267	899	1300	66
268	905	1026	66
269	905	1048	66
270	937	1396	33
271	952	1052	33
272	957	1058	33
273	958	1031	33
274	967	1933	33
275	971	1069	33
276	976	1050	66
277	987	1141	33
278	1006	1084	33
279	1022	1120	33
280	1036	1120	66
281	1050	2305	66
282	1051	1252	66
283	1071	2070	66
284	1075	1152	33
285	1081	1200	33
286	1127	1208	66
287	1134	1329	66
288	1141	1514	25
289	1142	1220	33
290	1151	1240	66
291	1151	1332	66
292	1152	1528	33
293	1156	1225	33
294	1156	1247	33
295	1156	1257	33
296	1156	1269	33
297	1156	1508	33
298	1159	1257	33
299	1170	1246	66
300	1177	1905	33
301	1179	1901	33
302	1182	1279	33
303	1183	1251	66
304	1201	1269	66
305	1217	1309	33
306	1219	2041	66
307	1222	1894	66
308	1222	1998	66
309	1222	2377	66
310	1250	1648	66
311	1260	1355	66
312	1265	1401	33
313	1267	1468	33
314	1291	1381	33
315	1297	2108	33
316	1299	1371	33
317	1299	1463	33
318	1299	1473	33
319	1299	1518	33
320	1299	2159	33
321	1311	1449	50
322	1312	2270	66
323	1320	1396	33
324	1320	1396	33
325	1322	2060	66
326	1322	2060	66
327	1322	2063	66
328	1327	2270	66
329	1342	2270	66
330	1343	1482	66
331	1353	2064	66
332	1382	1466	66
333	1382	1783	33
334	1402	1481	66
335	1426	1593	33
336	1453	2119	33
337	1502	1562	50
338	1505	1730	33
339	1519	2035	66
340	1532	1629	33
341	1561	1630	33
342	1561	1644	66
343	1561	1662	66
344	1561	1718	33
345	1562	1740	33
346	1591	2041	66
347	1593	1655	50
348	1593	1730	33
349	1614	1674	33
350	1625	1721	66
351	1636	2000	33
352	1636	2023	33
353	1641	1716	33
354	1645	1799	33
355	1650	1740	33
356	1653	1765	66
357	1658	1829	66
358	1661	1738	33
359	1679	1739	33
360	1681	1947	66
361	1684	1982	33
362	1693	1798	33
363	1709	2481	33
364	1730	2550	33
365	1738	1926	33
366	1743	1858	66
367	1745	1851	66
368	1765	1837	33
369	1766	1826	33
370	1766	1841	33
371	1775	1837	33
372	1797	2061	33
373	1800	1887	50
374	1806	3207	66
375	1808	1908	33
376	1817	2390	33
377	1817	2797	33
378	1818	1940	33
379	1827	1932	33
380	1855	2129	33
381	1863	2366	33
382	1864	1936	66
383	1865	2037	66
384	1867	1938	33
385	1876	1940	33
386	1878	1945	33
387	1890	2005	66
388	1892	2036	33
389	1901	1967	33
390	1919	2640	33
391	1921	2062	33
392	1933	2015	33
393	1933	2066	33
394	1936	2069	25
395	1937	2030	33
396	1937	2046	33
397	1943	2056	33
398	1946	2016	33
399	1957	2048	33
400	1982	2221	33
401	1985	2073	66
402	1987	2073	66
403	1989	3042	40
404	1992	2059	33
405	1998	2103	33
406	1999	2074	25
407	2011	2087	33
408	2012	2100	66
409	2040	2112	33
410	2042	2146	33
411	2046	3056	33
412	2056	2155	25
413	2058	3065	33
414	2080	2823	66
415	2101	2596	33
416	2151	2230	33
417	2151	2236	33
418	2153	2236	33
419	2160	2254	50
420	2185	2734	66
421	2189	2384	66
422	2191	2276	33
423	2221	3060	66
424	2226	2340	33
425	2261	2340	33
426	2288	2410	66
427	2296	2460	33
428	2316	2431	33
429	2316	2504	33
430	2318	2394	33
431	2321	2394	33
432	2322	2404	33
433	2330	2410	66
434	2344	2449	33
435	2356	2448	33
436	2380	2458	25
437	2391	2498	33
438	2405	2747	33
439	2410	2704	33
440	2410	2866	33
441	2412	2507	33
442	2428	2545	33
443	2429	2495	33
444	2429	2504	33
445	2429	2508	33
446	2429	2597	33
447	2431	2787	25
448	2434	2533	33
449	2434	2533	33
450	2464	3779	33
451	2465	2562	33
452	2476	2931	33
453	2487	3143	33
454	2509	3908	33
455	2517	3856	33
456	2587	2752	66
457	2596	2689	66
458	2597	2790	50
459	2597	2814	33
460	2630	2838	33
461	2641	2939	33
462	2644	2742	33
463	2650	2770	33
464	2650	3449	66
465	2656	2768	25
466	2660	2753	33
467	2661	2732	33
468	2661	2740	33
469	2663	2742	33
470	2664	2740	33
471	2668	2744	33
472	2686	2790	33
473	2702	2812	25
474	2732	3142	66
475	2765	2868	66
476	2787	2950	33
477	2787	2950	33
478	2787	2981	33
479	2787	2984	33
480	2793	2940	33
481	2802	3195	33
482	2805	3432	66
483	2806	3195	33
484	2824	2917	33
485	2832	2894	33
486	2845	2942	66
487	2860	2981	33
488	2861	2947	33
489	2867	2954	66
490	2882	3060	66
491	2890	3196	30
492	2900	3069	33
493	2915	3227	30
494	2937	3337	33
495	2954	3233	33
496	2974	3264	66
497	2977	3062	33
498	2977	3075	33
499	2989	3574	33
500	2993	3133	33
501	2998	3781	66
502	2998	3860	66
503	3003	3427	33
504	3003	3427	33
505	3004	3113	33
506	3004	3121	33
507	3005	3107	33
508	3008	3658	33
509	3012	3078	66
510	3030	3096	33
511	3031	3101	33
512	3031	3101	33
513	3056	3116	50
514	3101	3162	33
515	3107	3247	33
516	3117	3303	33
517	3117	3308	33
518	3121	3253	33
519	3126	3241	33
520	3126	3258	33
521	3130	3303	33
522	3136	3227	33
523	3160	3262	33
524	3164	3745	50
525	3186	3255	25
526	3196	3428	50
527	3201	3712	33
528	3211	3343	66
529	3241	3428	66
530	3244	3849	33
531	3245	3428	66
532	3261	3878	33
533	3270	3332	33
534	3301	3430	33
535	3361	3436	66
536	3362	3438	66
537	3366	3427	33
538	3369	3448	33
539	3375	3467	33
540	3376	3443	33
541	3376	3448	33
542	3376	3465	33
543	3377	3448	33
544	3427	3526	33
545	3436	3504	66
546	3440	3688	66
547	3459	3552	33
548	3465	4036	33
549	3482	3558	33
550	3484	3663	33
551	3485	3579	33
552	3513	3906	33
553	3537	3859	66
554	3586	3677	33
555	3593	3901	30
556	3599	3681	33
557	3603	3668	33
558	3603	3723	33
559	3631	3801	66
560	3655	3864	66
561	3678	3743	33
562	3721	3811	33
563	3721	3900	25
564	3723	3798	33
565	3728	3795	66
566	3758	3850	66
567	3764	4186	33
568	3770	3857	33
569	3781	3845	33
570	3789	3854	33
571	3789	3909	33
572	3790	4163	33
573	3792	3955	33
574	3796	3858	66
575	3846	3944	33
576	3846	3944	33
577	3848	3951	66
578	3870	4308	33
579	3871	4522	33
580	3872	5127	33
581	3883	3963	33
582	3890	3978	33
583	3901	3989	33
584	3901	4027	66
585	3924	4031	33
586	3957	4828	33
587	3969	4804	33
588	3976	4079	66
589	3983	4575	33
590	3996	4095	33
591	4001	4090	66
592	4010	5449	33
593	4021	4099	33
594	4030	4114	66
595	4030	4412	33
596	4031	4114	66
597	4045	4108	66
598	4045	4146	33
599	4045	4809	33
600	4047	4146	33
601	4060	4234	33
602	4067	4227	66
603	4090	5488	33
604	4092	5488	33
605	4092	5488	33
606	4097	4184	66
607	4105	4181	33
608	4148	4433	50
609	4209	5034	66
610	4221	4565	66
611	4230	4565	66
612	4243	4307	66
613	4249	5127	33
614	4251	4326	33
615	4254	4926	33
616	4277	4438	66
617	4277	4644	66
618	4373	4686	33
619	4381	4559	33
620	4381	4773	66
621	4383	4570	25
622	4397	4573	66
623	4402	5834	33
624	4411	4515	66
625	4456	4795	33
626	4459	4814	33
627	4470	4784	33
628	4484	4583	33
629	4484	5392	33
630	4485	4757	33
631	4493	4559	33
632	4501	4594	33
633	4502	4575	50
634	4505	4597	33
635	4518	4677	66
636	4559	4619	33
637	4581	4748	33
638	4603	4770	66
639	4621	4805	33
640	4628	4719	66
641	4630	4830	50
642	4667	4829	66
643	4697	4784	66
644	4701	4788	33
645	4710	5016	33
646	4730	5114	33
647	4750	4877	33
648	4750	4936	33
649	4767	4907	33
650	4770	5323	33
651	4770	5393	33
652	4781	4858	33
653	4791	5388	33
654	4810	4935	66
655	4816	6189	33
656	4829	4987	33
657	4843	5048	33
658	4848	4926	33
659	4849	4932	33
660	4849	4947	33
661	4864	4941	33
662	4878	4967	66
663	4878	4971	66
664	4885	4961	33
665	4898	5049	66
666	4904	5388	33
667	4921	5051	66
668	4995	5084	66
669	5011	5111	50
670	5040	5108	66
671	5042	6183	30
672	5068	6345	33
673	5087	5339	66
674	5098	5168	33
675	5103	5340	66
676	5116	5252	33
677	5127	5392	66
678	5133	5334	66
679	5136	5334	66
680	5138	5334	66
681	5147	5334	66
682	5148	5334	66
683	5153	5219	33
684	5159	5238	66
685	5171	5900	33
686	5176	5674	33
687	5178	6101	33
688	5197	5337	66
689	5205	5337	66
690	5205	5337	66
691	5209	5337	66
692	5215	5348	61
693	5238	5304	66
694	5241	5313	33
695	5279	5391	66
696	5286	5370	33
697	5296	5999	66
698	5298	5503	66
699	5301	5401	33
700	5302	5908	33
701	5303	6197	33
702	5305	5402	33
703	5305	5477	33
704	5305	6380	33
705	5316	5447	33
706	5317	5401	33
707	5331	5565	33
708	5354	6340	66
709	5356	5444	33
710	5358	5707	33
711	5358	6365	33
712	5395	5983	33
713	5401	5716	33
714	5407	5485	66
715	5407	5648	66
716	5445	6836	33
717	5461	5523	33
718	5476	5573	33
719	5515	5820	30
720	5515	5983	33
721	5516	6197	33
722	5516	6356	33
723	5519	6956	33
724	5520	6316	33
725	5520	6956	33
726	5520	6956	33
727	5520	6956	33
728	5520	6957	33
729	5520	6957	33
730	5520	6957	33
731	5520	6957	33
732	5520	6957	33
733	5526	6957	33
734	5553	5802	33
735	5553	5802	33
736	5553	5802	33
737	5554	5688	33
738	5554	5802	33
739	5554	5802	33
740	5554	5802	33
741	5554	5802	33
742	5554	5802	33
743	5554	5802	33
744	5554	5802	33
745	5555	5802	33
746	5555	5802	33
747	5555	5802	33
748	5555	5802	33
749	5557	5804	33
750	5558	5618	33
751	5558	5618	33
752	5558	5802	33
753	5558	5802	33
754	5558	5802	33
755	5558	5804	33
756	5558	5804	33
757	5559	5802	33
758	5559	5804	33
759	5562	5731	33
760	5563	5802	33
761	5563	5802	33
762	5566	5644	33
763	5566	5802	33
764	5566	5802	33
765	5593	5801	66
766	5594	5801	66
767	5594	5801	66
768	5594	5801	66
769	5594	5801	66
770	5603	5802	33
771	5603	5802	33
772	5603	5802	33
773	5618	5801	66
774	5621	5926	30
775	5623	5801	66
776	5643	5722	33
777	5686	5802	33
778	5701	5779	66
779	5716	5862	33
780	5718	5802	33
781	5731	5795	66
782	5734	6475	66
783	5734	6475	66
784	5736	6476	66
785	5736	6476	66
786	5771	5891	33
787	5805	5892	33
788	5815	6120	30
789	5868	6102	66
790	5881	5988	33
791	5881	6402	33
792	5882	5943	33
793	5884	6604	33
794	5886	6279	66
795	5895	6338	33
796	5896	6013	33
797	5896	6425	33
798	5897	6425	33
799	5901	5973	66
800	5909	6280	66
801	5911	6248	33
802	5911	6278	66
803	5919	6278	66
804	5926	6278	66
805	5932	6012	66
806	5941	6069	33
807	5943	6095	66
808	5963	6068	33
809	6001	6095	66
810	6004	6262	33
811	6035	6194	66
812	6067	6216	66
813	6084	6150	66
814	6108	6381	66
815	6157	6226	50
816	6197	6269	66
817	6216	6502	33
818	6217	6289	33
819	6234	7289	33
820	6236	6544	30
821	6250	6311	33
822	6256	6679	66
823	6262	6417	33
824	6267	6356	33
825	6270	6345	66
826	6273	6692	30
827	6301	6378	66
828	6304	6671	33
829	6316	6413	33
830	6316	7452	33
831	6331	6438	25
832	6334	6397	66
833	6336	7151	33
834	6351	7266	33
835	6352	7791	33
836	6367	7041	33
837	6379	6814	33
838	6396	6914	33
839	6398	7654	33
840	6414	6639	33
841	6421	6512	25
842	6422	7172	33
843	6423	6541	33
844	6439	7128	33
845	6441	7177	33
846	6442	6962	33
847	6443	7882	33
848	6443	7882	33
849	6446	7175	33
850	6447	7882	33
851	6447	7882	33
852	6447	7882	33
853	6448	6562	33
854	6448	6562	33
855	6448	6643	33
856	6470	6534	33
857	6471	6534	33
858	6475	6542	33
859	6475	6546	33
860	6475	6546	33
861	6483	6579	33
862	6484	6546	25
863	6492	7004	66
864	6523	6634	66
865	6523	6634	66
866	6523	6634	66
867	6543	7118	66
868	6544	6769	66
869	6550	6757	33
870	6562	6705	33
871	6594	7079	33
872	6658	6968	66
873	6659	7462	33
874	6666	6968	66
875	6667	6729	66
876	6667	6982	66
877	6671	6986	66
878	6690	6964	66
879	6697	6983	66
880	6697	6983	66
881	6698	7079	66
882	6700	6812	33
883	6707	6768	66
884	6711	6827	33
885	6711	6922	33
886	6728	6965	66
887	6731	6965	66
888	6731	6965	66
889	6742	6828	50
890	6743	6844	33
891	6749	6841	33
892	6749	6856	33
893	6749	6922	33
894	6755	6965	66
895	6765	6986	66
896	6766	6985	66
897	6766	6985	66
898	6768	7310	33
899	6776	6986	66
900	6782	6985	66
901	6782	6986	66
902	6782	6986	66
903	6785	6977	66
904	6798	7462	66
905	6839	6921	33
906	6852	6987	33
907	6854	6924	66
908	6855	6925	33
909	6857	7554	66
910	6868	6969	66
911	6871	7476	66
912	6873	6988	66
913	6887	6973	33
914	6901	6988	33
915	6909	7002	66
916	6911	6975	33
917	6918	6994	33
918	6918	7012	33
919	6919	6981	33
920	6921	7155	33
921	6922	7012	33
922	6922	7016	33
923	6922	7017	33
924	6938	7014	33
925	6949	7127	66
926	6966	7028	50
927	6969	7155	33
928	6972	7118	66
929	6980	7871	66
930	6982	7102	33
931	6998	7068	50
932	7006	7090	66
933	7021	7089	66
934	7021	7095	33
935	7039	7101	33
936	7071	7132	66
937	7085	7160	33
938	7087	7200	33
939	7088	7200	33
940	7092	7303	25
941	7111	7177	33
942	7114	7349	33
943	7126	7191	50
944	7135	7347	66
945	7136	7287	66
946	7158	8382	33
947	7159	7255	33
948	7159	7349	33
949	7165	7346	33
950	7167	7749	33
951	7185	7512	33
952	7229	7307	33
953	7231	7294	33
954	7258	7332	33
955	7259	7349	33
956	7265	7349	66
957	7275	7347	66
958	7276	7589	33
959	7276	7589	33
960	7277	7849	25
961	7332	7793	33
962	7332	7793	33
963	7348	7654	30
964	7357	8369	33
965	7360	7560	33
966	7367	7509	33
967	7367	7677	66
968	7368	7473	33
969	7368	7491	33
970	7374	7794	25
971	7375	7500	33
972	7395	7455	61
973	7397	7551	66
974	7410	7494	50
975	7421	7515	33
976	7456	7517	66
977	7500	8654	66
978	7549	7637	66
979	7561	7673	33
980	7565	7866	33
981	7569	7657	25
982	7673	7830	66
983	7681	7742	66
984	7681	7830	33
985	7692	7798	33
986	7693	7781	33
987	7693	7809	33
988	7693	7820	33
989	7693	7820	33
990	7696	7756	25
991	7710	9142	30
992	7732	7794	66
993	7741	7868	66
994	7806	7962	66
995	7806	7972	33
996	7831	7908	33
997	7832	7906	33
998	7842	8467	33
999	7842	8526	33
1000	7855	8218	33
1001	7857	8162	30
1002	7866	8218	33
1003	7921	8385	66
1004	7923	8105	66
1005	7953	8114	66
1006	7958	8594	33
1007	7975	8046	33
1008	7981	8078	33
1009	7997	8079	33
1010	8007	8762	33
1011	8013	8082	33
1012	8020	8116	50
1013	8021	8361	33
1014	8044	8169	30
1015	8044	8206	33
1016	8047	8132	66
1017	8048	8964	33
1018	8057	8254	66
1019	8082	8190	66
1020	8097	8359	33
1021	8104	8204	33
1022	8120	8188	33
1023	8121	8193	33
1024	8121	8194	33
1025	8121	8194	33
1026	8129	8712	66
1027	8182	8257	66
1028	8183	9317	66
1029	8221	8297	33
1030	8224	8317	33
1031	8230	8571	25
1032	8240	8330	66
1033	8244	8335	33
1034	8281	8428	33
1035	8287	8355	33
1036	8291	8398	66
1037	8352	8432	33
1038	8352	8444	66
1039	8358	8431	33
1040	8358	8447	33
1041	8358	8767	66
1042	8359	8440	33
1043	8401	8469	33
1044	8408	9105	33
1045	8425	8508	66
1046	8427	8496	33
1047	8427	8499	33
1048	8427	8499	33
1049	8427	8500	33
1050	8428	8499	33
1051	8428	8499	33
1052	8428	8499	33
1053	8428	8499	33
1054	8428	8499	33
1055	8428	8499	33
1056	8428	8499	33
1057	8454	8552	66
1058	8454	8630	66
1059	8496	8566	50
1060	8516	8963	33
1061	8516	8975	33
1062	8517	8952	33
1063	8521	8944	33
1064	8521	9443	33
1065	8521	9545	33
1066	8528	8944	33
1067	8543	8687	50
1068	8554	8634	33
1069	8574	8755	33
1070	8656	8781	66
1071	8659	9005	66
1072	8675	8911	66
1073	8686	8763	33
1074	8701	8802	66
1075	8757	8861	33
1076	8773	8874	50
1077	8779	9203	33
1078	8779	9203	33
1079	8791	9174	33
1080	8815	8886	33
1081	8818	8923	33
1082	8821	8940	66
1083	8821	8984	66
1084	8822	8939	66
1085	8855	9128	25
1086	8894	9002	66
1087	8937	9008	66
1088	8941	9096	25
1089	8961	9084	33
1090	8966	9431	66
1091	8971	9056	66
1092	8978	9054	50
1093	8981	9044	33
1094	8994	9105	33
1095	9031	9248	66
1096	9045	9129	33
1097	9047	9237	66
1098	9075	9135	25
1099	9129	9253	66
1100	9134	9313	33
1101	9196	9293	66
1102	9208	9293	66
1103	9221	9558	33
1104	9229	9408	33
1105	9230	9396	33
1106	9230	9618	33
1107	9235	9436	66
1108	9242	9313	33
1109	9246	9936	33
1110	9249	9365	25
1111	9256	9487	25
1112	9258	9626	33
1113	9288	9419	66
1114	9301	9415	50
1115	9312	10745	33
1116	9317	10141	66
1117	9331	9404	66
1118	9338	9406	50
1119	9373	9976	33
1120	9398	9468	50
1121	9419	9494	30
1122	9451	9960	25
1123	9481	10711	66
1124	9532	9762	33
1125	9545	9826	66
1126	9551	9639	33
1127	9552	9654	33
1128	9554	9907	66
1129	9558	10593	33
1130	9559	9663	33
1131	9559	9664	33
1132	9566	9639	33
1133	9601	9731	66
1134	9607	10044	33
1135	9643	10021	33
1136	9647	9863	33
1137	9656	9759	66
1138	9656	10755	33
1139	9674	9769	33
1140	9674	9800	33
1141	9675	9780	33
1142	9675	9800	33
1143	9678	9759	66
1144	9695	9758	33
1145	9712	9838	66
1146	9712	9842	66
1147	9712	9842	66
1148	9734	9839	33
1149	9742	9854	33
1150	9841	10006	66
1151	9847	10874	66
1152	9851	10024	66
1153	9852	9921	30
1154	9856	9940	66
1155	9931	10009	66
1156	9935	10014	66
1157	9935	10034	66
1158	9959	10480	66
1159	9968	10033	33
1160	9977	10269	33
1161	9977	10280	33
1162	9977	10331	33
1163	9978	10290	33
1164	9979	10230	33
1165	9992	10069	33
1166	10011	10234	66
1167	10019	10132	66
1168	10021	10402	33
1169	10040	10269	33
1170	10051	10263	66
1171	10052	10141	33
1172	10084	10212	25
1173	10084	10266	33
1174	10095	10352	66
1175	10095	10371	66
1176	10098	10230	66
1177	10171	10315	66
1178	10195	10402	33
1179	10201	10276	25
1180	10201	10459	33
1181	10201	10667	33
1182	10261	10343	33
1183	10295	10380	33
1184	10298	10383	66
1185	10309	10378	33
1186	10319	11611	66
1187	10321	10399	33
1188	10341	10453	66
1189	10369	10488	66
1190	10380	10458	50
1191	10381	10487	33
1192	10381	10497	66
1193	10403	10661	66
1194	10436	10548	33
1195	10445	11821	50
1196	10456	10576	66
1197	10463	10689	33
1198	10475	10640	33
1199	10496	10812	66
1200	10511	11575	33
1201	10511	11715	33
1202	10531	10718	66
1203	10563	10693	33
1204	10566	10628	33
1205	10566	10703	33
1206	10567	10662	33
1207	10573	10678	33
1208	10576	10671	33
1209	10576	10734	33
1210	10577	10657	33
1211	10579	10752	33
1212	10603	10698	66
1213	10608	10721	66
1214	10608	10739	66
1215	10612	10705	33
1216	10621	10689	33
1217	10636	10724	66
1218	10646	10730	33
1219	10688	11668	33
1220	10693	11365	33
1221	10693	11385	33
1222	10698	10906	66
1223	10705	10862	33
1224	10726	10819	33
1225	10740	10854	33
1226	10771	11709	33
1227	10772	10852	33
1228	10773	10856	33
1229	10773	10856	33
1230	10774	10841	33
1231	10777	10856	33
1232	10788	10852	33
1233	10788	10859	33
1234	10788	10862	33
1235	10796	11887	66
1236	10801	10882	33
1237	10801	11842	33
1238	10802	11960	33
1239	10808	10927	33
1240	10831	11242	66
1241	10858	10991	50
1242	10862	10958	66
1243	10879	10940	50
1244	10888	11614	66
1245	10896	10969	33
1246	10920	11371	25
1247	10924	11065	66
1248	10933	11000	33
1249	10936	11106	25
1250	10952	11462	33
1251	10958	11026	50
1252	10980	11320	33
1253	11009	11909	66
1254	11015	11098	33
1255	11034	11113	33
1256	11038	11124	33
1257	11038	11133	33
1258	11039	11121	33
1259	11039	11133	33
1260	11062	11636	66
1261	11069	11407	66
1262	11070	11407	66
1263	11099	11519	66
1264	11102	11364	66
1265	11113	11193	66
1266	11124	12176	33
1267	11127	11210	66
1268	11127	11357	66
1269	11128	11213	66
1270	11137	11235	33
1271	11174	11509	33
1272	11177	11313	66
1273	11181	11243	33
1274	11182	11266	33
1275	11182	11338	33
1276	11182	11359	33
1277	11183	11243	33
1278	11183	11254	33
1279	11193	11364	66
1280	11194	11268	66
1281	11202	11859	33
1282	11252	11352	25
1283	11276	11380	33
1284	11281	11342	33
1285	11282	11668	33
1286	11284	11356	66
1287	11286	11362	33
1288	11300	11367	66
1289	11308	11642	33
1290	11330	11409	66
1291	11341	11402	66
1292	11342	11439	33
1293	11346	11446	33
1294	11349	11539	33
1295	11377	11626	30
1296	11378	11535	66
1297	11387	12339	33
1298	11388	11875	33
1299	11391	11466	33
1300	11391	12339	33
1301	11392	11890	33
1302	11392	11967	33
1303	11402	11582	33
1304	11404	11514	66
1305	11407	11506	33
1306	11417	11526	25
1307	11435	12380	50
1308	11439	11560	66
1309	11440	11972	66
1310	11452	12088	50
1311	11466	11601	66
1312	11467	11600	66
1313	11476	11545	66
1314	11493	11559	33
1315	11507	11571	33
1316	11507	12339	33
1317	11524	11594	33
1318	11534	11980	33
1319	11561	11641	33
1320	11641	12091	33
1321	11642	12900	66
1322	11688	11864	33
1323	11712	11788	33
1324	11717	11803	66
1325	11725	12115	33
1326	11727	11839	33
1327	11802	12549	33
1328	11806	11889	50
1329	11807	11997	66
1330	11853	11985	33
1331	11943	12013	33
1332	11944	12085	66
1333	12061	12158	33
1334	12063	12154	66
1335	12063	12188	66
1336	12063	12261	66
1337	12076	12245	25
1338	12076	12245	25
1339	12121	12190	33
1340	12124	13334	33
1341	12127	12940	33
1342	12137	12501	33
1343	12137	12501	33
1344	12172	12266	33
1345	12210	13145	66
1346	12211	12284	66
1347	12213	12467	66
1348	12214	12993	40
1349	12218	13587	30
1350	12242	12499	66
1351	12244	13025	66
1352	12270	12515	33
1353	12287	12495	33
1354	12297	12838	66
1355	12301	12362	33
1356	12301	12388	66
1357	12301	12394	66
1358	12301	12404	66
1359	12301	12870	30
1360	12302	12812	66
1361	12303	12380	33
1362	12309	12408	66
1363	12316	12787	33
1364	12321	12398	66
1365	12323	12391	33
1366	12324	12670	33
1367	12325	12430	33
1368	12325	12430	33
1369	12325	12675	33
1370	12326	12675	33
1371	12327	12646	66
1372	12371	12452	33
1373	12374	12449	66
1374	12384	12518	33
1375	12395	12495	66
1376	12424	12537	66
1377	12429	12519	66
1378	12449	12546	33
1379	12452	12572	33
1380	12470	12626	50
1381	12497	12722	25
1382	12505	12614	33
1383	12523	12604	33
1384	12526	12793	33
1385	12540	12633	66
1386	12541	12609	66
1387	12561	13490	30
1388	12564	12641	33
1389	12611	12697	33
1390	12614	12687	66
1391	12635	12730	33
1392	12649	12787	33
1393	12650	12724	33
1394	12650	12724	33
1395	12650	12724	33
1396	12650	12749	33
1397	12650	12852	33
1398	12663	12765	33
1399	12675	12804	33
1400	12706	12769	66
1401	12714	13023	25
1402	12721	12897	66
1403	12721	12897	66
1404	12724	12904	33
1405	12729	12805	33
1406	12729	12805	33
1407	12754	12843	33
1408	12757	12828	50
1409	12757	12833	33
1410	12757	12856	33
1411	12815	12948	50
1412	12857	12953	33
1413	12862	13005	33
1414	12867	13008	33
1415	12868	12956	33
1416	12868	12994	33
1417	12868	13008	33
1418	12881	12957	33
1419	12882	12989	33
1420	12899	12979	33
1421	12901	12968	33
1422	12915	12979	66
1423	12919	12998	33
1424	12952	13015	66
1425	12975	13063	33
1426	12976	13202	33
1427	13009	13070	66
1428	13021	13094	33
1429	13023	13143	66
1430	13030	13098	33
1431	13030	13098	33
1432	13035	13120	66
1433	13051	13250	33
1434	13071	13570	33
1435	13072	13426	33
1436	13081	13370	50
1437	13081	13370	50
1438	13096	13162	33
1439	13145	13211	33
1440	13145	13641	66
1441	13145	13641	66
1442	13148	13222	33
1443	13156	13270	33
1444	13174	13639	33
1445	13179	13244	66
1446	13200	13698	25
1447	13201	13305	33
1448	13245	13309	33
1449	13324	13409	33
1450	13434	13530	33
1451	13436	13541	33
1452	13437	13541	33
1453	13438	13510	33
1454	13439	13541	33
1455	13439	13541	33
1456	13442	13503	33
1457	13442	13563	33
1458	13442	13563	33
1459	13442	13601	33
1460	13443	13513	33
1461	13480	13580	66
1462	13504	13565	33
1463	13565	13634	66
1464	13566	13687	33
1465	13571	13672	33
1466	13571	13697	33
1467	13609	13711	33
1468	13616	13701	33
1469	13618	13678	33
1470	13619	13686	33
1471	13619	13704	33
1472	13628	13704	33
1473	13663	14231	33
1474	13681	14161	66
1475	13687	13773	66
1476	13688	13761	66
1477	13690	13784	33
1478	13699	13784	33
1479	13705	13810	33
1480	13724	13819	33
1481	13725	13798	33
1482	13725	13798	33
1483	13725	13829	33
1484	13749	14178	66
1485	13817	14234	66
1486	13856	14344	50
1487	13866	13968	66
1488	13875	13945	66
1489	13876	13947	33
1490	13918	13983	33
1491	13921	13983	33
1492	13972	15088	66
1493	13980	14195	66
1494	13982	14217	66
1495	13988	14058	33
1496	14021	14159	33
1497	14022	15205	66
1498	14041	14114	33
1499	14041	14123	33
1500	14076	14161	66
1501	14077	14144	33
1502	14079	14230	66
1503	14101	14181	33
1504	14106	14204	33
1505	14109	14176	66
1506	14136	15255	33
1507	14150	14229	66
1508	14210	14272	66
1509	14252	14352	66
1510	14253	14411	66
1511	14259	14354	30
1512	14274	14342	33
1513	14287	14385	33
1514	14346	14406	33
1515	14346	14406	33
1516	14410	14495	33
1517	14461	14543	33
1518	14461	14872	33
1519	14528	15317	66
1520	14551	14644	50
1521	14571	14658	33
1522	14594	14764	33
1523	14594	15211	33
1524	14667	14809	25
1525	14675	14801	66
1526	14706	14865	66
1527	14714	14820	30
1528	14769	15335	33
1529	14770	15079	33
1530	14770	15107	33
1531	14790	15105	33
1532	14806	14985	30
1533	14827	14925	33
1534	14877	14954	33
1535	14877	14955	33
1536	14878	15592	66
1537	14881	14952	33
1538	14881	14954	33
1539	14881	14954	33
1540	14881	14961	33
1541	14882	14952	33
1542	14911	15072	66
1543	14918	14987	50
1544	14956	15048	66
1545	14956	15100	25
1546	14956	15100	25
1547	14956	15144	25
1548	14976	15128	66
1549	15065	15154	33
1550	15066	15129	33
1551	15073	15145	66
1552	15074	15145	33
1553	15075	15150	33
1554	15121	15270	66
1555	15151	15270	66
1556	15151	15314	66
1557	15181	15254	66
1558	15184	16324	66
1559	15219	15515	33
1560	15239	15354	66
1561	15244	15345	33
1562	15247	15338	33
1563	15250	15312	66
1564	15265	15385	66
1565	15302	15366	33
1566	15305	15366	33
1567	15305	15366	33
1568	15305	15373	33
1569	15306	15379	33
1570	15308	15377	66
1571	15361	15501	33
1572	15372	15453	33
1573	15373	16181	33
1574	15381	15611	33
1575	15410	15576	66
1576	15461	16555	66
1577	15481	16459	66
1578	15484	16116	66
1579	15541	15623	66
1580	15542	15826	33
1581	15604	16405	33
1582	15606	15722	33
1583	15608	15706	33
1584	15612	15814	33
1585	15631	15725	66
1586	15640	15816	33
1587	15664	15735	66
1588	15713	15797	30
1589	15721	15828	66
1590	15766	16155	33
1591	15780	16129	66
1592	15781	15851	33
1593	15785	15849	33
1594	15785	15866	33
1595	15790	15911	33
1596	15791	15901	33
1597	15792	15880	33
1598	15793	15890	33
1599	15841	16996	33
1600	15852	15929	33
1601	15861	15996	50
1602	15868	16176	33
1603	15910	15988	33
1604	15920	16227	33
1605	15921	15982	66
1606	15971	16384	33
1607	15990	16142	50
1608	15997	16111	66
1609	16036	16105	66
1610	16058	16129	66
1611	16081	16225	33
1612	16085	16369	33
1613	16111	16188	66
1614	16128	16218	30
1615	16141	16256	33
1616	16141	16601	66
1617	16181	16261	30
1618	16201	16436	66
1619	16201	16649	33
1620	16231	16339	66
1621	16312	16439	66
1622	16312	16492	33
1623	16316	16480	33
1624	16317	16470	33
1625	16317	16477	33
1626	16335	16416	30
1627	16340	16405	33
1628	16348	16921	33
1629	16358	16419	66
1630	16365	17635	33
1631	16375	16475	66
1632	16400	16498	33
1633	16403	16496	33
1634	16408	16537	50
1635	16415	16515	50
1636	16417	16487	50
1637	16444	16799	33
1638	16445	16799	33
1639	16452	17757	33
1640	16486	16830	66
1641	16490	17290	30
1642	16517	16583	33
1643	16547	17008	66
1644	16560	17301	25
1645	16561	17270	66
1646	16621	16695	66
1647	16621	16695	66
1648	16622	17294	33
1649	16624	16722	66
1650	16627	16840	33
1651	16630	16905	66
1652	16638	16736	33
1653	16649	17588	33
1654	16651	17343	50
1655	16655	16734	66
1656	16671	17324	66
1657	16676	16739	33
1658	16684	17106	66
1659	16703	17520	33
1660	16710	16801	66
1661	16713	17123	66
1662	16713	17324	66
1663	16745	16821	33
1664	16747	16846	66
1665	16751	17037	33
1666	16756	16862	66
1667	16781	16842	33
1668	16805	17858	66
1669	16832	16906	33
1670	16832	16913	33
1671	16838	16909	50
1672	16854	17122	66
1673	16857	16917	33
1674	16861	16937	33
1675	16861	17008	66
1676	16866	16984	50
1677	16895	17298	33
1678	16898	16970	66
1679	16900	17507	33
1680	16920	17018	33
1681	16922	17044	33
1682	16928	17008	66
1683	16938	17004	33
1684	16939	17082	33
1685	16963	17070	66
1686	16965	17125	33
1687	16965	17138	33
1688	16972	17092	33
1689	16975	17691	66
1690	16979	17044	33
1691	16986	17990	66
1692	16994	17150	33
1693	17022	17088	66
1694	17029	17108	25
1695	17042	17138	33
1696	17046	17248	66
1697	17051	17121	33
1698	17086	17219	66
1699	17101	17182	66
1700	17101	17199	66
1701	17121	17286	25
1702	17123	17237	66
1703	17161	17360	33
1704	17164	17596	33
1705	17165	17302	66
1706	17167	17241	33
1707	17191	17266	66
1708	17199	17277	33
1709	17210	17329	33
1710	17216	17284	25
1711	17253	17325	33
1712	17253	17325	33
1713	17253	17342	33
1714	17253	17447	33
1715	17257	17325	33
1716	17257	17346	33
1717	17257	17375	33
1718	17257	17388	33
1719	17258	17328	50
1720	17262	18651	30
1721	17268	17673	33
1722	17281	17373	66
1723	17286	17355	50
1724	17330	17604	66
1725	17345	17457	66
1726	17379	17477	66
1727	17393	17574	33
1728	17393	18719	33
1729	17397	17678	33
1730	17401	17470	66
1731	17401	17486	66
1732	17401	17636	25
1733	17403	17640	66
1734	17438	17747	66
1735	17461	17611	66
1736	17469	17546	33
1737	17471	17537	33
1738	17471	17567	66
1739	17471	18782	50
1740	17498	17569	50
1741	17521	17723	25
1742	17526	17635	66
1743	17530	18173	33
1744	17582	18172	33
1745	17585	17680	66
1746	17585	17706	66
1747	17586	17663	33
1748	17586	17835	33
1749	17595	18167	33
1750	17603	18183	33
1751	17603	18183	33
1752	17613	17725	25
1753	17641	17728	66
1754	17641	18193	33
1755	17651	17719	33
1756	17683	17770	66
1757	17690	17981	33
1758	17701	18058	30
1759	17706	17784	30
1760	17736	17877	66
1761	17761	17849	25
1762	17767	17842	66
1763	17767	17981	66
1764	17769	17944	33
1765	17771	17847	33
1766	17771	17891	33
1767	17772	17936	33
1768	17784	17861	33
1769	17784	17936	33
1770	17822	17947	66
1771	17823	18082	33
1772	17834	17904	66
1773	17839	17937	66
1774	17844	17935	33
1775	17868	17931	33
1776	17869	17936	33
1777	17869	17974	33
1778	17881	17977	66
1779	17881	17986	33
1780	17892	18866	33
1781	17893	18565	33
1782	17896	17984	66
1783	17924	18003	25
1784	17930	17990	66
1785	17941	18047	33
1786	17948	18084	66
1787	17955	18041	66
1788	17960	18245	33
1789	17961	18021	66
1790	17961	18245	33
1791	17974	18176	66
1792	17974	18909	66
1793	17975	18111	66
1794	18000	18205	66
1795	18003	18155	66
1796	18006	18146	33
1797	18018	18520	66
1798	18036	18113	66
1799	18061	18124	33
1800	18061	18900	66
1801	18066	18538	33
1802	18076	18268	25
1803	18077	18191	33
1804	18079	18208	33
1805	18089	18639	66
1806	18095	18393	33
1807	18130	19295	33
1808	18140	19043	33
1809	18154	18402	33
1810	18158	18223	66
1811	18160	18255	33
1812	18185	18338	33
1813	18189	18924	66
1814	18241	18310	33
1815	18246	18561	33
1816	18247	18331	33
1817	18250	18558	33
1818	18262	18365	33
1819	18270	18343	33
1820	18270	18360	33
1821	18270	18360	33
1822	18270	18572	33
1823	18270	18784	66
1824	18271	18343	33
1825	18291	19456	33
1826	18301	18377	33
1827	18306	18407	33
1828	18318	18426	33
1829	18337	18461	66
1830	18364	18425	33
1831	18376	18436	66
1832	18376	18445	33
1833	18380	18445	33
1834	18380	18463	33
1835	18391	18550	66
1836	18417	18521	66
1837	18425	18487	66
1838	18459	18549	33
1839	18474	18535	33
1840	18482	18583	66
1841	18487	18585	33
1842	18488	18592	66
1843	18513	18911	66
1844	18528	18611	30
1845	18533	18777	66
1846	18551	18668	33
1847	18601	18730	66
1848	18606	18702	33
1849	18609	18703	33
1850	18617	18682	66
1851	18631	18708	66
1852	18661	18724	25
1853	18670	19429	33
1854	18691	18764	33
1855	18695	18828	66
1856	18736	18822	66
1857	18744	19844	25
1858	18765	18861	66
1859	18790	19487	33
1860	18790	19487	33
1861	18790	19487	33
1862	18791	19487	33
1863	18791	19487	33
1864	18825	20160	33
1865	18841	19084	66
1866	18848	19511	66
1867	18853	19345	33
1868	18870	19080	50
1869	18917	19646	33
1870	18935	19006	33
1871	18945	19154	66
1872	18947	20160	33
1873	18947	20160	33
1874	18947	20160	33
1875	18947	20160	33
1876	18947	20160	33
1877	18947	20160	33
1878	18947	20160	33
1879	18947	20160	33
1880	18947	20160	33
1881	18948	20160	33
1882	18948	20160	33
1883	18957	20160	33
1884	18961	19637	66
1885	18968	19041	33
1886	18971	19123	50
1887	18974	19047	66
1888	18997	19112	50
1889	19009	19103	66
1890	19021	19116	33
1891	19031	19262	33
1892	19037	19126	66
1893	19047	19362	33
1894	19081	19230	25
1895	19085	19253	33
1896	19142	19213	66
1897	19146	19218	66
1898	19157	19230	66
1899	19167	19324	33
1900	19169	20160	33
1901	19173	19678	33
1902	19177	19272	50
1903	19184	19249	33
1904	19187	19276	50
1905	19196	19338	33
1906	19200	19420	66
1907	19218	20144	33
1908	19237	19429	66
1909	19261	19339	66
1910	19297	19558	66
1911	19321	19389	66
1912	19331	19429	66
1913	19346	20160	33
1914	19350	19441	33
1915	19380	19471	33
1916	19381	19561	50
1917	19389	19464	66
1918	19431	19865	66
1919	19431	19865	66
1920	19435	20160	33
1921	19436	20028	30
1922	19441	19918	66
1923	19446	19790	33
1924	19470	19721	66
1925	19470	20160	66
1926	19471	19552	33
1927	19471	19599	66
1928	19473	19578	66
1929	19474	19546	33
1930	19500	19564	66
1931	19505	19603	33
1932	19509	19811	33
1933	19517	20160	33
1934	19523	20160	33
1935	19524	20160	33
1936	19531	19696	66
1937	19531	20160	50
1938	19540	19608	33
1939	19546	19865	66
1940	19562	19642	33
1941	19564	20160	33
1942	19578	19646	50
1943	19591	20129	33
1944	19618	19701	30
1945	19625	20160	33
1946	19627	19820	33
1947	19627	20160	33
1948	19645	19741	33
1949	19652	19914	50
1950	19687	19761	33
1951	19690	19865	66
1952	19701	19767	33
1953	19711	20160	66
1954	19719	19936	66
1955	19720	19782	33
1956	19729	19809	66
1957	19731	20160	33
1958	19740	19874	66
1959	19745	20160	33
1960	19747	20160	66
1961	19751	19871	33
1962	19789	19907	33
1963	19790	20160	33
1964	19791	20160	33
1965	19810	20160	66
1966	19810	20160	66
1967	19810	20160	66
1968	19822	19964	33
1969	19829	20035	66
1970	19851	20160	25
1971	19861	20160	33
1972	19861	20160	33
1973	19861	20160	33
1974	19861	20160	33
1975	19861	20160	33
1976	19908	20160	33
1977	19921	20051	66
1978	19921	20160	33
1979	19922	20160	66
1980	19923	20160	33
1981	19924	20160	66
1982	19925	20075	66
1983	19930	20010	66
1984	19930	20010	66
1985	19982	20160	33
1986	19985	20160	33
1987	19985	20160	33
1988	19986	20160	33
1989	19994	20067	66
1990	20030	20107	66
1991	20040	20125	66
1992	20041	20105	33
1993	20043	20120	33
1994	20048	20160	25
1995	20053	20114	66
1996	20053	20144	66
1997	20072	20148	25
1998	20075	20160	66
1999	20094	20160	66
