2000	100	0	0
0	0	721	33
1	0	727	33
2	0	727	33
3	0	730	66
4	0	735	33
5	0	741	33
6	0	747	33
7	0	752	66
8	0	755	33
9	0	755	33
10	0	755	33
11	0	755	33
12	0	755	33
13	0	755	33
14	0	755	33
15	0	755	33
16	0	755	33
17	0	755	33
18	0	755	33
19	0	755	33
20	0	755	33
21	0	755	33
22	0	755	33
23	0	755	33
24	0	755	33
25	0	755	33
26	0	755	33
27	0	755	33
28	0	755	33
29	0	755	33
30	0	755	33
31	0	755	33
32	0	755	33
33	0	755	33
34	0	755	33
35	0	755	33
36	0	755	33
37	0	755	33
38	0	755	33
39	0	755	33
40	0	755	33
41	0	755	33
42	0	755	33
43	0	755	33
44	0	755	33
45	0	755	33
46	0	755	33
47	0	755	33
48	0	755	33
49	0	756	33
50	0	764	33
51	0	783	66
52	0	805	33
53	0	817	66
54	0	818	33
55	0	821	33
56	0	833	66
57	0	849	33
58	0	862	33
59	0	872	33
60	0	887	33
61	0	890	66
62	0	892	33
63	0	900	33
64	0	900	33
65	0	924	33
66	0	925	33
67	0	935	33
68	0	990	33
69	0	1013	66
70	0	1019	66
71	0	1019	66
72	0	1020	33
73	0	1020	33
74	0	1021	33
75	0	1035	33
76	0	1060	33
77	0	1071	33
78	0	1071	33
79	0	1075	66
80	0	1076	66
81	0	1076	66
82	0	1087	66
83	0	1101	66
84	0	1108	66
85	0	1108	66
86	0	1108	66
87	0	1108	66
88	0	1133	25
89	0	1140	33
90	0	1141	33
91	0	1141	33
92	0	1141	33
93	0	1141	33
94	0	1141	33
95	0	1141	33
96	0	1141	33
97	0	1141	33
98	0	1141	33
99	0	1142	33
100	0	1142	33
101	0	1142	33
102	0	1142	33
103	0	1142	33
104	0	1142	33
105	0	1142	33
106	0	1142	33
107	0	1142	33
108	0	1142	33
109	0	1144	30
110	0	1145	30
111	0	1147	33
112	0	1156	33
113	0	1156	33
114	0	1157	33
115	0	1157	33
116	0	1157	33
117	0	1157	33
118	0	1157	33
119	0	1157	33
120	0	1157	33
121	0	1157	33
122	0	1157	33
123	0	1158	33
124	0	1158	33
125	0	1158	33
126	0	1158	33
127	0	1158	33
128	0	1159	66
129	0	1180	33
130	0	1196	30
131	0	1228	33
132	0	1247	33
133	0	1247	33
134	0	1278	33
135	0	1303	30
136	0	1304	30
137	0	1306	33
138	0	1310	66
139	0	1310	66
140	0	1321	33
141	0	1321	33
142	0	1332	30
143	0	1333	30
144	0	1333	30
145	0	1381	33
146	0	1384	33
147	0	1384	33
148	0	1390	66
149	0	1390	33
150	0	1418	66
151	0	1418	66
152	0	1418	66
153	0	1418	66
154	0	1418	66
155	0	1418	66
156	0	1418	66
157	0	1418	66
158	0	1418	66
159	0	1437	66
160	0	1437	66
161	2	850	33
162	4	909	33
163	67	868	33
164	67	870	33
165	74	860	50
166	92	1107	33
167	117	878	33
168	117	878	33
169	120	878	33
170	121	878	33
171	121	878	33
172	121	878	33
173	122	1380	66
174	125	878	33
175	151	937	33
176	151	937	33
177	161	1030	66
178	162	1045	66
179	162	1045	66
180	162	1311	33
181	200	1020	66
182	204	961	33
183	214	1141	66
184	214	1141	66
185	214	1142	66
186	214	1142	66
187	214	1142	66
188	214	1145	66
189	215	1037	66
190	216	1141	66
191	216	1141	66
192	216	1141	66
193	216	1142	66
194	217	1006	66
195	217	1143	66
196	217	1158	66
197	223	980	66
198	223	1157	66
199	249	998	33
200	249	1328	33
201	252	1142	33
202	252	1142	33
203	252	1321	33
204	253	1338	33
205	253	1381	33
206	253	1381	33
207	254	1087	33
208	261	1140	33
209	261	1141	33
210	261	1142	33
211	261	1142	33
212	261	1142	33
213	261	1142	33
214	261	1144	33
215	261	1144	33
216	261	1205	33
217	261	1205	33
218	267	1157	66
219	267	1157	66
220	267	1157	66
221	268	1043	66
222	275	1303	66
223	282	1044	33
224	282	1142	33
225	282	1142	33
226	282	1142	33
227	282	1142	33
228	282	1142	33
229	282	1142	33
230	282	1142	33
231	282	1142	33
232	282	1142	33
233	282	1142	33
234	284	1157	33
235	284	1157	33
236	284	1157	33
237	284	1158	33
238	284	1158	33
239	284	1159	33
240	284	1161	33
241	298	1072	33
242	311	1322	66
243	313	1140	66
244	313	1141	66
245	313	1141	66
246	313	1141	66
247	313	1141	66
248	315	1157	33
249	316	1040	66
250	316	1040	66
251	327	1376	33
252	360	1742	50
253	376	1738	33
254	376	1738	33
255	377	1157	33
256	377	1157	33
257	377	1157	33
258	377	1157	33
259	377	1157	33
260	377	1157	33
261	377	1158	33
262	384	1752	33
263	399	1362	66
264	414	1171	33
265	415	1157	33
266	415	1157	33
267	417	1141	33
268	417	1141	33
269	417	1142	33
270	417	1142	33
271	417	1182	33
272	417	1219	33
273	422	1626	66
274	427	1157	33
275	427	1157	33
276	427	1157	33
277	427	1157	33
278	427	1157	33
279	427	1157	33
280	427	1158	33
281	427	1158	33
282	427	1158	33
283	427	1158	33
284	427	1158	33
285	440	1621	33
286	458	1205	33
287	458	1521	33
288	458	1738	33
289	462	1185	33
290	462	1210	33
291	464	1338	33
292	518	1513	66
293	532	1541	33
294	533	1408	25
295	538	1321	33
296	538	1321	33
297	538	1321	33
298	538	1381	33
299	543	1980	33
300	554	1928	33
301	572	1321	33
302	572	1321	33
303	572	1944	33
304	589	1387	66
305	589	1866	66
306	608	1578	33
307	609	1361	33
308	609	1428	33
309	613	1337	33
310	617	1775	33
311	617	1865	33
312	617	2046	33
313	619	1998	33
314	628	1501	33
315	629	1916	30
316	661	1501	33
317	664	1944	66
318	666	1985	66
319	668	1814	33
320	685	1849	33
321	690	1635	66
322	691	1641	66
323	694	1992	33
324	696	1836	33
325	711	1627	33
326	721	1687	33
327	723	1724	33
328	766	1901	33
329	766	1901	33
330	766	1901	33
331	767	1901	33
332	767	1901	33
333	768	1901	33
334	768	1901	33
335	768	1901	33
336	768	1901	33
337	768	1901	33
338	768	1905	33
339	780	1680	33
340	801	1552	33
341	805	1565	66
342	805	1653	25
343	808	1785	33
344	810	1830	26
345	815	1901	33
346	816	1901	33
347	816	1901	33
348	816	1901	33
349	816	1901	33
350	816	1901	33
351	816	1905	33
352	817	1901	33
353	817	1901	33
354	817	1901	33
355	817	1901	33
356	817	1905	33
357	817	1905	33
358	818	1901	33
359	818	1901	33
360	818	1901	33
361	818	1901	33
362	818	1901	33
363	818	1901	33
364	819	1901	33
365	819	1901	33
366	819	1901	33
367	819	1901	33
368	819	1901	33
369	819	1901	33
370	819	1901	33
371	819	1901	33
372	819	1901	33
373	820	1901	33
374	820	1901	33
375	820	1901	33
376	820	1901	33
377	820	1901	33
378	820	1901	33
379	820	1901	33
380	820	1901	33
381	820	1904	33
382	820	1904	33
383	821	1901	33
384	821	1901	33
385	821	1901	33
386	821	1901	33
387	838	2118	33
388	845	1627	33
389	845	1627	33
390	884	1869	33
391	901	1920	33
392	911	2026	66
393	911	2026	66
394	916	1874	66
395	926	2026	66
396	926	2026	66
397	926	2026	66
398	926	2026	66
399	933	1901	33
400	954	2162	33
401	966	1742	33
402	967	2225	33
403	967	2297	33
404	1001	2013	66
405	1007	1956	33
406	1018	1815	66
407	1019	2130	66
408	1033	2140	33
409	1045	2035	66
410	1060	2212	66
411	1074	2088	66
412	1093	2300	50
413	1094	2300	25
414	1146	2139	33
415	1146	2263	33
416	1156	2098	33
417	1158	2109	33
418	1166	2301	50
419	1167	2301	25
420	1177	1901	33
421	1177	1901	33
422	1177	1901	33
423	1178	1901	33
424	1178	1901	33
425	1179	1901	33
426	1180	1901	33
427	1180	1901	33
428	1181	1901	33
429	1191	2119	33
430	1219	1986	66
431	1219	1996	66
432	1219	2222	66
433	1219	2222	66
434	1222	1986	66
435	1222	1996	66
436	1222	2353	66
437	1222	2494	66
438	1222	2494	66
439	1222	2494	66
440	1222	2495	66
441	1224	2029	33
442	1224	2166	50
443	1242	2011	66
444	1242	2045	66
445	1242	2495	66
446	1242	2498	66
447	1244	2256	66
448	1263	2279	66
449	1283	2204	33
450	1283	2204	33
451	1297	2108	33
452	1299	2108	33
453	1299	2159	33
454	1311	2063	66
455	1311	2270	66
456	1312	2270	66
457	1312	2270	66
458	1312	2270	66
459	1312	2270	66
460	1313	2056	66
461	1313	2270	66
462	1313	2270	66
463	1313	2270	66
464	1313	2270	66
465	1313	2270	66
466	1314	2189	66
467	1318	2065	66
468	1318	2270	66
469	1322	2060	66
470	1322	2060	66
471	1322	2062	66
472	1322	2062	66
473	1322	2062	66
474	1322	2062	66
475	1322	2062	66
476	1322	2062	66
477	1322	2062	66
478	1322	2062	66
479	1322	2062	66
480	1322	2062	66
481	1322	2062	66
482	1322	2062	66
483	1322	2062	66
484	1322	2062	66
485	1322	2063	66
486	1322	2063	66
487	1327	2270	66
488	1327	2270	66
489	1327	2270	66
490	1327	2270	66
491	1330	2270	66
492	1331	2270	66
493	1335	2271	66
494	1335	2271	66
495	1335	2271	66
496	1336	2270	66
497	1342	2270	66
498	1342	2270	66
499	1342	2270	66
500	1343	2215	33
501	1350	2272	66
502	1350	2272	66
503	1350	2272	66
504	1350	2272	66
505	1350	2272	66
506	1352	2272	66
507	1352	2272	66
508	1352	2272	66
509	1353	2272	66
510	1353	2272	66
511	1353	2272	66
512	1353	2272	66
513	1353	2272	66
514	1360	2272	66
515	1362	2314	33
516	1378	2108	33
517	1383	2341	33
518	1392	2457	66
519	1429	2856	33
520	1445	2855	33
521	1590	2790	25
522	1607	2433	50
523	1622	2418	66
524	1622	2421	66
525	1633	2397	33
526	1633	2412	33
527	1633	2458	33
528	1635	2867	33
529	1636	2357	33
530	1636	2550	33
531	1638	2618	66
532	1653	2913	66
533	1684	2741	33
534	1690	2421	66
535	1695	2489	66
536	1695	2489	66
537	1709	2481	33
538	1712	2753	33
539	1712	2753	33
540	1725	2614	66
541	1726	2504	33
542	1726	2504	33
543	1726	2504	33
544	1726	2504	33
545	1726	2504	33
546	1730	2824	33
547	1738	2902	33
548	1756	2514	66
549	1793	3069	66
550	1816	2591	33
551	1816	2941	33
552	1816	2941	33
553	1816	2941	33
554	1816	3114	33
555	1817	2797	33
556	1819	2823	33
557	1835	2867	33
558	1835	2885	33
559	1835	2885	33
560	1838	3257	33
561	1870	3301	66
562	1915	3084	33
563	1920	2815	33
564	1920	2885	33
565	1950	3138	33
566	1997	3431	33
567	2022	2764	33
568	2023	2787	33
569	2046	3014	33
570	2046	3056	33
571	2049	3202	33
572	2058	3087	33
573	2075	3371	66
574	2102	2942	33
575	2103	3064	66
576	2129	3323	33
577	2131	3071	66
578	2131	3081	66
579	2156	3051	33
580	2162	3123	33
581	2164	3010	33
582	2168	3165	33
583	2168	3183	30
584	2171	3203	33
585	2172	3600	33
586	2220	3120	33
587	2261	3505	33
588	2280	3382	66
589	2281	3022	33
590	2288	3078	33
591	2291	3036	33
592	2308	3214	33
593	2309	3061	33
594	2340	3071	33
595	2343	3244	33
596	2356	3307	33
597	2410	3200	33
598	2464	3480	33
599	2464	3730	33
600	2474	3632	66
601	2499	3571	66
602	2508	3728	33
603	2511	3864	33
604	2518	3864	33
605	2519	3558	33
606	2522	3310	66
607	2522	3310	66
608	2522	3849	66
609	2524	3727	33
610	2524	3727	33
611	2532	3372	40
612	2535	3970	33
613	2549	3630	66
614	2596	3706	66
615	2629	3750	66
616	2641	3448	66
617	2643	3449	66
618	2643	3449	66
619	2643	3449	66
620	2644	3449	66
621	2644	3449	66
622	2647	3449	66
623	2647	3449	66
624	2650	3448	66
625	2650	3448	66
626	2650	3448	66
627	2650	3448	66
628	2650	3448	66
629	2650	3448	66
630	2650	3449	66
631	2650	3449	66
632	2650	3449	66
633	2650	3449	66
634	2650	3449	66
635	2650	3449	66
636	2650	3449	66
637	2650	3449	66
638	2650	3449	66
639	2650	3449	66
640	2650	3449	66
641	2650	3449	66
642	2650	3449	66
643	2650	3449	66
644	2650	3449	66
645	2651	3448	66
646	2653	3449	66
647	2653	3449	66
648	2680	3444	66
649	2680	3444	66
650	2680	3444	66
651	2680	3444	66
652	2680	3445	66
653	2680	3445	66
654	2680	3445	66
655	2681	3444	66
656	2681	3444	66
657	2681	3517	66
658	2682	3445	66
659	2682	3445	66
660	2682	3445	66
661	2682	3445	66
662	2682	3786	33
663	2682	3786	33
664	2684	3444	66
665	2702	3566	66
666	2735	3606	66
667	2814	3629	66
668	2895	4334	66
669	2953	3742	50
670	2981	3738	33
671	2987	3857	33
672	2989	3872	33
673	2989	4321	33
674	2991	3782	33
675	2998	3857	66
676	2998	3860	66
677	2999	3781	33
678	3000	3849	33
679	3004	3781	33
680	3004	3841	33
681	3004	4388	33
682	3008	3779	33
683	3008	3779	33
684	3008	3863	33
685	3008	3863	33
686	3008	3979	33
687	3008	3979	33
688	3008	4432	33
689	3039	3857	33
690	3039	4321	33
691	3042	3766	33
692	3042	3828	33
693	3042	3901	33
694	3057	3782	33
695	3069	4354	40
696	3077	4227	66
697	3118	4381	33
698	3159	3894	33
699	3419	4506	33
700	3419	4506	33
701	3427	4433	33
702	3429	4687	66
703	3452	4342	33
704	3453	4388	33
705	3544	4624	33
706	3557	4568	33
707	3571	4521	66
708	3603	4326	66
709	3648	5072	33
710	3790	5044	33
711	3834	5118	33
712	3844	4773	33
713	3846	4953	66
714	3847	4970	66
715	3851	4621	33
716	3873	4930	33
717	3873	5311	33
718	3880	4868	66
719	3886	5302	33
720	3887	4621	33
721	3887	4921	33
722	3912	5122	66
723	3915	4814	33
724	3917	4981	33
725	3923	4814	33
726	3924	5238	33
727	3937	5375	33
728	3940	5375	33
729	3985	5406	33
730	4010	5449	33
731	4010	5449	33
732	4010	5449	33
733	4010	5449	33
734	4010	5449	33
735	4010	5449	33
736	4010	5449	33
737	4010	5449	33
738	4010	5449	33
739	4010	5449	33
740	4010	5449	33
741	4010	5449	33
742	4010	5449	33
743	4010	5449	33
744	4010	5449	33
745	4010	5449	33
746	4010	5449	33
747	4010	5449	33
748	4014	5134	66
749	4029	5043	33
750	4030	5461	66
751	4031	5383	33
752	4031	5383	33
753	4031	5383	33
754	4031	5449	33
755	4041	5476	33
756	4041	5476	33
757	4045	4811	33
758	4045	4811	33
759	4046	4936	33
760	4048	4935	66
761	4081	5383	33
762	4090	5488	33
763	4090	5488	33
764	4090	5488	33
765	4091	5488	33
766	4091	5488	33
767	4092	5488	33
768	4092	5488	33
769	4092	5488	33
770	4092	5488	33
771	4092	5488	33
772	4095	5519	33
773	4095	5519	33
774	4095	5519	33
775	4095	5519	33
776	4095	5519	33
777	4095	5519	33
778	4135	5057	33
779	4178	5022	33
780	4221	5529	66
781	4232	5327	33
782	4249	5044	33
783	4249	5127	33
784	4249	5127	33
785	4249	5127	33
786	4249	5298	33
787	4249	5303	33
788	4249	5303	33
789	4251	5122	33
790	4253	5048	33
791	4253	5477	33
792	4254	5317	33
793	4256	5046	33
794	4256	5127	33
795	4256	5127	33
796	4256	5132	33
797	4297	5250	33
798	4326	5737	33
799	4335	5317	33
800	4370	5256	66
801	4402	5834	33
802	4409	5245	33
803	4427	5858	33
804	4466	5238	33
805	4475	5759	33
806	4484	5568	33
807	4504	5233	33
808	4520	5624	33
809	4545	5269	33
810	4545	5299	33
811	4545	5331	33
812	4566	5850	33
813	4577	5472	66
814	4580	6007	33
815	4688	6124	33
816	4701	5708	33
817	4713	5762	33
818	4713	6124	33
819	4715	5762	33
820	4717	5882	33
821	4745	5708	33
822	4745	5943	33
823	4745	5944	33
824	4786	5706	30
825	4811	6166	33
826	4811	6197	33
827	4816	5764	33
828	4816	6137	33
829	4822	6197	33
830	4879	5811	66
831	4922	6199	33
832	4927	5660	30
833	4942	6229	33
834	5048	5934	33
835	5091	6056	33
836	5105	6305	66
837	5173	6115	33
838	5294	6366	33
839	5299	6071	33
840	5299	6731	33
841	5300	6127	33
842	5300	6596	33
843	5302	6580	33
844	5305	6197	33
845	5305	6231	33
846	5305	6316	33
847	5305	6426	33
848	5305	6485	33
849	5308	6643	40
850	5346	6331	66
851	5353	6733	33
852	5354	6733	33
853	5358	6402	33
854	5358	6406	33
855	5358	6434	33
856	5383	6196	33
857	5383	6762	33
858	5387	6188	33
859	5387	6219	33
860	5388	6673	33
861	5394	6786	33
862	5395	6406	33
863	5418	6425	66
864	5438	6433	66
865	5444	6169	33
866	5444	6881	33
867	5444	6881	33
868	5447	6481	33
869	5450	6845	33
870	5450	6845	33
871	5450	6845	33
872	5452	6365	33
873	5452	6402	33
874	5452	6410	33
875	5464	6255	33
876	5478	6507	66
877	5480	6622	33
878	5487	6255	33
879	5487	6257	33
880	5514	6727	33
881	5514	6828	33
882	5515	6367	33
883	5515	6425	33
884	5515	6425	33
885	5515	6470	33
886	5515	6485	33
887	5515	6541	33
888	5515	6543	33
889	5515	6729	33
890	5515	6854	33
891	5515	6854	33
892	5516	6356	33
893	5516	6364	33
894	5516	6425	33
895	5516	6426	33
896	5516	6437	33
897	5516	6546	33
898	5516	6571	33
899	5516	6571	33
900	5516	6573	33
901	5516	6683	33
902	5516	6728	33
903	5516	6857	33
904	5516	6910	33
905	5516	6922	33
906	5516	6922	33
907	5516	6922	33
908	5516	6922	33
909	5516	6922	33
910	5516	6922	33
911	5516	6922	33
912	5516	6922	33
913	5516	6922	33
914	5516	6922	33
915	5519	6956	33
916	5519	6956	33
917	5519	6956	33
918	5519	6956	33
919	5519	6956	33
920	5520	6249	33
921	5520	6671	33
922	5520	6791	33
923	5520	6920	33
924	5520	6922	33
925	5520	6922	33
926	5520	6922	33
927	5520	6922	33
928	5520	6956	33
929	5520	6956	33
930	5520	6956	33
931	5520	6956	33
932	5520	6956	33
933	5520	6956	33
934	5520	6956	33
935	5520	6956	33
936	5520	6956	33
937	5520	6956	33
938	5520	6956	33
939	5520	6956	33
940	5520	6956	33
941	5520	6956	33
942	5520	6956	33
943	5520	6956	33
944	5520	6956	33
945	5520	6956	33
946	5520	6956	33
947	5520	6956	33
948	5520	6956	33
949	5520	6956	33
950	5520	6956	33
951	5520	6956	33
952	5520	6956	33
953	5520	6956	33
954	5520	6956	33
955	5520	6956	33
956	5520	6956	33
957	5520	6956	33
958	5520	6956	33
959	5520	6956	33
960	5520	6956	33
961	5520	6956	33
962	5520	6956	33
963	5520	6956	33
964	5520	6956	33
965	5520	6956	33
966	5520	6956	33
967	5520	6956	33
968	5520	6956	33
969	5520	6956	33
970	5520	6956	33
971	5520	6956	33
972	5520	6956	33
973	5520	6956	33
974	5520	6956	33
975	5520	6956	33
976	5520	6956	33
977	5520	6956	33
978	5520	6956	33
979	5520	6956	33
980	5520	6957	33
981	5520	6957	33
982	5520	6957	33
983	5520	6957	33
984	5520	6957	33
985	5520	6957	33
986	5520	6957	33
987	5520	6957	33
988	5520	6957	33
989	5520	6957	33
990	5520	6957	33
991	5520	6957	33
992	5520	6957	33
993	5520	6957	33
994	5526	6957	33
995	5526	6957	33
996	5526	6957	33
997	5526	6957	33
998	5526	6957	33
999	5584	6347	33
1000	5722	6827	33
1001	5722	6827	33
1002	5731	6475	66
1003	5731	6475	66
1004	5731	6475	66
1005	5732	6476	66
1006	5732	6476	66
1007	5732	6476	66
1008	5732	6476	66
1009	5732	6476	66
1010	5734	6475	66
1011	5734	6475	66
1012	5734	6475	66
1013	5735	6957	33
1014	5736	6476	66
1015	5736	6476	66
1016	5736	6476	66
1017	5736	6476	66
1018	5736	6476	66
1019	5742	6475	66
1020	5742	6475	66
1021	5742	6475	66
1022	5742	6475	66
1023	5742	6475	66
1024	5742	6475	66
1025	5742	6475	66
1026	5743	6476	66
1027	5743	6476	66
1028	5743	6476	66
1029	5743	6476	66
1030	5743	6476	66
1031	5744	6475	66
1032	5744	6475	66
1033	5744	6476	66
1034	5762	6956	33
1035	5882	7140	66
1036	5882	7140	66
1037	5882	7142	66
1038	5883	7167	33
1039	5884	7038	66
1040	5887	6785	33
1041	5887	7158	33
1042	5889	6727	33
1043	5894	7042	33
1044	5895	6845	33
1045	5895	7177	33
1046	5896	7158	33
1047	5896	7158	33
1048	5896	7158	33
1049	5896	7160	33
1050	5896	7174	33
1051	5896	7174	33
1052	5896	7175	33
1053	5896	7332	33
1054	5896	7332	33
1055	5896	7332	33
1056	5897	6961	33
1057	5897	6976	33
1058	5897	7158	33
1059	5897	7158	33
1060	5910	7110	25
1061	5940	7354	33
1062	5942	7360	66
1063	6003	7441	33
1064	6006	7086	33
1065	6025	6898	33
1066	6050	6872	33
1067	6068	6828	66
1068	6122	7204	33
1069	6122	7204	33
1070	6171	7594	33
1071	6180	7380	66
1072	6180	7380	66
1073	6291	7072	33
1074	6291	7072	33
1075	6291	7072	33
1076	6291	7072	33
1077	6292	7100	33
1078	6316	7452	33
1079	6323	7751	33
1080	6326	7393	33
1081	6327	7188	33
1082	6327	7370	33
1083	6331	7372	33
1084	6336	7151	33
1085	6351	7414	33
1086	6352	7791	33
1087	6352	7791	33
1088	6352	7791	33
1089	6352	7791	33
1090	6352	7791	33
1091	6352	7791	33
1092	6352	7791	33
1093	6352	7791	33
1094	6352	7791	33
1095	6352	7791	33
1096	6353	7084	33
1097	6353	7791	33
1098	6353	7791	33
1099	6353	7791	33
1100	6353	7791	33
1101	6353	7791	33
1102	6353	7791	33
1103	6353	7791	33
1104	6353	7791	33
1105	6353	7791	33
1106	6353	7791	33
1107	6353	7791	33
1108	6353	7791	33
1109	6355	7145	33
1110	6356	7794	33
1111	6356	7794	33
1112	6362	7467	33
1113	6367	7336	33
1114	6367	7340	33
1115	6367	7360	33
1116	6368	7218	33
1117	6368	7349	33
1118	6368	7367	33
1119	6370	7101	30
1120	6371	7102	30
1121	6375	7261	33
1122	6377	7345	33
1123	6378	7349	33
1124	6386	7587	33
1125	6387	7277	33
1126	6390	7491	33
1127	6406	7170	33
1128	6406	7186	33
1129	6406	7202	33
1130	6406	7220	33
1131	6406	7260	33
1132	6406	7304	33
1133	6415	7727	66
1134	6433	7847	33
1135	6441	7174	33
1136	6441	7175	33
1137	6441	7175	33
1138	6441	7175	33
1139	6441	7176	33
1140	6441	7178	33
1141	6441	7178	33
1142	6441	7492	33
1143	6443	7575	33
1144	6443	7882	33
1145	6443	7882	33
1146	6443	7882	33
1147	6443	7882	33
1148	6443	7882	33
1149	6443	7882	33
1150	6443	7882	33
1151	6443	7882	33
1152	6443	7882	33
1153	6443	7882	33
1154	6443	7882	33
1155	6443	7882	33
1156	6443	7882	33
1157	6443	7882	33
1158	6443	7882	33
1159	6443	7882	33
1160	6443	7882	33
1161	6443	7882	33
1162	6443	7882	33
1163	6445	7882	33
1164	6445	7882	33
1165	6446	7175	33
1166	6446	7177	33
1167	6446	7882	33
1168	6446	7882	33
1169	6446	7882	33
1170	6446	7882	33
1171	6446	7882	33
1172	6446	7882	33
1173	6446	7882	33
1174	6446	7882	33
1175	6446	7882	33
1176	6446	7882	33
1177	6446	7882	33
1178	6446	7882	33
1179	6446	7882	33
1180	6446	7882	33
1181	6446	7882	33
1182	6446	7882	33
1183	6446	7884	33
1184	6446	7884	33
1185	6447	7882	33
1186	6447	7882	33
1187	6447	7882	33
1188	6448	7553	33
1189	6451	7322	33
1190	6451	7381	66
1191	6453	7392	33
1192	6454	7512	33
1193	6475	7492	33
1194	6483	7224	25
1195	6521	7246	33
1196	6532	7503	33
1197	6541	7380	66
1198	6601	7625	33
1199	6602	7322	33
1200	6609	7484	66
1201	6609	7484	66
1202	6640	7786	33
1203	6646	7582	33
1204	6651	7471	30
1205	6671	7406	66
1206	6689	7588	33
1207	6709	7440	33
1208	6712	7891	33
1209	6727	7846	33
1210	6735	7689	33
1211	6743	7816	33
1212	6749	7681	33
1213	6749	7921	33
1214	6783	7720	66
1215	6791	7882	33
1216	6798	7865	66
1217	6849	8059	50
1218	6853	8059	50
1219	6853	8059	25
1220	6862	7831	66
1221	6871	8141	66
1222	6889	8146	33
1223	6890	7708	66
1224	6916	7932	33
1225	6918	7882	33
1226	6918	7882	33
1227	6922	7882	33
1228	6932	7800	66
1229	6976	7964	66
1230	7006	8215	66
1231	7051	8002	66
1232	7091	7928	33
1233	7105	8326	30
1234	7110	8523	66
1235	7124	7958	33
1236	7129	7958	33
1237	7158	7882	33
1238	7158	7884	33
1239	7158	7930	33
1240	7203	8228	33
1241	7322	8580	66
1242	7322	8581	66
1243	7322	8581	66
1244	7322	8582	66
1245	7331	8610	66
1246	7340	8206	66
1247	7357	8369	33
1248	7376	8797	33
1249	7386	8107	33
1250	7397	8226	66
1251	7397	8227	66
1252	7402	8825	33
1253	7441	8846	66
1254	7446	8277	33
1255	7446	8277	33
1256	7446	8527	33
1257	7545	8703	33
1258	7572	8826	66
1259	7599	8826	66
1260	7637	8828	66
1261	7805	8775	33
1262	7805	8775	33
1263	7805	9050	33
1264	7805	9056	33
1265	7811	8754	33
1266	7812	8665	33
1267	7832	8818	33
1268	7832	8887	33
1269	7847	8702	33
1270	7857	8889	33
1271	7863	9125	66
1272	7863	9243	66
1273	7877	8795	33
1274	7886	8714	33
1275	7924	8665	25
1276	7924	8692	25
1277	7924	8739	25
1278	7935	9334	33
1279	7944	8989	33
1280	7958	9218	33
1281	7969	9100	66
1282	7969	9389	33
1283	7979	8777	25
1284	7980	8881	33
1285	7986	8745	33
1286	7988	8766	33
1287	7991	8822	33
1288	8009	9199	33
1289	8026	8851	25
1290	8033	8960	33
1291	8035	9123	33
1292	8038	9175	33
1293	8046	8927	66
1294	8054	8991	33
1295	8061	8867	33
1296	8096	9062	33
1297	8121	8851	66
1298	8186	9538	33
1299	8223	9307	66
1300	8243	9365	66
1301	8251	9274	33
1302	8259	9244	66
1303	8288	9470	33
1304	8288	9470	33
1305	8291	9190	33
1306	8291	9470	33
1307	8319	9621	66
1308	8327	9095	33
1309	8327	9192	50
1310	8329	9470	33
1311	8341	9700	33
1312	8361	9283	66
1313	8361	9352	66
1314	8397	9470	33
1315	8398	9309	66
1316	8405	9429	33
1317	8444	9444	66
1318	8461	9454	66
1319	8490	9494	66
1320	8501	9394	66
1321	8521	9545	33
1322	8521	9588	33
1323	8527	9443	33
1324	8528	9555	33
1325	8528	9556	33
1326	8529	9585	33
1327	8608	9338	33
1328	8611	9535	33
1329	8637	9482	40
1330	8645	9677	33
1331	8645	9677	33
1332	8671	9721	33
1333	8675	9704	66
1334	8692	9507	66
1335	8713	9504	25
1336	8727	9866	33
1337	8728	9866	33
1338	8760	10024	66
1339	8762	10021	66
1340	8829	9703	66
1341	8852	10115	33
1342	8857	9631	33
1343	8863	10249	33
1344	8882	10318	66
1345	8886	9967	33
1346	8886	9967	33
1347	8942	9782	30
1348	9036	9900	50
1349	9086	9963	33
1350	9116	10097	33
1351	9157	10079	33
1352	9163	10142	33
1353	9196	9925	30
1354	9243	10156	50
1355	9257	10025	33
1356	9260	10436	33
1357	9261	10141	33
1358	9261	10218	33
1359	9261	10225	33
1360	9261	10283	33
1361	9261	10637	33
1362	9268	10443	66
1363	9269	10062	33
1364	9303	10632	33
1365	9365	10106	25
1366	9377	10293	66
1367	9387	10762	33
1368	9391	10142	30
1369	9396	10291	33
1370	9420	10320	33
1371	9420	10320	33
1372	9421	10260	66
1373	9422	10320	25
1374	9443	10786	33
1375	9451	10769	33
1376	9466	10291	25
1377	9508	10431	33
1378	9520	10343	66
1379	9551	10706	33
1380	9555	10628	33
1381	9556	10588	33
1382	9576	10549	33
1383	9592	10810	66
1384	9612	10837	66
1385	9656	10755	33
1386	9679	10671	33
1387	9683	10437	33
1388	9691	10755	33
1389	9700	10680	66
1390	9700	10680	66
1391	9724	10672	66
1392	9725	10799	66
1393	9753	10729	66
1394	9770	10490	40
1395	9776	10832	66
1396	9785	10668	66
1397	9884	11199	66
1398	9956	11376	33
1399	9983	10968	66
1400	9992	11372	33
1401	10027	11012	33
1402	10075	10940	25
1403	10146	11522	33
1404	10202	11460	66
1405	10202	11460	66
1406	10202	11460	66
1407	10224	10960	33
1408	10227	11402	66
1409	10237	10999	33
1410	10237	11046	33
1411	10237	11092	33
1412	10302	11583	50
1413	10311	11409	66
1414	10319	11611	66
1415	10319	11611	66
1416	10319	11611	66
1417	10336	11491	33
1418	10351	11768	33
1419	10399	11282	60
1420	10473	11624	50
1421	10501	11284	33
1422	10504	11268	33
1423	10509	11576	66
1424	10511	11669	33
1425	10511	11715	33
1426	10517	11284	33
1427	10517	11642	33
1428	10531	11284	33
1429	10648	11747	33
1430	10671	11715	33
1431	10681	12093	33
1432	10684	11668	33
1433	10688	11659	33
1434	10695	11500	33
1435	10725	11563	33
1436	10744	12126	66
1437	10747	11824	33
1438	10770	11700	66
1439	10770	11700	66
1440	10795	11583	50
1441	10796	11976	33
1442	10803	11525	66
1443	10803	11525	66
1444	10810	11647	66
1445	10810	12025	33
1446	10819	12255	33
1447	10829	12248	33
1448	10835	11583	30
1449	10837	12233	30
1450	10839	11625	66
1451	10847	11798	33
1452	10861	11700	66
1453	10861	11700	66
1454	10868	11659	33
1455	10888	11613	66
1456	10888	11613	66
1457	10888	11614	66
1458	10888	11614	66
1459	10902	11956	33
1460	10916	11701	33
1461	10921	11643	33
1462	10946	12246	33
1463	10956	11940	50
1464	10968	11846	33
1465	10973	11847	66
1466	10983	11717	33
1467	10987	11819	33
1468	10990	11846	33
1469	11001	11800	33
1470	11019	12236	66
1471	11032	11832	33
1472	11039	12339	33
1473	11039	12339	33
1474	11053	11778	33
1475	11061	12126	66
1476	11074	12044	66
1477	11080	12153	66
1478	11096	12380	25
1479	11097	12133	66
1480	11108	12074	66
1481	11127	12049	66
1482	11127	12173	33
1483	11130	11859	33
1484	11132	12380	50
1485	11132	12380	25
1486	11157	12196	66
1487	11157	12196	66
1488	11168	12116	66
1489	11181	11966	33
1490	11181	11967	33
1491	11183	12339	33
1492	11184	12167	66
1493	11204	12083	66
1494	11239	12512	33
1495	11250	12210	66
1496	11283	12339	33
1497	11296	12723	33
1498	11321	12404	33
1499	11328	12173	66
1500	11360	12655	33
1501	11387	12339	33
1502	11388	12339	33
1503	11388	12339	33
1504	11388	12341	33
1505	11391	12339	33
1506	11391	12339	33
1507	11392	12339	33
1508	11392	12339	33
1509	11392	12339	33
1510	11392	12340	33
1511	11392	12380	25
1512	11408	12381	25
1513	11427	12339	33
1514	11427	12339	33
1515	11476	12339	33
1516	11477	12339	33
1517	11477	12339	33
1518	11477	12341	33
1519	11507	12339	33
1520	11507	12339	33
1521	11507	12341	33
1522	11507	12341	33
1523	11531	12847	33
1524	11531	12847	33
1525	11531	12867	33
1526	11537	12723	66
1527	11598	13025	66
1528	11625	12381	25
1529	11642	12900	66
1530	11642	12902	66
1531	11642	12902	66
1532	11646	12482	33
1533	11692	12447	66
1534	11695	13035	66
1535	11764	12973	33
1536	11764	12978	33
1537	11810	12551	33
1538	11845	13200	33
1539	11845	13262	33
1540	11859	12963	33
1541	11957	13025	66
1542	11965	12945	33
1543	11990	13215	33
1544	12035	12775	50
1545	12127	12867	33
1546	12127	13447	33
1547	12127	13507	33
1548	12137	13004	33
1549	12137	13450	33
1550	12243	13342	33
1551	12251	13075	25
1552	12254	13067	33
1553	12268	13468	33
1554	12272	13021	30
1555	12300	13022	33
1556	12303	13024	33
1557	12310	13386	33
1558	12310	13434	33
1559	12310	13473	33
1560	12310	13670	33
1561	12346	13171	25
1562	12363	13261	25
1563	12420	13395	33
1564	12420	13457	33
1565	12420	13457	33
1566	12423	13389	33
1567	12424	13660	33
1568	12425	13660	33
1569	12441	13354	33
1570	12503	13326	33
1571	12503	13326	33
1572	12511	13649	66
1573	12560	13740	33
1574	12560	13743	33
1575	12564	13744	66
1576	12572	13411	33
1577	12618	13568	66
1578	12630	13573	66
1579	12637	13753	66
1580	12643	13648	66
1581	12660	13597	33
1582	12660	13612	33
1583	12690	13830	33
1584	12972	14262	30
1585	13033	13820	25
1586	13132	13888	30
1587	13247	14432	33
1588	13262	14392	66
1589	13356	14194	33
1590	13612	14488	66
1591	13623	14707	33
1592	13650	14590	66
1593	13650	14595	66
1594	13682	14823	30
1595	13753	14755	33
1596	13759	15166	33
1597	13759	15166	33
1598	13786	14611	25
1599	13900	14949	66
1600	13913	14957	66
1601	13933	15183	66
1602	13937	15037	66
1603	13953	15136	66
1604	13969	15030	66
1605	13972	15088	66
1606	14022	14766	33
1607	14022	14811	33
1608	14035	15149	66
1609	14087	15025	30
1610	14127	15128	66
1611	14594	15382	33
1612	14594	15414	33
1613	14594	15506	33
1614	14594	15522	33
1615	14594	15522	33
1616	14614	15948	30
1617	14773	15707	30
1618	14774	15709	30
1619	14778	16147	30
1620	14779	16147	30
1621	14852	16043	33
1622	14855	16036	33
1623	14855	16038	33
1624	14862	16064	33
1625	14969	15696	30
1626	15090	16340	33
1627	15109	16019	33
1628	15121	15869	66
1629	15121	15869	66
1630	15121	15870	66
1631	15121	15870	66
1632	15122	16263	30
1633	15123	16143	33
1634	15151	16285	33
1635	15177	16093	33
1636	15183	16123	33
1637	15197	16117	66
1638	15283	16553	33
1639	15284	16022	33
1640	15343	16341	33
1641	15373	16181	33
1642	15434	16403	66
1643	15443	16452	66
1644	15449	16260	33
1645	15458	16684	66
1646	15503	16652	66
1647	15508	16509	66
1648	15532	16287	66
1649	15574	16397	33
1650	15606	16402	33
1651	15742	16652	33
1652	15781	16506	33
1653	15781	16511	33
1654	15853	16671	66
1655	15896	16862	33
1656	15916	16717	66
1657	15961	17222	66
1658	15997	17429	66
1659	16034	16772	33
1660	16081	16912	66
1661	16085	16911	66
1662	16085	16914	66
1663	16087	17167	33
1664	16087	17168	33
1665	16141	17057	33
1666	16143	16981	30
1667	16143	16981	30
1668	16167	17605	33
1669	16192	17468	33
1670	16214	16984	33
1671	16214	17066	33
1672	16216	17134	66
1673	16216	17176	66
1674	16221	17241	33
1675	16244	17094	60
1676	16260	17460	66
1677	16261	17672	66
1678	16326	17740	66
1679	16365	17570	33
1680	16443	17269	33
1681	16447	17609	33
1682	16452	17346	33
1683	16452	17391	33
1684	16452	17718	33
1685	16452	17794	33
1686	16464	17544	33
1687	16464	17621	33
1688	16464	17768	33
1689	16504	17825	66
1690	16559	17341	33
1691	16564	17288	33
1692	16564	17766	66
1693	16564	17768	66
1694	16583	17431	66
1695	16590	17502	33
1696	16609	17978	33
1697	16616	17832	33
1698	16623	17830	33
1699	16623	17832	33
1700	16629	17431	66
1701	16630	17604	66
1702	16630	17606	66
1703	16649	17589	33
1704	16649	17657	33
1705	16673	17548	66
1706	16683	17404	33
1707	16683	17581	25
1708	16693	17951	33
1709	16703	17698	66
1710	16724	17508	66
1711	16730	17529	33
1712	16735	17758	66
1713	16739	18054	66
1714	16741	17770	33
1715	16741	17893	33
1716	16742	17643	33
1717	16752	18054	66
1718	16763	17598	33
1719	16767	17913	33
1720	16774	17879	66
1721	16781	17836	33
1722	16803	17736	33
1723	16811	17937	66
1724	16819	17795	33
1725	16847	17773	66
1726	16884	18010	66
1727	16911	17959	66
1728	16915	17715	33
1729	16933	18140	25
1730	16941	18269	33
1731	16951	18084	66
1732	16961	17853	66
1733	16973	18120	33
1734	16984	17990	66
1735	17004	18136	33
1736	17076	18022	33
1737	17180	17936	33
1738	17251	18476	33
1739	17263	18036	33
1740	17278	18071	33
1741	17280	18337	33
1742	17299	18476	33
1743	17330	18610	33
1744	17393	18719	33
1745	17402	18661	66
1746	17402	18661	66
1747	17448	18212	25
1748	17450	18264	33
1749	17450	18295	33
1750	17460	18183	33
1751	17521	18554	33
1752	17526	18607	33
1753	17527	18607	33
1754	17582	18423	30
1755	17595	18404	66
1756	17619	18576	33
1757	17661	18690	33
1758	17702	18897	66
1759	17719	18488	33
1760	17819	18783	50
1761	17865	18840	33
1762	17881	19320	66
1763	17895	18873	33
1764	17895	18932	33
1765	17900	19196	30
1766	17904	18925	33
1767	17906	18810	33
1768	17906	19019	33
1769	17906	19159	33
1770	17949	19279	33
1771	17953	18906	33
1772	17954	19323	30
1773	17954	19323	30
1774	17976	19025	33
1775	18000	18780	33
1776	18004	18726	66
1777	18004	18933	33
1778	18004	19144	66
1779	18006	19012	33
1780	18024	18785	33
1781	18026	18966	33
1782	18048	18785	66
1783	18048	18871	66
1784	18060	18960	33
1785	18061	18782	33
1786	18061	18900	66
1787	18061	18900	66
1788	18066	19273	33
1789	18089	19026	33
1790	18104	19360	33
1791	18116	19069	33
1792	18125	19048	33
1793	18130	19080	33
1794	18193	18935	66
1795	18193	19002	66
1796	18215	19493	66
1797	18236	19266	66
1798	18265	19384	66
1799	18283	19456	33
1800	18289	19340	66
1801	18336	19492	33
1802	18348	19575	33
1803	18362	19488	33
1804	18368	19485	33
1805	18394	19126	33
1806	18411	19230	66
1807	18411	19232	66
1808	18424	19363	66
1809	18478	19262	66
1810	18478	19262	66
1811	18489	19388	66
1812	18504	19338	66
1813	18504	19338	66
1814	18510	19473	66
1815	18521	19382	66
1816	18537	19361	66
1817	18542	19278	33
1818	18662	19621	33
1819	18678	19754	33
1820	18721	19763	33
1821	18745	19485	33
1822	18754	20160	66
1823	18762	20160	66
1824	18792	20160	25
1825	18792	20160	33
1826	18842	20100	66
1827	18847	19904	66
1828	18852	20160	33
1829	18859	19725	33
1830	18866	20160	33
1831	18866	20160	33
1832	18866	20160	33
1833	18866	20160	33
1834	18866	20160	33
1835	18866	20160	33
1836	18866	20160	33
1837	18866	20160	33
1838	18866	20160	33
1839	18866	20160	33
1840	18866	20160	33
1841	18866	20160	33
1842	18866	20160	33
1843	18866	20160	33
1844	18868	20160	66
1845	18868	20160	66
1846	18888	20160	33
1847	18904	20160	33
1848	18911	19724	33
1849	18911	19771	33
1850	18911	20160	66
1851	18915	20160	33
1852	18916	20160	66
1853	18935	19752	33
1854	18946	20160	66
1855	18946	20160	33
1856	18946	20160	33
1857	18946	20160	33
1858	18946	20160	33
1859	18946	20160	33
1860	18946	20160	33
1861	18946	20160	33
1862	18946	20160	33
1863	18946	20160	33
1864	18946	20160	33
1865	18947	19683	33
1866	18947	19683	33
1867	18947	19683	33
1868	18947	19806	33
1869	18947	19806	33
1870	18947	19806	33
1871	18947	19807	33
1872	18947	19807	33
1873	18947	19807	33
1874	18947	19808	33
1875	18947	19811	33
1876	18947	19811	33
1877	18947	20160	33
1878	18947	20160	33
1879	18947	20160	33
1880	18947	20160	33
1881	18947	20160	33
1882	18947	20160	33
1883	18947	20160	33
1884	18947	20160	33
1885	18947	20160	33
1886	18947	20160	33
1887	18947	20160	33
1888	18947	20160	33
1889	18947	20160	33
1890	18947	20160	33
1891	18947	20160	33
1892	18947	20160	33
1893	18947	20160	33
1894	18947	20160	33
1895	18947	20160	33
1896	18947	20160	33
1897	18947	20160	33
1898	18947	20160	33
1899	18947	20160	33
1900	18947	20160	33
1901	18947	20160	33
1902	18947	20160	33
1903	18947	20160	33
1904	18947	20160	33
1905	18947	20160	33
1906	18947	20160	33
1907	18947	20160	33
1908	18947	20160	33
1909	18947	20160	33
1910	18947	20160	33
1911	18947	20160	33
1912	18947	20160	33
1913	18947	20160	33
1914	18947	20160	33
1915	18947	20160	33
1916	18947	20160	33
1917	18947	20160	33
1918	18948	19809	33
1919	18948	19809	33
1920	18948	20160	33
1921	18948	20160	33
1922	18948	20160	33
1923	18948	20160	33
1924	18948	20160	33
1925	18948	20160	33
1926	18948	20160	33
1927	18948	20160	33
1928	18948	20160	33
1929	18948	20160	33
1930	18948	20160	33
1931	18948	20160	33
1932	18948	20160	33
1933	18948	20160	33
1934	18948	20160	33
1935	18948	20160	33
1936	18966	20047	33
1937	18966	20048	33
1938	18968	20160	33
1939	18969	19764	33
1940	18988	20160	66
1941	18988	20160	66
1942	19014	20160	33
1943	19021	20160	33
1944	19030	20091	33
1945	19047	20160	33
1946	19047	20160	33
1947	19048	20160	50
1948	19049	20160	33
1949	19065	19929	25
1950	19072	20160	66
1951	19072	20160	33
1952	19076	20160	25
1953	19102	20160	66
1954	19102	20160	66
1955	19145	20160	33
1956	19151	20160	33
1957	19186	20160	33
1958	19190	20160	33
1959	19190	20160	33
1960	19190	20160	33
1961	19190	20160	33
1962	19193	20160	33
1963	19193	20160	33
1964	19218	19949	33
1965	19222	20160	33
1966	19231	20144	33
1967	19266	20160	66
1968	19269	20160	33
1969	19281	20160	66
1970	19294	20160	33
1971	19295	20160	33
1972	19304	20144	33
1973	19311	20149	33
1974	19321	20160	33
1975	19326	20160	33
1976	19332	20160	33
1977	19341	20160	33
1978	19346	20160	33
1979	19348	20160	33
1980	19348	20160	33
1981	19348	20160	33
1982	19348	20160	33
1983	19348	20160	33
1984	19348	20160	33
1985	19356	20160	50
1986	19360	20094	30
1987	19365	20160	30
1988	19375	20160	50
1989	19379	20160	33
1990	19384	20160	33
1991	19384	20160	66
1992	19387	20160	33
1993	19387	20160	33
1994	19399	20160	33
1995	19411	20160	33
1996	19411	20160	33
1997	19414	20160	33
1998	19433	20160	33
1999	19435	20160	33
