5000	100	0	0
0	0	6	33
1	0	6	33
2	0	6	33
3	0	6	33
4	0	6	33
5	0	6	33
6	0	9	66
7	0	10	66
8	0	17	66
9	0	18	66
10	0	26	33
11	0	28	66
12	0	31	33
13	0	50	66
14	0	57	33
15	0	62	33
16	0	69	33
17	0	70	25
18	0	80	66
19	0	86	66
20	0	86	66
21	0	96	33
22	0	96	33
23	0	96	33
24	0	96	33
25	0	96	33
26	0	96	33
27	0	96	33
28	0	96	33
29	0	96	33
30	0	96	33
31	0	96	33
32	0	97	33
33	0	97	33
34	0	97	33
35	0	97	33
36	0	97	33
37	0	97	33
38	0	97	33
39	0	97	33
40	0	109	33
41	0	111	33
42	0	129	33
43	0	130	33
44	0	133	66
45	0	133	66
46	0	133	66
47	0	145	66
48	0	148	33
49	0	150	66
50	0	154	61
51	0	155	33
52	0	165	33
53	0	166	66
54	0	166	66
55	0	188	33
56	0	188	33
57	0	188	33
58	0	188	33
59	0	188	33
60	0	188	33
61	0	188	33
62	0	188	33
63	0	188	33
64	0	188	33
65	0	188	33
66	0	200	33
67	0	215	33
68	0	215	33
69	0	215	66
70	0	215	33
71	0	215	33
72	0	215	33
73	0	215	33
74	0	235	33
75	0	247	33
76	0	250	33
77	0	251	66
78	0	251	66
79	0	253	33
80	0	253	33
81	0	254	33
82	0	254	33
83	0	254	33
84	0	254	33
85	0	254	33
86	0	254	33
87	0	254	33
88	0	254	33
89	0	254	33
90	0	254	33
91	0	254	33
92	0	258	66
93	0	258	66
94	0	258	66
95	0	268	33
96	0	268	33
97	0	269	33
98	0	269	33
99	0	269	33
100	0	269	33
101	0	269	33
102	0	269	33
103	0	272	50
104	0	276	33
105	0	279	33
106	0	280	33
107	0	310	33
108	0	345	33
109	0	361	33
110	0	378	33
111	0	396	66
112	0	419	33
113	0	419	33
114	0	419	33
115	0	420	33
116	0	423	33
117	0	477	33
118	0	506	33
119	0	506	33
120	0	506	33
121	0	506	33
122	0	507	33
123	0	507	33
124	0	507	33
125	0	507	33
126	0	507	33
127	0	507	33
128	0	509	33
129	0	511	33
130	0	513	66
131	0	513	66
132	0	513	66
133	0	513	66
134	0	514	33
135	0	515	66
136	0	516	66
137	0	520	66
138	0	520	66
139	0	528	33
140	0	528	66
141	0	531	66
142	0	531	66
143	0	531	66
144	0	531	66
145	0	537	33
146	0	538	33
147	0	538	33
148	0	538	33
149	0	542	33
150	0	550	33
151	0	550	33
152	0	550	61
153	0	550	33
154	0	552	33
155	0	552	33
156	0	552	33
157	0	555	33
158	0	576	66
159	0	577	33
160	0	579	33
161	0	579	33
162	0	579	33
163	0	579	33
164	0	580	33
165	0	580	33
166	0	580	33
167	0	580	33
168	0	580	33
169	0	580	33
170	0	580	33
171	0	580	33
172	0	580	33
173	0	580	33
174	0	605	66
175	0	612	33
176	0	618	33
177	0	626	33
178	0	627	33
179	0	638	33
180	0	640	33
181	0	640	33
182	0	640	33
183	0	640	33
184	0	640	33
185	0	651	66
186	0	693	33
187	0	755	33
188	0	755	33
189	0	755	33
190	0	755	33
191	0	755	33
192	0	755	33
193	0	755	33
194	0	755	33
195	0	755	33
196	0	844	33
197	0	846	33
198	0	945	66
199	0	1013	66
200	0	1052	33
201	0	1087	66
202	0	1141	33
203	0	1142	33
204	0	1142	33
205	0	1156	33
206	0	1157	33
207	0	1158	33
208	0	1390	33
209	0	1418	66
210	0	1418	66
211	1	32	66
212	1	105	33
213	17	18	33
214	20	72	33
215	27	44	33
216	28	50	66
217	37	56	33
218	60	65	66
219	60	65	66
220	60	66	33
221	60	66	33
222	60	66	33
223	60	66	33
224	60	66	33
225	60	66	33
226	60	66	33
227	60	66	33
228	60	88	66
229	61	86	66
230	67	267	50
231	73	94	66
232	73	102	33
233	75	109	66
234	76	86	66
235	90	95	33
236	90	96	33
237	90	96	33
238	90	96	33
239	90	96	33
240	90	96	33
241	91	388	33
242	100	130	66
243	100	242	66
244	105	127	33
245	117	177	66
246	120	126	33
247	120	126	33
248	120	126	33
249	120	144	33
250	121	178	33
251	125	516	66
252	126	223	66
253	127	128	66
254	130	131	66
255	133	516	66
256	133	516	66
257	137	154	33
258	154	171	66
259	171	204	66
260	180	186	33
261	180	186	33
262	181	211	66
263	196	254	25
264	196	396	25
265	201	346	66
266	206	460	66
267	210	215	33
268	210	216	33
269	210	216	33
270	210	216	33
271	210	216	33
272	210	216	33
273	221	222	50
274	221	296	33
275	230	457	66
276	230	457	66
277	232	254	33
278	240	245	33
279	240	246	33
280	240	246	33
281	242	340	66
282	242	457	66
283	243	311	66
284	244	249	66
285	245	770	66
286	247	1327	33
287	250	251	33
288	250	284	33
289	250	413	25
290	253	457	33
291	253	962	33
292	254	260	33
293	261	305	33
294	261	358	33
295	261	359	33
296	261	368	33
297	261	1156	66
298	267	268	66
299	268	282	33
300	268	355	33
301	270	271	33
302	270	459	66
303	274	377	33
304	276	291	33
305	281	298	50
306	282	289	33
307	282	304	33
308	282	305	33
309	282	661	33
310	282	1142	33
311	282	1142	33
312	284	1157	33
313	285	408	33
314	301	307	66
315	301	307	66
316	303	525	33
317	303	1270	33
318	311	320	66
319	316	722	30
320	320	336	66
321	331	358	33
322	332	353	33
323	349	492	25
324	352	1629	33
325	354	507	30
326	360	378	33
327	361	370	66
328	362	379	66
329	372	419	25
330	378	404	66
331	382	679	33
332	385	405	33
333	387	885	66
334	401	559	33
335	415	418	33
336	415	445	66
337	415	445	66
338	415	450	66
339	415	734	33
340	415	734	33
341	415	1043	33
342	415	1043	33
343	416	485	66
344	417	418	33
345	417	421	33
346	417	427	33
347	417	427	33
348	417	459	33
349	417	1140	33
350	417	1142	33
351	418	424	33
352	420	426	33
353	420	459	33
354	421	479	33
355	421	494	33
356	422	427	66
357	424	1659	33
358	425	431	33
359	425	431	33
360	425	431	33
361	425	431	33
362	426	432	33
363	427	431	33
364	427	1156	33
365	427	1157	33
366	427	1157	33
367	436	441	66
368	440	446	66
369	442	506	33
370	444	449	66
371	444	449	66
372	444	449	66
373	445	465	33
374	445	465	33
375	446	458	33
376	447	449	33
377	447	1158	33
378	451	452	33
379	451	456	33
380	451	456	33
381	451	457	33
382	451	457	33
383	451	457	33
384	451	457	33
385	451	457	33
386	451	457	33
387	451	498	66
388	451	540	33
389	451	862	33
390	453	455	33
391	455	460	33
392	458	463	33
393	462	780	33
394	481	507	66
395	481	871	50
396	492	575	66
397	496	657	33
398	516	517	66
399	518	521	66
400	518	549	66
401	518	1141	66
402	518	1141	66
403	526	599	33
404	538	541	33
405	538	616	33
406	538	1142	33
407	539	542	33
408	541	549	66
409	546	766	66
410	556	651	33
411	563	650	66
412	566	585	33
413	572	764	33
414	577	640	66
415	578	689	25
416	578	709	66
417	585	665	33
418	587	598	66
419	587	625	33
420	590	1142	66
421	593	595	66
422	593	922	66
423	593	1891	66
424	596	659	33
425	600	606	66
426	600	606	66
427	600	606	66
428	600	702	33
429	600	702	33
430	601	687	33
431	601	702	33
432	601	702	33
433	602	1996	33
434	603	702	33
435	609	1303	33
436	610	632	33
437	614	618	33
438	614	688	66
439	614	1157	33
440	614	1157	33
441	614	1157	33
442	614	1158	33
443	617	622	33
444	617	622	33
445	617	622	33
446	617	622	33
447	617	623	33
448	617	635	33
449	617	1328	33
450	617	1562	33
451	617	1809	33
452	618	623	33
453	618	624	33
454	618	624	33
455	618	624	33
456	618	718	33
457	619	789	33
458	620	625	33
459	620	626	33
460	622	627	33
461	622	627	33
462	624	630	33
463	625	631	33
464	625	665	33
465	626	632	33
466	627	753	33
467	627	1157	33
468	635	636	66
469	661	690	33
470	661	691	33
471	661	713	33
472	661	722	33
473	666	676	33
474	666	705	33
475	666	713	33
476	666	730	33
477	672	719	33
478	676	731	66
479	685	721	33
480	685	1849	33
481	690	735	33
482	696	795	33
483	697	709	50
484	709	737	33
485	721	1102	66
486	722	762	66
487	723	747	33
488	723	778	66
489	734	744	33
490	736	798	33
491	745	776	33
492	748	760	33
493	748	763	33
494	751	794	33
495	751	1290	66
496	753	1312	33
497	759	761	66
498	759	854	66
499	759	1142	66
500	760	811	33
501	766	1901	33
502	767	1901	33
503	781	838	33
504	791	827	33
505	793	890	33
506	794	821	33
507	798	804	33
508	805	831	33
509	808	1785	33
510	812	821	66
511	813	882	66
512	816	1901	33
513	816	1901	33
514	817	1901	33
515	819	1901	33
516	821	1802	33
517	824	913	66
518	826	1036	33
519	835	920	33
520	840	851	33
521	840	911	66
522	842	898	66
523	844	846	33
524	845	936	30
525	851	1298	33
526	854	1001	66
527	854	1001	66
528	855	985	66
529	856	915	66
530	856	1001	66
531	858	1001	66
532	858	1001	66
533	871	879	33
534	878	1181	33
535	890	912	33
536	892	910	30
537	899	985	66
538	900	901	66
539	900	1201	33
540	900	1450	66
541	901	959	33
542	904	931	33
543	905	906	66
544	905	1026	66
545	910	976	33
546	914	931	66
547	916	931	66
548	922	942	33
549	922	957	33
550	923	1871	33
551	938	1450	66
552	954	1026	33
553	954	1059	33
554	955	961	33
555	955	1141	33
556	956	962	33
557	956	962	33
558	958	965	33
559	959	971	25
560	961	1058	33
561	961	1137	33
562	965	980	33
563	966	1140	33
564	967	980	33
565	971	989	33
566	972	1006	33
567	972	1026	66
568	975	1133	66
569	976	1062	33
570	983	1226	30
571	987	992	33
572	987	993	33
573	987	1092	33
574	987	1142	33
575	988	994	33
576	989	1217	33
577	991	992	33
578	991	1021	66
579	999	1021	33
580	999	1026	33
581	1001	1007	33
582	1001	1007	33
583	1003	1008	33
584	1005	1142	33
585	1009	1021	33
586	1009	1026	33
587	1009	1043	33
588	1009	1044	33
589	1015	1152	66
590	1015	1163	66
591	1018	1020	66
592	1019	1076	33
593	1019	1120	33
594	1020	1039	33
595	1021	1047	66
596	1021	1053	33
597	1021	1055	33
598	1021	1056	33
599	1021	1057	33
600	1021	1062	66
601	1021	1062	66
602	1021	1062	66
603	1023	1028	33
604	1026	1028	33
605	1026	1028	33
606	1027	1057	33
607	1029	1033	33
608	1030	1081	66
609	1031	1100	33
610	1032	1041	33
611	1032	1052	33
612	1036	1120	66
613	1036	1703	33
614	1037	1069	33
615	1041	1297	66
616	1043	1056	66
617	1043	1057	66
618	1045	1293	66
619	1045	1314	66
620	1047	1062	33
621	1047	1703	33
622	1052	1343	33
623	1055	1095	33
624	1059	1064	33
625	1059	1072	33
626	1059	1083	33
627	1059	1083	33
628	1059	1085	33
629	1066	1075	66
630	1067	1217	33
631	1070	1156	66
632	1077	1114	33
633	1082	1122	33
634	1098	1109	33
635	1099	1109	33
636	1099	1116	33
637	1099	1127	33
638	1102	1122	25
639	1102	1134	33
640	1103	1122	33
641	1107	1113	30
642	1127	1203	66
643	1129	1164	33
644	1140	1199	66
645	1140	1199	66
646	1140	1199	66
647	1140	1199	66
648	1140	1320	66
649	1141	1199	66
650	1141	1199	66
651	1142	1144	33
652	1142	1199	66
653	1146	2386	33
654	1155	1199	66
655	1156	1225	33
656	1156	1247	33
657	1156	1257	33
658	1156	1518	33
659	1156	1770	33
660	1156	2119	33
661	1157	1199	66
662	1157	1199	66
663	1157	1244	66
664	1158	1184	33
665	1158	1214	33
666	1159	1247	33
667	1159	1276	33
668	1162	1203	33
669	1166	1408	30
670	1169	1181	33
671	1176	1219	33
672	1177	1180	66
673	1182	1210	33
674	1198	1239	50
675	1198	1332	66
676	1204	1205	66
677	1206	1294	66
678	1207	1217	33
679	1210	1606	33
680	1214	1590	33
681	1216	1381	25
682	1218	1303	66
683	1219	1225	66
684	1219	1323	66
685	1219	1388	66
686	1233	1337	33
687	1240	1287	33
688	1242	2494	66
689	1245	1263	33
690	1246	1259	33
691	1249	1370	33
692	1256	1273	66
693	1260	1354	66
694	1261	1266	66
695	1261	1360	66
696	1267	1337	33
697	1267	1402	33
698	1267	1476	33
699	1267	1477	33
700	1269	1477	33
701	1271	1331	33
702	1271	1336	33
703	1278	1291	50
704	1281	1319	66
705	1282	1312	33
706	1294	1337	33
707	1298	1359	33
708	1298	1506	66
709	1299	1359	33
710	1299	1508	33
711	1306	1424	66
712	1313	2270	66
713	1318	2270	66
714	1320	1336	33
715	1321	1380	33
716	1321	1400	66
717	1322	2062	66
718	1324	1604	33
719	1327	1328	66
720	1327	1328	66
721	1328	1419	66
722	1335	2271	66
723	1337	1397	33
724	1339	1397	66
725	1342	2270	66
726	1347	2709	33
727	1350	1351	66
728	1351	1652	30
729	1352	1359	33
730	1357	1369	50
731	1358	1397	66
732	1363	1413	33
733	1367	1372	66
734	1378	1752	33
735	1378	2131	33
736	1379	1458	33
737	1381	1413	33
738	1381	1419	33
739	1381	1440	33
740	1381	1440	33
741	1381	1440	33
742	1385	1394	33
743	1387	1424	66
744	1395	1467	66
745	1396	1440	66
746	1402	1423	33
747	1402	1469	66
748	1403	1461	66
749	1404	2300	25
750	1411	1431	33
751	1411	1431	33
752	1412	1439	66
753	1418	1847	30
754	1433	2856	33
755	1441	1500	25
756	1446	1531	66
757	1448	1548	66
758	1453	1463	33
759	1479	1526	33
760	1489	2710	33
761	1501	1560	33
762	1502	1768	33
763	1506	1679	33
764	1510	1637	33
765	1517	1739	33
766	1519	2035	66
767	1532	1556	33
768	1546	1638	33
769	1548	1669	33
770	1549	1940	33
771	1561	1740	33
772	1562	1664	33
773	1562	1718	33
774	1562	1740	33
775	1576	1650	33
776	1582	1602	33
777	1587	1601	33
778	1587	1651	66
779	1588	1767	66
780	1599	1636	33
781	1606	1616	66
782	1609	1762	66
783	1612	1683	40
784	1620	1786	33
785	1623	1742	66
786	1629	1785	33
787	1633	2319	33
788	1634	1876	33
789	1635	1641	33
790	1635	2183	33
791	1636	1650	33
792	1636	1693	33
793	1636	1742	33
794	1636	1757	33
795	1641	1752	33
796	1642	1668	33
797	1642	1692	33
798	1645	1681	33
799	1648	1661	33
800	1649	1655	33
801	1649	1655	33
802	1650	1681	33
803	1650	1681	33
804	1650	1745	33
805	1650	1899	33
806	1652	1761	50
807	1680	1711	33
808	1681	1842	25
809	1681	2037	66
810	1684	1701	33
811	1684	2043	33
812	1690	1770	25
813	1693	1704	66
814	1697	1717	66
815	1697	1717	66
816	1697	1722	66
817	1707	1727	66
818	1709	1711	33
819	1711	1770	33
820	1712	1714	33
821	1718	1729	66
822	1719	1768	66
823	1726	1728	33
824	1726	1729	33
825	1726	1736	33
826	1726	1936	33
827	1726	2225	33
828	1728	1855	33
829	1734	1736	33
830	1738	1740	33
831	1738	1741	33
832	1738	1743	33
833	1738	1743	33
834	1738	1743	33
835	1738	1743	33
836	1738	2043	33
837	1738	2650	33
838	1739	1744	33
839	1739	1744	33
840	1739	1744	33
841	1740	1743	33
842	1740	1863	33
843	1741	1766	33
844	1741	1777	33
845	1749	2429	33
846	1756	1799	33
847	1764	2075	33
848	1765	1826	33
849	1765	1837	33
850	1771	1792	66
851	1771	2232	66
852	1779	1855	66
853	1799	1801	33
854	1799	1801	33
855	1799	1801	33
856	1799	1801	33
857	1799	1805	33
858	1799	1805	33
859	1799	1805	33
860	1799	2044	33
861	1801	1810	66
862	1809	1815	33
863	1809	1815	33
864	1809	1815	33
865	1809	1815	33
866	1809	1841	33
867	1811	1812	33
868	1811	1817	33
869	1812	1813	33
870	1816	2207	33
871	1816	2998	33
872	1818	1819	33
873	1818	1831	33
874	1818	2706	33
875	1827	1831	33
876	1827	1839	33
877	1827	1862	33
878	1827	1863	33
879	1828	1833	33
880	1830	1884	66
881	1832	1837	33
882	1832	1882	66
883	1835	1837	33
884	1835	2131	33
885	1839	1861	33
886	1840	1862	33
887	1840	1936	33
888	1840	2210	33
889	1841	1847	33
890	1841	1861	66
891	1844	1845	33
892	1854	1895	33
893	1856	1864	33
894	1857	1914	33
895	1861	1890	33
896	1861	1981	66
897	1864	1925	66
898	1865	2109	33
899	1866	1937	25
900	1867	2039	33
901	1867	2039	33
902	1877	1878	66
903	1881	2073	33
904	1883	1947	50
905	1884	2124	33
906	1885	1887	33
907	1891	1898	33
908	1891	1900	66
909	1891	1936	66
910	1896	1902	33
911	1900	2025	33
912	1902	1957	33
913	1908	1927	33
914	1911	2050	33
915	1915	3142	33
916	1917	1926	33
917	1918	2504	33
918	1921	1925	33
919	1921	1989	33
920	1923	1929	33
921	1930	1936	33
922	1930	1936	33
923	1932	2044	33
924	1933	1975	33
925	1933	1995	33
926	1933	2098	33
927	1936	1937	33
928	1936	2069	25
929	1937	1995	33
930	1937	1997	33
931	1942	1962	33
932	1943	1986	33
933	1946	1953	33
934	1949	1954	33
935	1950	1955	33
936	1950	2046	33
937	1953	1958	33
938	1954	2267	30
939	1958	1964	33
940	1960	1965	33
941	1964	1983	33
942	1965	1971	33
943	1971	1984	33
944	1971	1985	33
945	1981	2078	33
946	1982	2020	66
947	1984	2008	66
948	1984	2074	66
949	1987	2087	50
950	1993	2045	50
951	1996	2056	66
952	1996	2056	50
953	2010	2051	33
954	2010	2051	33
955	2010	2051	33
956	2010	2066	33
957	2010	2088	33
958	2011	2020	66
959	2011	2045	33
960	2022	2027	66
961	2041	2100	66
962	2054	2065	33
963	2057	2126	33
964	2058	2426	33
965	2058	3065	33
966	2064	2075	66
967	2064	2075	66
968	2064	2075	66
969	2065	2075	66
970	2071	2100	33
971	2075	2256	66
972	2080	2823	66
973	2084	3103	33
974	2088	2092	33
975	2096	2178	33
976	2116	2523	33
977	2121	2212	33
978	2151	2182	33
979	2151	2187	33
980	2151	2217	33
981	2151	2233	33
982	2152	2221	33
983	2152	2230	33
984	2153	2217	33
985	2161	2171	66
986	2163	3183	33
987	2164	2211	25
988	2166	2966	33
989	2168	2180	66
990	2171	2218	33
991	2171	2333	33
992	2172	2187	33
993	2172	2204	33
994	2172	2207	66
995	2173	2402	33
996	2180	2219	25
997	2185	2342	66
998	2185	2420	66
999	2190	2199	33
1000	2196	2970	33
1001	2197	2236	33
1002	2201	2341	33
1003	2214	2234	33
1004	2221	2268	66
1005	2225	2452	33
1006	2227	2340	33
1007	2228	2262	33
1008	2230	2402	33
1009	2235	2245	33
1010	2238	2275	33
1011	2243	2553	30
1012	2247	2494	30
1013	2247	2622	66
1014	2254	2444	66
1015	2256	2279	33
1016	2261	2953	33
1017	2264	2945	25
1018	2272	2582	30
1019	2279	2291	33
1020	2282	2365	66
1021	2282	2841	66
1022	2285	2414	33
1023	2291	2305	33
1024	2296	2308	33
1025	2296	2308	33
1026	2315	2394	33
1027	2316	2340	33
1028	2317	2318	33
1029	2317	2322	33
1030	2317	2331	33
1031	2318	2319	33
1032	2318	2327	33
1033	2318	2357	33
1034	2318	2404	33
1035	2318	2420	33
1036	2319	2352	33
1037	2321	2342	33
1038	2322	2342	33
1039	2322	2404	33
1040	2322	2404	33
1041	2325	2340	33
1042	2326	2348	33
1043	2326	2410	33
1044	2327	2328	33
1045	2327	2329	33
1046	2327	2330	33
1047	2330	2410	66
1048	2341	2383	33
1049	2342	2397	33
1050	2342	2400	33
1051	2343	2381	33
1052	2343	2423	33
1053	2344	2449	33
1054	2349	3002	33
1055	2353	2429	66
1056	2355	2400	25
1057	2356	2362	33
1058	2356	2362	33
1059	2356	2362	33
1060	2356	2380	33
1061	2357	2363	33
1062	2357	2363	33
1063	2357	2363	33
1064	2360	2361	33
1065	2370	2375	33
1066	2374	2460	33
1067	2377	2388	50
1068	2381	2433	33
1069	2381	2538	33
1070	2383	2388	33
1071	2384	2389	33
1072	2385	2390	33
1073	2387	2687	30
1074	2399	2400	33
1075	2400	2463	33
1076	2402	2403	33
1077	2406	2468	33
1078	2406	2482	33
1079	2413	2488	66
1080	2414	2415	33
1081	2415	2950	30
1082	2422	2442	33
1083	2429	2462	33
1084	2429	2504	33
1085	2429	2533	33
1086	2429	2569	33
1087	2430	2471	50
1088	2431	2742	33
1089	2434	2465	33
1090	2434	2476	33
1091	2434	3236	66
1092	2454	2465	33
1093	2456	2462	33
1094	2466	2537	66
1095	2468	2474	33
1096	2470	3071	66
1097	2471	2508	33
1098	2472	2500	33
1099	2476	2484	33
1100	2476	2486	33
1101	2476	2598	33
1102	2476	2652	33
1103	2477	2481	33
1104	2480	2486	33
1105	2480	2486	33
1106	2480	2486	33
1107	2480	2489	33
1108	2482	2502	33
1109	2482	2508	33
1110	2485	2507	50
1111	2489	2931	33
1112	2507	2513	33
1113	2507	2513	33
1114	2507	2579	66
1115	2517	3856	33
1116	2517	3857	33
1117	2520	2521	33
1118	2520	2522	33
1119	2521	2522	33
1120	2521	2560	66
1121	2525	2592	33
1122	2551	2602	66
1123	2555	2571	33
1124	2558	2704	30
1125	2563	2583	33
1126	2580	2610	40
1127	2581	2610	40
1128	2589	2592	33
1129	2596	2689	66
1130	2596	2689	66
1131	2599	2661	66
1132	2608	2627	30
1133	2609	2610	66
1134	2624	2640	33
1135	2629	3750	66
1136	2631	2918	66
1137	2636	2854	25
1138	2650	2699	33
1139	2650	3449	66
1140	2650	3449	66
1141	2656	2657	66
1142	2657	2759	33
1143	2658	2665	66
1144	2661	2685	33
1145	2661	2739	33
1146	2662	2682	33
1147	2662	2740	33
1148	2664	2685	33
1149	2664	2692	33
1150	2664	2702	33
1151	2664	2726	33
1152	2664	2726	33
1153	2664	2740	33
1154	2667	2684	33
1155	2667	2687	33
1156	2673	2797	33
1157	2680	3444	66
1158	2683	2744	33
1159	2686	2789	33
1160	2687	2887	66
1161	2688	2747	66
1162	2691	2694	33
1163	2700	2705	33
1164	2701	2817	33
1165	2716	2799	66
1166	2716	2936	66
1167	2728	2741	33
1168	2749	2767	66
1169	2750	2753	66
1170	2761	2776	66
1171	2761	2850	66
1172	2769	2876	33
1173	2781	2940	33
1174	2787	2974	33
1175	2788	2977	33
1176	2789	2880	33
1177	2790	2975	33
1178	2791	2878	33
1179	2791	2913	66
1180	2793	2929	33
1181	2793	2964	33
1182	2793	2969	33
1183	2793	2969	33
1184	2804	2820	50
1185	2806	2836	66
1186	2812	2819	33
1187	2847	2878	33
1188	2850	2859	66
1189	2857	2871	50
1190	2858	2870	66
1191	2865	2940	33
1192	2867	2954	66
1193	2867	2954	66
1194	2883	2901	66
1195	2883	3352	66
1196	2885	2969	66
1197	2895	2904	66
1198	2899	3337	33
1199	2902	2922	33
1200	2902	2927	33
1201	2902	2937	33
1202	2925	2952	33
1203	2937	2979	66
1204	2941	2966	66
1205	2953	2970	66
1206	2954	3233	33
1207	2967	3001	33
1208	2977	2988	50
1209	2977	2989	33
1210	2977	3003	33
1211	2977	3003	33
1212	2980	3856	33
1213	2981	3059	33
1214	2981	3086	33
1215	2987	2992	33
1216	2987	2992	33
1217	2987	3557	33
1218	2988	3864	33
1219	2988	3864	33
1220	2989	2991	33
1221	2989	3007	33
1222	2989	3189	33
1223	2993	2998	33
1224	2993	2998	33
1225	2994	2995	33
1226	2994	3000	33
1227	2998	2999	33
1228	2998	3000	66
1229	2998	3000	66
1230	2998	3002	66
1231	2998	3003	66
1232	2998	3004	33
1233	2998	3004	33
1234	2998	3004	33
1235	2998	3004	33
1236	2998	3858	66
1237	2999	3000	33
1238	2999	3094	33
1239	2999	3258	33
1240	3000	3002	33
1241	3000	3006	33
1242	3001	3003	66
1243	3002	3007	33
1244	3002	3015	33
1245	3002	3349	66
1246	3003	3009	33
1247	3004	3113	33
1248	3005	3056	33
1249	3005	3106	66
1250	3005	3113	33
1251	3006	3012	33
1252	3006	3012	33
1253	3006	3012	33
1254	3007	3013	33
1255	3007	3013	33
1256	3007	3013	33
1257	3008	3062	33
1258	3008	3107	33
1259	3008	3638	33
1260	3016	3113	33
1261	3020	3056	33
1262	3022	3042	33
1263	3028	3040	33
1264	3030	3031	33
1265	3030	3031	33
1266	3030	3056	33
1267	3030	3062	33
1268	3030	3101	33
1269	3031	3068	33
1270	3031	3096	33
1271	3031	3101	33
1272	3032	3105	33
1273	3038	3130	66
1274	3039	3044	33
1275	3039	3048	33
1276	3039	3061	33
1277	3039	3144	33
1278	3039	3218	33
1279	3040	3056	33
1280	3041	3144	33
1281	3042	3046	33
1282	3047	3057	66
1283	3049	4030	33
1284	3050	3062	33
1285	3056	3130	66
1286	3061	3106	66
1287	3063	3538	66
1288	3073	3133	33
1289	3073	3170	33
1290	3092	3097	33
1291	3092	3097	33
1292	3093	3099	33
1293	3098	3267	66
1294	3105	3521	25
1295	3109	3114	33
1296	3111	3116	33
1297	3111	3116	33
1298	3111	3117	33
1299	3111	3117	33
1300	3111	3117	33
1301	3114	3119	33
1302	3114	3120	33
1303	3114	3120	33
1304	3115	3116	33
1305	3115	3117	33
1306	3115	3120	33
1307	3115	3120	33
1308	3117	3211	33
1309	3130	3133	66
1310	3130	3135	33
1311	3130	3151	33
1312	3131	3133	33
1313	3132	3151	33
1314	3139	3161	33
1315	3148	3162	33
1316	3159	3211	33
1317	3160	3166	33
1318	3160	3167	33
1319	3160	3190	33
1320	3160	3211	33
1321	3160	3262	33
1322	3161	3167	33
1323	3161	3262	33
1324	3165	3189	33
1325	3183	3232	33
1326	3185	3230	33
1327	3185	3279	66
1328	3188	3195	33
1329	3188	3232	33
1330	3211	3319	66
1331	3212	3263	33
1332	3233	3428	66
1333	3233	3473	33
1334	3234	3382	66
1335	3243	3372	33
1336	3261	3362	33
1337	3261	3589	33
1338	3261	3602	33
1339	3261	3783	33
1340	3261	3856	33
1341	3262	3297	33
1342	3271	3321	33
1343	3271	3378	66
1344	3272	3286	33
1345	3272	3314	33
1346	3272	3331	33
1347	3272	3334	33
1348	3274	3307	33
1349	3278	3317	33
1350	3278	3414	33
1351	3293	3401	66
1352	3301	3402	33
1353	3317	3327	66
1354	3330	3337	33
1355	3335	3341	33
1356	3335	3372	33
1357	3338	3343	33
1358	3338	3344	33
1359	3339	3429	33
1360	3340	3345	33
1361	3340	3345	33
1362	3341	3347	33
1363	3346	4021	66
1364	3347	3357	66
1365	3355	3467	66
1366	3357	3411	33
1367	3362	3464	66
1368	3369	3452	33
1369	3375	3400	66
1370	3375	3434	33
1371	3375	3465	33
1372	3376	3434	33
1373	3376	3452	33
1374	3376	3465	33
1375	3376	3467	33
1376	3376	3467	33
1377	3377	3461	33
1378	3392	3414	33
1379	3398	3403	33
1380	3400	3406	33
1381	3403	3404	33
1382	3404	3424	33
1383	3417	3450	33
1384	3420	4088	66
1385	3426	3578	66
1386	3427	3432	33
1387	3427	3432	33
1388	3427	3432	33
1389	3427	3526	33
1390	3427	3550	33
1391	3427	3559	33
1392	3437	3550	33
1393	3442	3467	33
1394	3454	3459	33
1395	3455	3485	30
1396	3455	3556	33
1397	3457	3581	66
1398	3458	3481	33
1399	3458	3578	66
1400	3474	3481	33
1401	3475	3481	33
1402	3475	3481	33
1403	3475	3481	33
1404	3475	3548	33
1405	3477	3478	33
1406	3480	3483	66
1407	3480	3485	66
1408	3485	3579	33
1409	3493	3494	33
1410	3493	3735	33
1411	3494	3500	33
1412	3497	3502	33
1413	3498	3504	33
1414	3498	3504	33
1415	3499	3633	33
1416	3502	3522	33
1417	3522	3604	66
1418	3524	3532	33
1419	3558	3616	66
1420	3562	3587	33
1421	3570	4506	66
1422	3578	4325	33
1423	3582	3588	30
1424	3584	3602	33
1425	3588	3593	40
1426	3592	3642	33
1427	3599	3617	33
1428	3599	3617	33
1429	3599	3632	33
1430	3599	3647	33
1431	3599	3681	33
1432	3602	3668	33
1433	3603	3612	33
1434	3603	3613	33
1435	3603	3613	33
1436	3604	3617	33
1437	3604	3647	33
1438	3604	3657	33
1439	3622	3636	66
1440	3629	4718	33
1441	3631	3798	66
1442	3632	3823	66
1443	3633	4202	66
1444	3659	3671	66
1445	3661	3729	66
1446	3667	3834	25
1447	3670	3728	33
1448	3672	3748	33
1449	3678	3702	33
1450	3678	3702	33
1451	3678	3702	33
1452	3682	3702	33
1453	3691	3702	66
1454	3728	3791	66
1455	3730	3775	66
1456	3732	3735	33
1457	3732	3835	33
1458	3733	3738	33
1459	3736	3739	33
1460	3768	3780	33
1461	3769	3774	33
1462	3769	3775	33
1463	3769	3775	33
1464	3769	3775	33
1465	3770	3786	33
1466	3770	3794	33
1467	3774	3779	33
1468	3774	3779	33
1469	3774	3779	33
1470	3780	3785	33
1471	3781	3784	33
1472	3781	3784	33
1473	3781	3784	33
1474	3781	3784	33
1475	3781	3787	33
1476	3783	3784	33
1477	3784	3786	33
1478	3786	3885	33
1479	3789	3837	33
1480	3789	3854	33
1481	3789	3897	33
1482	3790	3813	33
1483	3790	3837	33
1484	3791	3792	33
1485	3791	3793	33
1486	3792	3845	33
1487	3792	3846	33
1488	3792	3857	33
1489	3805	3806	33
1490	3805	3811	33
1491	3806	3857	33
1492	3806	3947	33
1493	3808	3824	66
1494	3808	3824	66
1495	3809	3814	33
1496	3809	3814	33
1497	3812	3817	33
1498	3823	3847	66
1499	3832	3833	33
1500	3833	3835	33
1501	3843	3858	33
1502	3844	3849	33
1503	3844	3850	33
1504	3845	3851	33
1505	3848	3853	33
1506	3848	3853	33
1507	3849	3944	33
1508	3856	3883	33
1509	3856	3908	66
1510	3859	4389	33
1511	3862	3898	33
1512	3866	3871	33
1513	3866	3871	33
1514	3868	3869	33
1515	3868	3874	33
1516	3870	3971	33
1517	3872	3873	33
1518	3873	5311	33
1519	3875	3967	33
1520	3881	3882	33
1521	3884	3989	33
1522	3885	3989	33
1523	3902	5115	66
1524	3910	3959	33
1525	3911	4122	33
1526	3915	3919	33
1527	3917	3919	33
1528	3917	4021	33
1529	3917	4030	33
1530	3917	4030	33
1531	3917	4030	33
1532	3924	3961	33
1533	3925	3931	33
1534	3935	3960	33
1535	3936	3941	33
1536	3936	3941	33
1537	3942	3948	33
1538	3942	3948	33
1539	3949	3954	33
1540	3949	3954	33
1541	3949	3954	33
1542	3950	3956	33
1543	3959	3964	33
1544	3959	3965	33
1545	3960	3966	33
1546	3960	4067	66
1547	3960	4067	66
1548	3961	4025	33
1549	3962	3968	33
1550	3964	3970	33
1551	3966	3999	33
1552	3970	3975	33
1553	3970	3975	33
1554	3970	3975	33
1555	3970	3975	33
1556	3970	3975	33
1557	3971	3994	33
1558	3976	4038	33
1559	3977	3994	33
1560	3977	3994	33
1561	3978	4037	33
1562	3979	3999	40
1563	3980	3986	33
1564	3980	3986	33
1565	3980	3986	33
1566	3981	3987	33
1567	3985	4067	66
1568	3986	4067	66
1569	3987	4017	33
1570	3989	4023	33
1571	3990	4030	33
1572	3990	4031	33
1573	3990	4031	33
1574	3990	5410	33
1575	3991	4112	66
1576	3992	4067	66
1577	3996	4773	33
1578	4008	4009	66
1579	4008	4014	33
1580	4008	4014	33
1581	4009	4015	33
1582	4009	4039	33
1583	4010	4031	33
1584	4010	5449	33
1585	4010	5449	33
1586	4010	5449	33
1587	4010	5449	33
1588	4014	4037	33
1589	4015	4020	33
1590	4015	4020	33
1591	4021	4045	66
1592	4029	4035	33
1593	4029	4036	66
1594	4029	4089	33
1595	4030	4031	33
1596	4030	4035	33
1597	4030	4036	33
1598	4030	4036	33
1599	4030	4037	33
1600	4031	4034	33
1601	4032	4037	33
1602	4034	4039	33
1603	4034	4039	33
1604	4037	4170	33
1605	4038	4039	33
1606	4038	4042	33
1607	4039	4045	33
1608	4042	4048	33
1609	4043	4070	33
1610	4043	4321	33
1611	4045	4047	33
1612	4046	4322	33
1613	4047	4077	33
1614	4051	4114	66
1615	4055	4149	66
1616	4056	4061	33
1617	4057	4129	50
1618	4060	4067	33
1619	4060	4081	33
1620	4060	4084	33
1621	4065	4081	33
1622	4073	4079	33
1623	4078	4146	33
1624	4087	4150	66
1625	4090	5488	33
1626	4092	4315	33
1627	4092	5161	33
1628	4095	4123	33
1629	4095	4264	33
1630	4095	5519	33
1631	4097	4184	66
1632	4098	4149	66
1633	4098	4149	66
1634	4101	4149	66
1635	4101	4149	66
1636	4101	4149	66
1637	4102	4122	33
1638	4102	4129	33
1639	4107	4124	33
1640	4111	4149	66
1641	4114	4151	33
1642	4116	4150	66
1643	4119	4149	66
1644	4121	4130	66
1645	4122	4129	33
1646	4123	4149	66
1647	4124	4150	66
1648	4126	4132	33
1649	4126	4132	33
1650	4126	4132	33
1651	4126	4132	33
1652	4133	4138	33
1653	4133	4138	33
1654	4133	4141	33
1655	4149	4154	33
1656	4149	4154	33
1657	4186	4191	33
1658	4186	4192	33
1659	4186	4192	33
1660	4193	4198	33
1661	4193	4198	33
1662	4193	4199	33
1663	4193	4199	33
1664	4195	4200	33
1665	4201	4308	66
1666	4201	4374	25
1667	4217	4444	25
1668	4246	4251	33
1669	4246	4252	33
1670	4246	4252	33
1671	4249	4252	33
1672	4251	4252	33
1673	4251	4313	33
1674	4251	4808	33
1675	4253	4256	33
1676	4253	4258	33
1677	4253	4258	33
1678	4253	4478	33
1679	4253	4502	33
1680	4254	4255	33
1681	4254	4255	33
1682	4254	4255	66
1683	4254	4809	33
1684	4254	4926	33
1685	4255	4264	66
1686	4261	4262	33
1687	4261	4340	66
1688	4264	4496	66
1689	4277	4279	33
1690	4291	4385	33
1691	4301	4306	66
1692	4306	4312	33
1693	4306	4324	33
1694	4307	4330	66
1695	4308	4477	66
1696	4309	4360	66
1697	4314	4319	33
1698	4315	4321	33
1699	4322	4803	33
1700	4331	4464	66
1701	4336	4405	66
1702	4347	4377	33
1703	4350	4393	33
1704	4354	4359	66
1705	4366	4371	33
1706	4367	4373	33
1707	4373	4379	33
1708	4381	4774	66
1709	4402	4422	33
1710	4402	4430	33
1711	4410	4495	66
1712	4412	4418	66
1713	4412	4418	66
1714	4418	4487	50
1715	4426	4431	33
1716	4426	4431	33
1717	4433	4438	33
1718	4433	4438	33
1719	4433	4438	33
1720	4433	4438	33
1721	4433	4438	33
1722	4441	4495	66
1723	4445	4450	66
1724	4445	4450	66
1725	4458	4814	33
1726	4459	4814	33
1727	4459	4814	33
1728	4460	4474	33
1729	4461	4465	33
1730	4471	4495	66
1731	4472	4477	66
1732	4475	4476	33
1733	4475	4520	66
1734	4477	4809	33
1735	4478	4479	33
1736	4478	4483	33
1737	4478	4547	50
1738	4483	4485	33
1739	4484	4583	33
1740	4486	4492	33
1741	4486	4492	33
1742	4486	4492	33
1743	4487	4492	33
1744	4488	4489	33
1745	4488	5708	33
1746	4489	4492	33
1747	4489	4508	33
1748	4490	4506	33
1749	4493	4499	33
1750	4494	4499	33
1751	4496	4656	33
1752	4501	4555	66
1753	4501	4581	33
1754	4501	5232	25
1755	4502	4507	33
1756	4502	4507	33
1757	4502	4507	33
1758	4502	4619	66
1759	4503	4504	33
1760	4520	5236	33
1761	4522	4542	33
1762	4525	4638	33
1763	4532	4537	66
1764	4534	4539	33
1765	4534	4539	33
1766	4534	4605	66
1767	4534	4619	66
1768	4536	4541	33
1769	4536	4681	33
1770	4537	4561	33
1771	4539	4544	33
1772	4539	4545	33
1773	4545	5192	33
1774	4546	4552	33
1775	4547	4552	33
1776	4547	4553	33
1777	4552	4554	66
1778	4553	4554	33
1779	4553	4558	33
1780	4553	4558	33
1781	4553	4558	33
1782	4553	4559	33
1783	4553	4559	33
1784	4561	4604	25
1785	4566	4651	33
1786	4571	5098	33
1787	4573	4644	66
1788	4581	5233	33
1789	4587	4632	33
1790	4606	4611	33
1791	4606	4611	33
1792	4606	4612	33
1793	4606	4731	50
1794	4613	4618	33
1795	4613	4618	33
1796	4613	4619	33
1797	4613	4619	33
1798	4613	4619	33
1799	4623	4808	33
1800	4627	5014	33
1801	4640	4645	66
1802	4642	4662	33
1803	4648	5101	33
1804	4649	4667	25
1805	4650	4664	33
1806	4656	4661	33
1807	4666	4671	33
1808	4673	4679	33
1809	4673	6091	33
1810	4680	4710	33
1811	4681	4780	66
1812	4681	4951	66
1813	4686	4691	66
1814	4702	4723	33
1815	4702	4723	33
1816	4702	4727	33
1817	4706	4708	33
1818	4706	5422	33
1819	4707	5122	33
1820	4711	4712	33
1821	4715	4718	33
1822	4717	4731	66
1823	4721	5030	33
1824	4726	4731	33
1825	4726	4731	33
1826	4726	4732	33
1827	4726	4732	33
1828	4726	4732	33
1829	4728	4887	66
1830	4733	4739	33
1831	4733	4739	33
1832	4733	4739	33
1833	4733	4739	33
1834	4733	4936	33
1835	4734	4735	33
1836	4736	5232	33
1837	4736	5234	33
1838	4741	4802	33
1839	4745	4748	33
1840	4747	4749	33
1841	4747	4750	33
1842	4747	4750	33
1843	4747	4753	33
1844	4748	4754	33
1845	4749	4756	33
1846	4750	5885	33
1847	4754	5911	33
1848	4770	4775	66
1849	4770	4775	66
1850	4770	5881	33
1851	4771	4773	33
1852	4771	4773	33
1853	4784	4889	50
1854	4786	4792	33
1855	4786	4792	33
1856	4793	4798	33
1857	4793	4798	33
1858	4793	4798	33
1859	4793	4798	33
1860	4801	4874	66
1861	4801	4976	33
1862	4806	4812	66
1863	4809	4820	66
1864	4809	4854	33
1865	4810	4989	66
1866	4812	4822	33
1867	4812	6005	33
1868	4816	4911	66
1869	4820	4825	33
1870	4821	4827	33
1871	4822	4842	33
1872	4831	4836	66
1873	4841	5311	33
1874	4846	4851	33
1875	4846	4851	33
1876	4847	4852	33
1877	4847	4852	33
1878	4848	4853	33
1879	4848	4868	33
1880	4848	4868	33
1881	4848	4926	33
1882	4848	4977	33
1883	4849	4854	33
1884	4849	4868	33
1885	4849	4926	33
1886	4849	4958	33
1887	4853	4858	33
1888	4853	4859	33
1889	4869	4875	33
1890	4869	4928	33
1891	4871	4976	33
1892	4876	4957	66
1893	4876	4971	66
1894	4876	4989	33
1895	4882	4888	33
1896	4882	4902	33
1897	4882	4902	33
1898	4882	4922	33
1899	4891	4896	66
1900	4891	4896	66
1901	4891	4896	66
1902	4896	4971	66
1903	4898	4904	33
1904	4899	4904	33
1905	4906	4911	33
1906	4906	4912	33
1907	4906	4912	33
1908	4913	4918	33
1909	4913	4919	33
1910	4913	4919	33
1911	4913	4919	33
1912	4948	4963	33
1913	4956	4961	33
1914	4966	4972	33
1915	4966	4972	33
1916	4966	4972	33
1917	4966	4972	33
1918	4973	4978	33
1919	4973	4978	33
1920	4973	4979	33
1921	4973	4979	33
1922	4977	6018	33
1923	4981	4989	50
1924	4988	5126	33
1925	4998	5004	33
1926	5002	5027	33
1927	5007	5038	33
1928	5010	5016	66
1929	5013	5068	66
1930	5013	5068	66
1931	5016	5055	33
1932	5016	5055	33
1933	5016	5066	33
1934	5017	5036	33
1935	5017	5047	33
1936	5017	5088	50
1937	5021	5068	66
1938	5026	5032	33
1939	5027	5069	66
1940	5033	5038	33
1941	5033	5038	33
1942	5033	5038	33
1943	5033	5038	33
1944	5033	5038	33
1945	5033	5038	33
1946	5033	5038	33
1947	5033	5038	33
1948	5033	5039	33
1949	5046	5066	33
1950	5049	5108	66
1951	5052	5109	33
1952	5073	5116	66
1953	5073	5163	33
1954	5086	5091	33
1955	5086	5091	33
1956	5086	5091	33
1957	5086	5091	33
1958	5086	5091	33
1959	5086	5091	33
1960	5089	5339	66
1961	5090	5178	66
1962	5090	5340	66
1963	5093	5098	33
1964	5093	5098	33
1965	5097	5168	33
1966	5098	5139	33
1967	5098	5149	33
1968	5098	5339	66
1969	5099	5100	66
1970	5100	5339	66
1971	5101	5102	33
1972	5101	5118	33
1973	5101	5144	33
1974	5103	5340	66
1975	5121	5151	33
1976	5131	5137	66
1977	5135	5333	66
1978	5136	5137	66
1979	5136	5138	66
1980	5138	5140	66
1981	5144	5153	50
1982	5146	5151	33
1983	5146	5151	33
1984	5146	5334	66
1985	5146	5334	66
1986	5153	5155	33
1987	5153	5158	33
1988	5153	5159	33
1989	5159	5334	66
1990	5166	5334	66
1991	5168	5173	66
1992	5169	5174	66
1993	5169	5174	66
1994	5169	5174	66
1995	5187	5217	33
1996	5190	5195	66
1997	5190	5195	66
1998	5194	5337	66
1999	5194	5337	66
2000	5194	5337	66
2001	5197	5337	66
2002	5201	5337	66
2003	5205	5236	66
2004	5206	5211	33
2005	5206	5212	33
2006	5206	5212	33
2007	5209	5337	66
2008	5209	5337	66
2009	5213	5219	33
2010	5219	5238	66
2011	5226	5311	66
2012	5236	5316	66
2013	5237	5262	30
2014	5246	5337	66
2015	5251	5288	66
2016	5253	5263	66
2017	5256	5279	33
2018	5266	5271	33
2019	5266	5271	33
2020	5266	5272	33
2021	5266	5272	33
2022	5273	5279	33
2023	5273	5279	33
2024	5273	5279	33
2025	5279	5316	66
2026	5284	5331	66
2027	5286	5565	33
2028	5287	5297	40
2029	5289	5295	66
2030	5289	5331	66
2031	5294	5295	66
2032	5294	5296	33
2033	5295	5299	33
2034	5297	5998	66
2035	5297	5998	66
2036	5300	5303	33
2037	5300	5331	66
2038	5302	5359	33
2039	5302	6729	33
2040	5304	5349	33
2041	5305	5332	66
2042	5305	5402	33
2043	5305	5646	33
2044	5305	6301	33
2045	5310	5404	33
2046	5310	5412	33
2047	5315	5425	66
2048	5316	5445	33
2049	5320	5324	33
2050	5326	5331	33
2051	5326	5331	33
2052	5333	5338	33
2053	5333	5339	33
2054	5333	5339	33
2055	5333	5339	33
2056	5341	5358	33
2057	5346	6208	33
2058	5352	5355	33
2059	5354	5356	33
2060	5356	5444	33
2061	5358	5359	33
2062	5358	5364	33
2063	5366	5599	33
2064	5368	5873	33
2065	5370	5376	66
2066	5370	5376	66
2067	5382	5474	33
2068	5383	5385	33
2069	5383	5954	33
2070	5384	5386	33
2071	5387	5389	33
2072	5387	5498	33
2073	5389	5390	33
2074	5390	5893	33
2075	5391	5420	33
2076	5395	5417	33
2077	5397	5431	33
2078	5402	5404	33
2079	5430	5436	66
2080	5446	5896	33
2081	5452	5454	33
2082	5454	5512	40
2083	5460	5461	33
2084	5461	5485	66
2085	5461	5487	66
2086	5464	5895	33
2087	5464	6255	33
2088	5469	5649	33
2089	5482	5497	66
2090	5492	5674	25
2091	5505	5534	33
2092	5505	5534	33
2093	5510	5532	66
2094	5510	5532	66
2095	5514	5823	30
2096	5515	5518	33
2097	5515	5520	33
2098	5516	5519	33
2099	5516	5519	33
2100	5516	5581	33
2101	5516	5767	33
2102	5516	5941	33
2103	5516	6922	33
2104	5516	6922	33
2105	5517	5820	30
2106	5520	6421	33
2107	5520	6683	33
2108	5520	6683	33
2109	5520	6791	33
2110	5520	6956	33
2111	5520	6956	33
2112	5520	6956	33
2113	5520	6956	33
2114	5520	6956	33
2115	5520	6956	33
2116	5520	6956	33
2117	5520	6956	33
2118	5520	6956	33
2119	5520	6957	33
2120	5522	5543	33
2121	5526	6957	33
2122	5534	5660	66
2123	5540	5550	33
2124	5542	5548	30
2125	5550	5556	66
2126	5550	5556	66
2127	5552	5802	33
2128	5552	5802	33
2129	5553	5681	33
2130	5553	5802	33
2131	5553	5802	33
2132	5553	5802	33
2133	5554	5556	33
2134	5554	5557	33
2135	5554	5802	33
2136	5554	5802	33
2137	5554	5802	33
2138	5554	5802	33
2139	5554	5802	33
2140	5556	5802	33
2141	5556	5804	33
2142	5558	5560	33
2143	5558	5802	33
2144	5558	5802	33
2145	5558	5802	33
2146	5558	5802	33
2147	5558	5802	33
2148	5558	5804	33
2149	5559	5561	33
2150	5559	5802	33
2151	5559	5802	33
2152	5559	5802	33
2153	5559	5802	33
2154	5559	5804	33
2155	5559	5804	33
2156	5559	5805	33
2157	5559	5805	33
2158	5563	5565	33
2159	5563	5802	33
2160	5566	5568	33
2161	5566	5802	33
2162	5566	5802	33
2163	5566	5802	33
2164	5567	5577	66
2165	5574	5607	33
2166	5577	5579	66
2167	5578	5711	66
2168	5579	5711	66
2169	5579	5711	66
2170	5581	5627	33
2171	5581	5802	33
2172	5582	5607	66
2173	5583	5802	33
2174	5587	5711	66
2175	5587	5711	66
2176	5590	5802	33
2177	5592	5711	66
2178	5593	5801	66
2179	5594	5711	66
2180	5595	5801	66
2181	5595	5801	66
2182	5595	5801	66
2183	5601	5698	33
2184	5602	5622	33
2185	5603	5604	33
2186	5603	5777	33
2187	5603	5802	33
2188	5611	5616	66
2189	5612	5711	66
2190	5612	5766	33
2191	5612	5802	33
2192	5616	5617	66
2193	5616	5617	66
2194	5618	5801	66
2195	5623	5801	66
2196	5639	5754	66
2197	5641	5738	33
2198	5656	5802	33
2199	5657	5666	66
2200	5668	5736	33
2201	5670	5707	66
2202	5671	5676	66
2203	5671	5716	66
2204	5672	5682	66
2205	5672	5714	33
2206	5682	5706	66
2207	5682	5708	66
2208	5685	5718	33
2209	5685	5735	33
2210	5685	5735	33
2211	5690	5691	66
2212	5704	5777	33
2213	5705	5875	25
2214	5716	5864	33
2215	5717	6679	66
2216	5722	5740	33
2217	5722	5747	33
2218	5722	6733	33
2219	5722	6922	33
2220	5732	6476	66
2221	5734	6475	66
2222	5734	6475	66
2223	5737	5855	33
2224	5742	5743	66
2225	5751	5775	33
2226	5761	5807	66
2227	5761	5849	33
2228	5764	5920	33
2229	5766	5814	25
2230	5776	6946	33
2231	5781	5805	33
2232	5783	6647	30
2233	5788	5962	33
2234	5821	6108	25
2235	5877	5883	30
2236	5879	5934	66
2237	5881	5941	33
2238	5881	6210	33
2239	5884	6499	33
2240	5889	6280	66
2241	5890	5953	66
2242	5891	5912	30
2243	5893	5908	33
2244	5895	5898	33
2245	5895	5946	33
2246	5896	6241	33
2247	5897	5906	66
2248	5897	5906	66
2249	5897	6241	33
2250	5897	6884	66
2251	5898	6280	66
2252	5899	5901	33
2253	5899	5901	33
2254	5901	5960	33
2255	5902	6279	66
2256	5909	5917	33
2257	5909	5979	33
2258	5909	6280	66
2259	5911	6278	66
2260	5912	6279	66
2261	5912	6279	66
2262	5914	6279	66
2263	5919	5921	66
2264	5919	6278	66
2265	5919	6278	66
2266	5926	5941	66
2267	5926	6278	66
2268	5932	6278	66
2269	5933	5934	66
2270	5936	6134	66
2271	5940	5966	33
2272	5941	6108	66
2273	5941	6131	66
2274	5946	5947	33
2275	5950	6043	66
2276	5961	6270	30
2277	5962	5983	50
2278	5963	6053	33
2279	5963	6068	33
2280	5975	5982	33
2281	5985	6099	66
2282	5994	6001	25
2283	5999	6022	33
2284	6001	6095	66
2285	6014	6041	30
2286	6022	6042	33
2287	6031	6095	66
2288	6038	6237	66
2289	6051	6127	66
2290	6062	6901	30
2291	6066	6130	33
2292	6074	6105	33
2293	6078	6100	30
2294	6079	6176	66
2295	6101	6163	33
2296	6121	6233	33
2297	6121	6469	66
2298	6129	6174	66
2299	6129	6174	66
2300	6130	6768	33
2301	6135	6195	25
2302	6135	6211	66
2303	6153	6291	66
2304	6184	6259	66
2305	6186	6211	66
2306	6190	6232	66
2307	6197	6235	33
2308	6202	6222	33
2309	6210	6297	66
2310	6216	6502	33
2311	6241	6580	66
2312	6248	6255	66
2313	6249	6314	33
2314	6249	6319	33
2315	6249	6326	33
2316	6250	6349	66
2317	6251	6308	33
2318	6254	6274	33
2319	6256	6265	33
2320	6259	6294	33
2321	6262	6282	33
2322	6262	6282	33
2323	6262	6289	33
2324	6262	6339	40
2325	6266	6295	33
2326	6266	6299	33
2327	6266	6322	33
2328	6266	6322	33
2329	6293	6323	66
2330	6295	6461	33
2331	6296	6634	33
2332	6316	6317	33
2333	6325	6327	33
2334	6325	7207	33
2335	6329	6331	33
2336	6330	6332	33
2337	6330	6332	33
2338	6330	6334	33
2339	6330	6845	33
2340	6331	6334	33
2341	6331	6336	33
2342	6332	6341	33
2343	6333	6335	33
2344	6334	6397	66
2345	6335	6352	66
2346	6336	7151	33
2347	6337	6357	66
2348	6344	6799	33
2349	6344	6799	33
2350	6351	6470	33
2351	6352	6353	33
2352	6352	7791	33
2353	6353	6355	33
2354	6353	6451	33
2355	6353	6508	33
2356	6353	7791	33
2357	6353	7791	33
2358	6353	7791	33
2359	6362	6433	33
2360	6362	7155	33
2361	6364	6435	33
2362	6368	7063	33
2363	6369	6406	33
2364	6375	7261	33
2365	6383	6387	33
2366	6387	6487	33
2367	6395	7385	33
2368	6396	7179	33
2369	6401	7248	33
2370	6421	6610	66
2371	6422	7172	33
2372	6422	7441	33
2373	6423	6494	33
2374	6424	6442	33
2375	6429	6938	33
2376	6434	6708	33
2377	6436	6594	33
2378	6437	6944	33
2379	6440	6443	33
2380	6440	6444	33
2381	6441	6443	33
2382	6441	6443	33
2383	6441	6460	33
2384	6441	6964	33
2385	6441	6964	33
2386	6441	7174	33
2387	6441	7178	33
2388	6441	7178	33
2389	6442	6602	33
2390	6443	6922	33
2391	6443	7882	33
2392	6443	7882	33
2393	6444	6490	33
2394	6444	6740	33
2395	6445	6479	33
2396	6445	6489	33
2397	6445	6489	33
2398	6445	6500	33
2399	6445	6531	33
2400	6445	6552	33
2401	6446	7882	33
2402	6448	6479	33
2403	6448	6531	33
2404	6448	6581	33
2405	6451	6456	33
2406	6451	7381	66
2407	6451	7391	66
2408	6474	6553	33
2409	6475	6481	33
2410	6475	6548	25
2411	6476	6921	33
2412	6477	6517	33
2413	6479	6934	33
2414	6481	6502	33
2415	6481	7295	33
2416	6490	7221	33
2417	6492	6494	66
2418	6492	6634	66
2419	6492	6634	66
2420	6495	6557	33
2421	6495	6634	66
2422	6495	6840	25
2423	6502	6529	33
2424	6515	6634	66
2425	6521	7192	33
2426	6541	6582	33
2427	6541	6639	66
2428	6542	6591	33
2429	6542	6594	33
2430	6543	6845	33
2431	6546	6814	33
2432	6562	6585	30
2433	6562	6589	33
2434	6563	6621	33
2435	6578	6647	50
2436	6579	6606	33
2437	6582	6588	30
2438	6582	7333	66
2439	6619	6726	33
2440	6622	6649	33
2441	6630	6666	25
2442	6637	6915	33
2443	6641	6707	33
2444	6653	6967	66
2445	6653	6967	66
2446	6653	7636	33
2447	6653	7653	33
2448	6662	6722	33
2449	6667	6967	66
2450	6669	6909	25
2451	6671	6729	66
2452	6675	6839	66
2453	6675	6853	66
2454	6681	6691	33
2455	6685	6736	66
2456	6687	6882	33
2457	6688	6705	33
2458	6689	6714	33
2459	6696	6736	25
2460	6697	6983	66
2461	6699	6811	33
2462	6709	6736	33
2463	6709	6746	33
2464	6711	6742	33
2465	6711	6742	33
2466	6712	6982	66
2467	6714	7811	66
2468	6717	6719	66
2469	6718	6721	66
2470	6721	6736	66
2471	6724	6727	66
2472	6726	6728	66
2473	6726	6740	66
2474	6728	6965	66
2475	6730	6739	66
2476	6734	6985	66
2477	6736	6812	50
2478	6740	6775	33
2479	6740	6869	66
2480	6741	6743	33
2481	6741	6750	33
2482	6741	6762	33
2483	6741	6869	66
2484	6741	7175	33
2485	6742	6762	33
2486	6743	6836	33
2487	6743	6841	33
2488	6743	6857	33
2489	6743	7928	33
2490	6745	6765	33
2491	6749	6781	33
2492	6749	7926	33
2493	6755	6965	66
2494	6767	6986	66
2495	6774	6834	25
2496	6774	6900	25
2497	6781	7034	66
2498	6785	6786	33
2499	6794	6806	33
2500	6799	6865	33
2501	6813	7011	66
2502	6817	6931	33
2503	6826	6832	33
2504	6843	6881	33
2505	6845	6857	66
2506	6852	7077	66
2507	6855	7261	33
2508	6857	7554	66
2509	6878	7009	66
2510	6878	7174	66
2511	6885	6911	66
2512	6886	6938	66
2513	6887	6983	33
2514	6887	7025	33
2515	6891	6907	66
2516	6908	7002	66
2517	6908	7003	66
2518	6909	7088	66
2519	6918	6932	33
2520	6918	6983	33
2521	6918	7004	33
2522	6919	6994	33
2523	6921	7011	33
2524	6922	7013	33
2525	6922	7016	33
2526	6922	7029	33
2527	6923	7004	33
2528	6923	7013	33
2529	6923	7013	33
2530	6923	7014	33
2531	6923	7016	33
2532	6923	7016	33
2533	6923	7016	33
2534	6927	6957	33
2535	6931	7210	66
2536	6938	7116	66
2537	6955	7062	33
2538	6961	6982	66
2539	6961	6982	66
2540	6961	7096	66
2541	6965	6966	33
2542	6965	7474	30
2543	6968	6984	25
2544	6968	6984	25
2545	6969	6970	33
2546	6969	7028	33
2547	6982	7002	33
2548	6988	7000	33
2549	6990	7018	33
2550	6993	7115	66
2551	7010	7076	66
2552	7013	7014	33
2553	7014	7016	33
2554	7018	7035	50
2555	7028	7071	33
2556	7036	7070	33
2557	7036	7217	66
2558	7037	7096	66
2559	7038	7065	33
2560	7039	7084	33
2561	7039	7094	33
2562	7047	7077	33
2563	7064	7142	33
2564	7071	7087	66
2565	7084	7085	66
2566	7085	7188	33
2567	7086	7172	33
2568	7086	7194	33
2569	7087	7167	33
2570	7087	7168	33
2571	7087	7177	33
2572	7087	7177	33
2573	7087	7179	33
2574	7087	7200	33
2575	7087	7200	33
2576	7087	7200	33
2577	7088	7930	33
2578	7098	7206	33
2579	7102	7128	33
2580	7111	7342	33
2581	7112	7130	33
2582	7114	7127	33
2583	7115	7465	50
2584	7123	7455	66
2585	7151	7152	66
2586	7151	7152	66
2587	7156	7336	25
2588	7159	7180	33
2589	7159	7208	33
2590	7159	7208	33
2591	7159	7218	33
2592	7159	7233	33
2593	7159	7239	33
2594	7159	7346	33
2595	7159	7346	33
2596	7160	7218	33
2597	7167	7173	30
2598	7167	7206	66
2599	7171	7213	33
2600	7171	7347	25
2601	7187	7229	33
2602	7187	7230	50
2603	7201	7324	33
2604	7201	7332	33
2605	7202	7227	33
2606	7202	7227	33
2607	7202	7229	33
2608	7202	7238	33
2609	7211	7291	33
2610	7217	7351	66
2611	7220	7532	30
2612	7221	7321	33
2613	7231	7294	33
2614	7258	7276	33
2615	7258	7291	33
2616	7258	7314	33
2617	7259	7304	33
2618	7259	7328	33
2619	7259	7328	33
2620	7259	7342	33
2621	7259	7342	33
2622	7260	7291	33
2623	7260	7303	33
2624	7260	7314	33
2625	7260	7436	50
2626	7261	7344	66
2627	7286	7305	33
2628	7287	7311	66
2629	7345	7365	33
2630	7354	7650	30
2631	7360	7560	33
2632	7362	7407	33
2633	7367	7505	33
2634	7368	7401	33
2635	7368	7401	33
2636	7368	7414	33
2637	7368	7500	33
2638	7375	7500	33
2639	7376	7509	33
2640	7376	7509	33
2641	7376	7956	33
2642	7400	7784	66
2643	7414	7499	66
2644	7417	7426	33
2645	7418	7496	33
2646	7419	7450	33
2647	7419	7473	33
2648	7421	7461	33
2649	7421	7505	33
2650	7434	7494	50
2651	7436	7496	33
2652	7441	7593	66
2653	7449	7528	25
2654	7456	7586	33
2655	7460	7524	66
2656	7465	7493	33
2657	7472	7751	33
2658	7475	7570	66
2659	7479	7497	33
2660	7488	7539	66
2661	7501	7502	66
2662	7501	7549	66
2663	7502	8580	66
2664	7506	7632	33
2665	7535	7827	66
2666	7543	7846	30
2667	7549	7555	30
2668	7561	7908	66
2669	7562	7693	66
2670	7562	7835	66
2671	7562	7854	66
2672	7562	7868	66
2673	7563	7737	66
2674	7604	7621	33
2675	7607	7634	33
2676	7635	7686	33
2677	7636	7695	66
2678	7638	7997	30
2679	7645	7685	33
2680	7650	7865	33
2681	7654	7691	33
2682	7665	7717	33
2683	7681	7814	66
2684	7686	7897	33
2685	7689	7892	33
2686	7692	7737	66
2687	7692	7798	33
2688	7693	7792	33
2689	7693	7798	33
2690	7696	8607	33
2691	7716	7785	66
2692	7733	7751	33
2693	7750	8145	25
2694	7756	7859	33
2695	7757	7834	66
2696	7765	7785	33
2697	7785	7853	33
2698	7788	7801	33
2699	7805	7970	66
2700	7817	7824	25
2701	7825	7845	33
2702	7830	7861	33
2703	7830	7873	33
2704	7830	8338	33
2705	7861	7912	33
2706	7861	8034	50
2707	7865	8945	33
2708	7869	8218	33
2709	7876	8963	66
2710	7885	7905	33
2711	7885	7931	33
2712	7890	8365	33
2713	7891	8010	33
2714	7898	7908	66
2715	7899	7903	30
2716	7907	7916	66
2717	7917	7969	66
2718	7923	8664	25
2719	7926	7951	33
2720	7926	7951	33
2721	7926	7964	33
2722	7928	7999	33
2723	7945	8085	66
2724	7948	7978	33
2725	7948	8003	33
2726	7949	7963	33
2727	7966	8024	33
2728	7979	7999	33
2729	7984	8527	66
2730	7988	7997	33
2731	8011	8034	33
2732	8013	8028	33
2733	8013	8070	33
2734	8013	8082	33
2735	8014	8092	33
2736	8014	8103	33
2737	8018	8085	66
2738	8034	8067	33
2739	8034	8067	33
2740	8034	8103	33
2741	8036	8044	33
2742	8038	8042	33
2743	8038	8043	33
2744	8039	8041	33
2745	8041	8112	33
2746	8044	8206	33
2747	8054	8218	33
2748	8056	8144	66
2749	8057	8492	33
2750	8058	8189	33
2751	8063	8154	33
2752	8065	8085	33
2753	8065	8110	33
2754	8082	8190	66
2755	8096	8144	50
2756	8101	8154	33
2757	8103	8154	33
2758	8103	8156	33
2759	8106	8244	66
2760	8106	8846	66
2761	8110	8169	66
2762	8113	8167	33
2763	8113	8186	66
2764	8118	8181	33
2765	8120	8193	33
2766	8121	8192	33
2767	8121	8193	33
2768	8133	8155	33
2769	8141	8147	33
2770	8142	8148	33
2771	8152	8488	66
2772	8161	8194	33
2773	8161	8251	66
2774	8163	8239	33
2775	8172	8821	66
2776	8176	8229	66
2777	8176	8233	33
2778	8178	8354	66
2779	8206	8249	33
2780	8206	8261	33
2781	8206	8269	33
2782	8206	8272	33
2783	8211	8222	33
2784	8211	8237	33
2785	8211	8272	33
2786	8225	9265	66
2787	8230	8244	33
2788	8230	8307	33
2789	8234	8242	33
2790	8234	8242	33
2791	8234	8242	33
2792	8237	8289	25
2793	8245	8265	33
2794	8246	8260	66
2795	8251	8319	66
2796	8252	8830	66
2797	8264	8304	66
2798	8269	8272	33
2799	8273	8455	66
2800	8280	8382	33
2801	8281	8371	33
2802	8281	8839	66
2803	8283	8303	33
2804	8286	8355	33
2805	8290	8375	66
2806	8293	8420	33
2807	8296	8350	66
2808	8302	8470	33
2809	8305	8325	33
2810	8326	8648	50
2811	8327	9095	33
2812	8328	8366	66
2813	8333	8343	66
2814	8335	8443	66
2815	8335	8746	66
2816	8341	8364	33
2817	8341	8424	66
2818	8341	9700	33
2819	8344	8440	33
2820	8345	9427	33
2821	8353	8444	33
2822	8358	8390	33
2823	8358	8426	33
2824	8358	8437	33
2825	8358	8440	33
2826	8358	8444	33
2827	8359	8374	66
2828	8359	8437	33
2829	8359	8477	33
2830	8360	8376	66
2831	8366	8385	33
2832	8371	8413	66
2833	8371	8498	33
2834	8374	8407	33
2835	8377	8509	66
2836	8382	8383	66
2837	8383	9220	66
2838	8395	8417	66
2839	8406	8564	66
2840	8408	8430	33
2841	8408	8430	33
2842	8409	8436	33
2843	8414	8427	66
2844	8416	8430	33
2845	8420	8431	33
2846	8425	8455	33
2847	8427	8432	30
2848	8427	8491	33
2849	8427	8499	33
2850	8428	8500	33
2851	8428	8501	33
2852	8429	8445	33
2853	8451	8616	33
2854	8454	8564	66
2855	8454	8574	66
2856	8456	8468	33
2857	8456	8486	33
2858	8474	8491	33
2859	8481	8574	66
2860	8484	8505	33
2861	8484	8635	33
2862	8491	8760	33
2863	8493	8515	33
2864	8509	8978	66
2865	8514	8597	50
2866	8521	8750	33
2867	8522	8958	33
2868	8522	8975	33
2869	8522	9443	33
2870	8526	8546	33
2871	8530	8682	33
2872	8531	8621	66
2873	8543	8687	50
2874	8545	8710	33
2875	8547	8553	30
2876	8557	8642	33
2877	8564	8589	33
2878	8569	8575	66
2879	8581	8692	66
2880	8585	8694	66
2881	8678	9338	33
2882	8704	8729	33
2883	8704	8729	33
2884	8720	8843	33
2885	8725	8750	33
2886	8743	8789	33
2887	8752	8826	66
2888	8754	8943	33
2889	8764	8826	66
2890	8773	8874	50
2891	8773	8874	50
2892	8773	8874	50
2893	8786	8789	66
2894	8789	8800	33
2895	8817	8884	33
2896	8844	8900	33
2897	8857	9504	33
2898	8877	8905	66
2899	8912	8996	66
2900	8942	9782	30
2901	8945	8973	66
2902	8960	8979	33
2903	8969	9449	33
2904	8971	9098	33
2905	9003	9055	33
2906	9030	9158	66
2907	9036	9900	50
2908	9038	9041	33
2909	9056	10266	66
2910	9061	9266	30
2911	9061	9266	30
2912	9066	9080	33
2913	9075	9135	25
2914	9087	9105	33
2915	9099	9346	66
2916	9105	9110	33
2917	9120	9179	33
2918	9121	9201	50
2919	9122	9293	66
2920	9125	9238	66
2921	9126	9305	33
2922	9129	9200	66
2923	9131	9260	66
2924	9134	9190	50
2925	9135	9309	66
2926	9136	9274	66
2927	9137	9159	33
2928	9146	9299	33
2929	9158	9243	50
2930	9167	9177	66
2931	9187	9226	33
2932	9194	9242	66
2933	9204	9281	66
2934	9210	9284	66
2935	9221	9563	33
2936	9222	9260	33
2937	9223	9255	33
2938	9223	9273	33
2939	9223	9558	33
2940	9226	9547	33
2941	9228	9257	33
2942	9228	9292	33
2943	9228	9396	33
2944	9228	9401	33
2945	9229	9419	33
2946	9229	9546	33
2947	9230	9408	33
2948	9230	9468	33
2949	9244	9378	66
2950	9278	9326	66
2951	9280	9324	66
2952	9286	9296	33
2953	9290	9306	33
2954	9292	9305	33
2955	9295	9387	33
2956	9296	9424	33
2957	9297	9327	33
2958	9301	9415	50
2959	9303	9615	30
2960	9316	9317	33
2961	9318	9323	33
2962	9325	9351	33
2963	9325	9355	33
2964	9328	9341	33
2965	9328	9342	33
2966	9337	9458	66
2967	9345	9387	33
2968	9353	9525	66
2969	9391	9443	66
2970	9391	9619	66
2971	9395	9486	66
2972	9407	9722	33
2973	9409	9664	66
2974	9421	9489	33
2975	9422	9440	33
2976	9431	9472	33
2977	9431	9482	66
2978	9433	9778	33
2979	9438	9717	33
2980	9461	9524	50
2981	9475	9576	33
2982	9487	10202	33
2983	9491	9539	33
2984	9505	9525	33
2985	9505	9525	33
2986	9505	9538	33
2987	9505	9597	33
2988	9509	9522	33
2989	9510	9573	66
2990	9521	9556	66
2991	9531	9533	33
2992	9533	9619	66
2993	9539	10142	50
2994	9546	9825	66
2995	9551	10261	33
2996	9552	9796	33
2997	9554	10032	66
2998	9554	10032	66
2999	9555	9644	50
3000	9559	9568	33
3001	9559	9575	33
3002	9559	9663	33
3003	9561	9907	66
3004	9565	9586	33
3005	9569	9764	66
3006	9576	9829	66
3007	9577	9767	66
3008	9581	9642	33
3009	9583	9945	66
3010	9585	9605	33
3011	9585	9663	33
3012	9592	9603	66
3013	9594	9613	33
3014	9601	9610	33
3015	9601	9611	33
3016	9602	9611	33
3017	9603	9619	33
3018	9606	9625	33
3019	9622	9626	33
3020	9625	9645	33
3021	9654	9676	66
3022	9654	10073	33
3023	9656	9730	33
3024	9656	10030	33
3025	9656	10145	66
3026	9661	9896	66
3027	9663	9705	33
3028	9670	9800	33
3029	9674	9723	33
3030	9674	9753	33
3031	9674	9790	33
3032	9675	9692	33
3033	9675	9723	33
3034	9675	9732	33
3035	9675	9769	33
3036	9678	9747	66
3037	9678	9759	66
3038	9685	9705	33
3039	9702	9838	66
3040	9707	9758	33
3041	9709	9723	33
3042	9709	9743	33
3043	9709	9750	33
3044	9709	9868	33
3045	9712	9835	66
3046	9713	9727	33
3047	9713	9750	33
3048	9714	9742	33
3049	9715	9770	33
3050	9717	9747	33
3051	9718	9727	33
3052	9718	9727	33
3053	9728	9735	66
3054	9734	9875	33
3055	9755	10008	30
3056	9769	9814	33
3057	9774	9795	66
3058	9774	10134	25
3059	9784	9801	33
3060	9788	9797	66
3061	9788	9865	33
3062	9791	9849	33
3063	9801	9959	33
3064	9805	9875	33
3065	9806	9889	40
3066	9813	9934	25
3067	9817	9894	33
3068	9818	9848	66
3069	9827	9855	66
3070	9839	11102	33
3071	9846	9922	30
3072	9846	10018	33
3073	9848	9911	33
3074	9850	9936	33
3075	9853	9874	33
3076	9869	9944	33
3077	9889	9901	33
3078	9896	9924	66
3079	9910	9914	33
3080	9910	9979	33
3081	9921	10014	25
3082	9924	9971	33
3083	9925	9930	33
3084	9925	9945	33
3085	9926	9937	33
3086	9929	10005	33
3087	9953	10105	66
3088	9956	9988	33
3089	9958	9973	33
3090	9959	9961	33
3091	9959	9980	66
3092	9960	9973	33
3093	9960	9973	33
3094	9960	10007	33
3095	9960	10325	33
3096	9961	10000	66
3097	9975	9987	33
3098	9975	10005	33
3099	9977	10029	33
3100	9977	10034	33
3101	9977	10311	33
3102	9977	10324	33
3103	9977	10325	33
3104	9979	10025	33
3105	9985	10010	33
3106	9992	10257	66
3107	9998	10014	33
3108	9998	10142	66
3109	10001	10014	66
3110	10002	10028	33
3111	10015	10023	33
3112	10015	10139	66
3113	10015	10157	66
3114	10021	10050	33
3115	10022	10045	33
3116	10037	10230	33
3117	10038	10230	33
3118	10040	10311	33
3119	10046	10123	50
3120	10051	10150	33
3121	10061	10066	66
3122	10081	10091	66
3123	10089	11262	33
3124	10091	10148	33
3125	10093	10103	33
3126	10095	10354	66
3127	10096	10368	66
3128	10103	10128	30
3129	10103	10195	33
3130	10105	10125	33
3131	10122	10152	66
3132	10139	10215	66
3133	10141	10183	66
3134	10145	10225	66
3135	10165	10197	33
3136	10180	10198	33
3137	10192	10231	66
3138	10197	10314	66
3139	10197	10314	66
3140	10200	10255	66
3141	10201	10229	33
3142	10201	10619	33
3143	10201	10667	33
3144	10202	10619	33
3145	10202	11461	66
3146	10202	11461	66
3147	10202	11462	66
3148	10203	10335	25
3149	10244	10866	33
3150	10252	10321	33
3151	10261	10338	33
3152	10267	10272	30
3153	10285	10289	66
3154	10285	10305	33
3155	10294	10313	33
3156	10295	10316	33
3157	10295	10378	33
3158	10299	10320	33
3159	10306	10327	66
3160	10321	10815	25
3161	10322	10399	33
3162	10330	10366	66
3163	10330	10474	25
3164	10333	10361	33
3165	10336	10419	66
3166	10340	11170	33
3167	10345	10347	33
3168	10345	10347	33
3169	10353	10361	33
3170	10353	10414	33
3171	10365	10374	50
3172	10368	10413	66
3173	10368	10419	66
3174	10371	10683	30
3175	10376	10434	66
3176	10391	10427	66
3177	10408	10421	33
3178	10435	10456	33
3179	10441	10511	33
3180	10442	10487	50
3181	10443	10855	66
3182	10451	10476	33
3183	10451	10531	33
3184	10451	10549	33
3185	10452	10517	33
3186	10464	10479	33
3187	10469	10480	33
3188	10475	10483	33
3189	10481	10541	33
3190	10482	10518	33
3191	10489	10496	33
3192	10493	10554	33
3193	10494	10560	33
3194	10494	10660	66
3195	10496	10677	66
3196	10501	10554	33
3197	10502	10533	66
3198	10515	10516	33
3199	10528	10540	33
3200	10553	10752	33
3201	10553	10767	33
3202	10561	10604	66
3203	10562	10595	33
3204	10562	10651	33
3205	10562	10662	33
3206	10566	10595	33
3207	10566	10618	33
3208	10566	10628	33
3209	10567	10583	33
3210	10568	10655	33
3211	10572	10595	33
3212	10573	10608	33
3213	10574	10678	33
3214	10578	10607	33
3215	10578	10621	33
3216	10578	10648	33
3217	10578	10648	33
3218	10578	10662	33
3219	10578	10678	33
3220	10585	10627	33
3221	10621	10744	66
3222	10621	11262	33
3223	10622	10640	33
3224	10624	10695	33
3225	10636	10695	25
3226	10636	10695	25
3227	10658	10732	66
3228	10661	10754	33
3229	10670	10736	33
3230	10671	10700	33
3231	10683	10724	66
3232	10702	11121	33
3233	10703	10770	25
3234	10704	10735	33
3235	10704	10752	33
3236	10705	10762	33
3237	10726	10785	33
3238	10741	11377	66
3239	10754	10763	66
3240	10754	10939	66
3241	10756	11650	25
3242	10764	10815	33
3243	10765	11476	25
3244	10770	10829	33
3245	10773	10810	33
3246	10773	10860	33
3247	10773	10866	33
3248	10774	10819	33
3249	10774	10852	33
3250	10774	10852	33
3251	10786	10831	33
3252	10787	10809	33
3253	10787	10852	33
3254	10787	10859	33
3255	10788	10810	33
3256	10788	10862	33
3257	10797	10855	33
3258	10801	10827	33
3259	10811	10864	33
3260	10829	10889	33
3261	10832	11581	30
3262	10836	11551	33
3263	10838	10848	33
3264	10850	11161	30
3265	10857	11281	33
3266	10862	10958	66
3267	10862	11006	66
3268	10863	11305	33
3269	10865	10955	66
3270	10871	10965	33
3271	10880	11109	33
3272	10885	10912	33
3273	10889	10901	33
3274	10898	10967	50
3275	10898	11064	66
3276	10910	10957	33
3277	10913	10924	33
3278	10913	11986	33
3279	10915	10969	33
3280	10916	10969	33
3281	10916	10969	33
3282	10919	10969	33
3283	10919	10969	33
3284	10920	10937	33
3285	10921	10928	33
3286	10921	10966	66
3287	10924	10943	33
3288	10924	11065	66
3289	10932	10935	33
3290	10934	11642	33
3291	10951	10960	33
3292	10951	11087	66
3293	10951	11159	66
3294	10960	11040	33
3295	10968	11060	33
3296	10981	11087	66
3297	10986	11087	66
3298	10987	11087	66
3299	10987	11481	66
3300	10992	11228	66
3301	10997	11011	33
3302	10997	11011	33
3303	10998	11028	33
3304	10999	11026	33
3305	11003	11004	33
3306	11014	11026	33
3307	11015	11038	33
3308	11034	11041	33
3309	11034	11101	33
3310	11038	11113	33
3311	11038	11113	33
3312	11038	11133	33
3313	11039	11091	33
3314	11039	11121	33
3315	11039	11133	33
3316	11041	11087	66
3317	11042	11048	30
3318	11044	11063	33
3319	11053	12406	66
3320	11055	11110	33
3321	11056	11151	66
3322	11057	11110	25
3323	11061	11638	66
3324	11063	11110	25
3325	11065	11091	33
3326	11068	11080	33
3327	11076	11092	33
3328	11076	11182	66
3329	11079	11087	33
3330	11081	11240	66
3331	11083	11195	33
3332	11084	11110	33
3333	11097	11104	66
3334	11099	11519	66
3335	11101	11110	33
3336	11125	11175	25
3337	11127	11176	66
3338	11127	11552	33
3339	11128	11194	66
3340	11132	11207	25
3341	11132	12380	25
3342	11153	11313	66
3343	11155	12094	66
3344	11162	11235	33
3345	11168	11174	66
3346	11170	11176	50
3347	11179	11182	33
3348	11180	11181	33
3349	11181	11376	33
3350	11181	11967	33
3351	11182	11379	33
3352	11183	11228	33
3353	11183	11244	33
3354	11183	11380	33
3355	11184	11239	33
3356	11185	11226	33
3357	11187	11443	33
3358	11192	11197	30
3359	11193	11305	66
3360	11206	11212	33
3361	11215	11300	33
3362	11225	11309	66
3363	11227	11231	33
3364	11227	11244	66
3365	11254	11286	66
3366	11264	11273	33
3367	11268	11411	33
3368	11276	11315	33
3369	11277	11299	33
3370	11281	11282	33
3371	11282	11379	66
3372	11283	11298	33
3373	11290	11325	33
3374	11290	11686	33
3375	11300	11327	33
3376	11302	11394	66
3377	11311	11359	33
3378	11311	11359	33
3379	11311	11412	33
3380	11316	11388	50
3381	11325	11362	66
3382	11335	11345	66
3383	11335	11354	66
3384	11338	11887	66
3385	11342	12218	66
3386	11365	11400	33
3387	11365	11468	33
3388	11378	11444	66
3389	11380	11390	66
3390	11380	11394	66
3391	11380	11395	66
3392	11383	12339	33
3393	11387	11491	33
3394	11388	11896	33
3395	11388	11967	33
3396	11391	11468	33
3397	11391	12339	33
3398	11394	11477	33
3399	11401	11449	33
3400	11401	11498	33
3401	11405	11507	66
3402	11411	11554	66
3403	11420	11504	66
3404	11428	11447	33
3405	11428	11447	33
3406	11429	11528	33
3407	11435	11440	25
3408	11439	11677	30
3409	11448	11451	66
3410	11463	11513	66
3411	11465	11571	66
3412	11466	11601	66
3413	11466	11601	66
3414	11476	11530	66
3415	11476	11869	33
3416	11476	11870	33
3417	11476	11896	33
3418	11477	11491	33
3419	11477	11864	33
3420	11491	11516	66
3421	11491	11567	66
3422	11492	11514	66
3423	11493	11501	33
3424	11493	11501	33
3425	11494	11610	66
3426	11507	11525	33
3427	11507	11571	33
3428	11507	11870	33
3429	11521	11542	66
3430	11528	11642	33
3431	11531	11683	33
3432	11532	11704	33
3433	11535	11609	33
3434	11537	11552	66
3435	11537	12723	66
3436	11548	11551	66
3437	11556	11581	33
3438	11560	11574	25
3439	11584	11660	66
3440	11593	11642	66
3441	11599	11618	66
3442	11636	11702	33
3443	11642	11770	50
3444	11643	12267	66
3445	11659	11671	25
3446	11669	11680	33
3447	11687	12381	50
3448	11701	11724	33
3449	11701	11809	66
3450	11702	11815	33
3451	11708	11746	33
3452	11715	11811	66
3453	11744	12154	33
3454	11749	11777	33
3455	11750	11862	33
3456	11759	11818	66
3457	11761	11866	66
3458	11762	11769	33
3459	11762	12154	33
3460	11764	11783	33
3461	11764	11876	33
3462	11765	11785	33
3463	11768	11833	66
3464	11771	11822	33
3465	11784	11815	33
3466	11794	11815	33
3467	11823	11882	33
3468	11823	11883	33
3469	11836	11890	66
3470	11845	11867	33
3471	11845	11870	33
3472	11845	11870	33
3473	11888	11897	66
3474	11888	11936	33
3475	11890	12025	50
3476	11909	11938	33
3477	11943	11982	66
3478	11943	11997	66
3479	11943	12001	66
3480	11943	12044	33
3481	11944	12001	66
3482	11948	11992	33
3483	12012	12088	33
3484	12023	12059	66
3485	12028	12039	33
3486	12061	12080	33
3487	12061	12137	66
3488	12063	12123	66
3489	12065	12158	66
3490	12076	12136	25
3491	12090	12136	25
3492	12101	12103	33
3493	12123	12189	66
3494	12137	12501	33
3495	12145	12175	33
3496	12152	12161	66
3497	12159	12224	66
3498	12169	12261	33
3499	12181	12285	66
3500	12183	12362	33
3501	12205	12230	33
3502	12210	13155	66
3503	12212	12231	33
3504	12215	12231	33
3505	12235	12253	33
3506	12235	12297	33
3507	12244	12965	66
3508	12248	12415	25
3509	12253	12579	33
3510	12265	12285	33
3511	12266	12328	66
3512	12269	12282	33
3513	12270	12549	66
3514	12285	12604	66
3515	12286	13330	33
3516	12293	12328	33
3517	12298	12838	66
3518	12301	12374	66
3519	12301	12377	66
3520	12301	12549	66
3521	12304	12318	33
3522	12310	13399	33
3523	12315	12327	50
3524	12316	12624	33
3525	12322	12390	66
3526	12324	12372	33
3527	12324	12377	33
3528	12325	12333	33
3529	12325	12350	33
3530	12325	12372	33
3531	12325	12372	33
3532	12325	12675	33
3533	12327	12646	66
3534	12330	12331	33
3535	12330	12369	66
3536	12342	12439	50
3537	12343	12840	66
3538	12351	12443	66
3539	12351	12966	33
3540	12360	12399	66
3541	12362	12375	33
3542	12365	12837	66
3543	12376	12576	25
3544	12383	12421	33
3545	12385	12405	33
3546	12387	12423	33
3547	12389	12404	33
3548	12391	12493	66
3549	12404	12462	66
3550	12416	12437	33
3551	12417	12437	33
3552	12421	12437	33
3553	12421	12457	33
3554	12424	12466	33
3555	12426	12428	33
3556	12426	12483	66
3557	12431	12483	33
3558	12431	12512	33
3559	12448	12462	33
3560	12449	12460	33
3561	12452	12675	66
3562	12458	12497	66
3563	12482	12509	25
3564	12487	12839	66
3565	12492	12614	33
3566	12494	12543	66
3567	12500	12603	33
3568	12500	12614	33
3569	12500	12629	33
3570	12501	12603	33
3571	12507	12537	33
3572	12511	12553	66
3573	12522	12573	33
3574	12530	12539	33
3575	12530	12583	33
3576	12533	12539	33
3577	12538	13020	30
3578	12559	13009	33
3579	12565	12585	33
3580	12567	13740	33
3581	12568	12579	33
3582	12575	12590	33
3583	12580	12770	33
3584	12581	12658	33
3585	12583	12593	33
3586	12590	12601	66
3587	12595	13822	25
3588	12598	12633	66
3589	12611	12682	50
3590	12621	13674	66
3591	12628	12657	33
3592	12631	12676	66
3593	12635	12718	33
3594	12636	12894	66
3595	12639	12647	33
3596	12642	12693	33
3597	12644	12712	33
3598	12644	12843	33
3599	12649	12698	33
3600	12649	12713	33
3601	12649	12713	33
3602	12649	12749	33
3603	12650	12718	33
3604	12650	12718	33
3605	12650	12724	33
3606	12650	12737	33
3607	12650	12737	33
3608	12650	12749	33
3609	12650	12955	33
3610	12661	12726	66
3611	12663	12670	33
3612	12665	12724	33
3613	12666	12705	33
3614	12672	12959	33
3615	12676	12764	66
3616	12683	12689	33
3617	12691	12790	66
3618	12697	12759	66
3619	12704	12724	33
3620	12707	12724	30
3621	12709	12742	50
3622	12720	12728	66
3623	12722	12765	33
3624	12729	12829	33
3625	12736	12784	66
3626	12740	12756	33
3627	12745	12765	33
3628	12752	12817	33
3629	12754	12773	66
3630	12754	12777	33
3631	12754	12788	33
3632	12754	12788	33
3633	12754	12802	33
3634	12754	12812	33
3635	12754	12822	33
3636	12754	12822	33
3637	12754	12847	33
3638	12754	12852	33
3639	12754	12856	33
3640	12763	12812	33
3641	12769	12858	33
3642	12781	12814	66
3643	12781	12970	33
3644	12783	12929	66
3645	12784	12793	66
3646	12789	12911	66
3647	12796	13260	33
3648	12805	12830	33
3649	12805	12830	33
3650	12806	12842	66
3651	12806	12852	66
3652	12811	12914	33
3653	12844	12859	66
3654	12859	12884	33
3655	12862	12899	33
3656	12868	12916	33
3657	12868	12946	33
3658	12868	12967	33
3659	12907	13037	66
3660	12909	12927	33
3661	12910	12935	33
3662	12913	12946	33
3663	12917	12978	66
3664	12917	13242	66
3665	12919	12929	33
3666	12919	13000	33
3667	12920	12972	66
3668	12931	13001	33
3669	12935	12957	33
3670	12941	13082	25
3671	12948	12973	33
3672	12948	12996	50
3673	12975	13100	33
3674	12977	12982	33
3675	12980	13005	33
3676	12985	13020	33
3677	12991	13014	66
3678	12991	13052	66
3679	12994	14233	33
3680	13001	13091	33
3681	13021	13140	33
3682	13023	13063	33
3683	13023	13096	33
3684	13030	13057	33
3685	13030	13057	33
3686	13035	13045	33
3687	13036	13093	66
3688	13045	13065	33
3689	13084	13196	66
3690	13088	13157	33
3691	13095	13104	66
3692	13099	13167	33
3693	13101	13333	66
3694	13105	13125	33
3695	13105	13125	33
3696	13111	13852	33
3697	13117	13157	33
3698	13118	13133	33
3699	13118	13177	33
3700	13121	14065	33
3701	13141	13179	66
3702	13145	13203	33
3703	13145	13641	66
3704	13146	13330	66
3705	13155	13183	66
3706	13157	13215	66
3707	13174	13188	33
3708	13174	13194	33
3709	13177	13248	50
3710	13228	13407	33
3711	13233	13292	33
3712	13233	13302	33
3713	13245	13305	33
3714	13246	13261	33
3715	13261	13424	66
3716	13264	13365	66
3717	13265	13365	66
3718	13267	13336	33
3719	13268	13360	66
3720	13276	13336	66
3721	13285	13317	33
3722	13321	13390	66
3723	13324	13357	33
3724	13324	13411	33
3725	13324	13431	33
3726	13329	13364	33
3727	13336	13484	33
3728	13338	13371	33
3729	13338	13371	33
3730	13338	13371	33
3731	13343	13371	33
3732	13343	13371	33
3733	13344	13345	33
3734	13344	13385	33
3735	13370	13389	33
3736	13371	13582	66
3737	13385	13486	66
3738	13385	13576	66
3739	13386	13396	25
3740	13386	13535	66
3741	13396	13485	66
3742	13413	13419	33
3743	13427	13707	33
3744	13427	13707	33
3745	13437	13468	33
3746	13438	13457	33
3747	13438	13547	33
3748	13439	13538	33
3749	13439	13544	33
3750	13441	13588	50
3751	13442	13526	33
3752	13442	13539	33
3753	13452	13514	66
3754	13454	13511	33
3755	13464	13593	33
3756	13470	13487	33
3757	13480	13948	33
3758	13504	13564	33
3759	13512	13517	30
3760	13515	13546	33
3761	13556	13640	33
3762	13557	13595	66
3763	13565	13599	66
3764	13566	13586	33
3765	13567	13576	33
3766	13567	13597	33
3767	13571	13586	33
3768	13571	13594	33
3769	13571	13597	33
3770	13572	13628	33
3771	13576	13690	33
3772	13616	13644	33
3773	13616	13704	33
3774	13617	13654	33
3775	13617	13681	33
3776	13617	13681	33
3777	13618	13684	33
3778	13619	13662	33
3779	13619	13673	33
3780	13620	13633	33
3781	13620	13644	33
3782	13620	13678	33
3783	13620	13696	33
3784	13620	13698	33
3785	13621	13665	33
3786	13621	13712	33
3787	13628	13704	33
3788	13645	13665	33
3789	13659	13765	66
3790	13662	14231	33
3791	13681	13760	33
3792	13683	13727	33
3793	13683	13990	33
3794	13686	13749	66
3795	13688	13992	66
3796	13694	13701	33
3797	13694	13703	33
3798	13705	13727	33
3799	13705	13731	33
3800	13709	13730	33
3801	13711	13784	66
3802	13712	13740	33
3803	13712	13740	33
3804	13716	13930	25
3805	13719	13732	33
3806	13724	13809	33
3807	13725	13767	33
3808	13725	13819	33
3809	13726	13809	33
3810	13726	13819	33
3811	13749	13829	66
3812	13763	14178	66
3813	13765	13785	33
3814	13765	13785	33
3815	13786	13855	33
3816	13789	13890	66
3817	13803	13845	33
3818	13807	13877	33
3819	13825	13845	33
3820	13847	13988	33
3821	13861	13909	33
3822	13865	13911	66
3823	13873	13890	33
3824	13876	13943	33
3825	13876	13962	33
3826	13877	13956	33
3827	13877	13961	33
3828	13877	13962	33
3829	13898	13936	66
3830	13921	13968	33
3831	13921	14041	66
3832	13926	13963	33
3833	13937	13938	33
3834	13945	13976	33
3835	13951	13997	66
3836	13954	13969	66
3837	13955	13966	66
3838	13955	13966	66
3839	13955	13969	66
3840	13976	14008	33
3841	13984	14043	33
3842	13988	14039	33
3843	13989	14042	33
3844	14001	14128	33
3845	14002	14008	30
3846	14005	14025	33
3847	14009	14020	33
3848	14009	14365	33
3849	14015	14083	66
3850	14033	14103	33
3851	14041	14155	66
3852	14046	14109	33
3853	14046	14484	66
3854	14065	14085	33
3855	14069	14080	33
3856	14076	14111	66
3857	14080	15194	66
3858	14093	14099	66
3859	14101	14112	33
3860	14101	14126	33
3861	14101	14147	33
3862	14101	14176	66
3863	14107	14180	33
3864	14107	14200	66
3865	14125	14145	33
3866	14125	14361	33
3867	14153	14186	66
3868	14154	14233	66
3869	14164	14176	33
3870	14164	14180	33
3871	14164	14181	33
3872	14166	14167	33
3873	14173	14209	66
3874	14182	14221	33
3875	14187	14241	33
3876	14189	14211	33
3877	14189	14215	33
3878	14194	14345	33
3879	14217	15147	66
3880	14225	14284	66
3881	14230	14236	25
3882	14231	14246	33
3883	14233	14268	33
3884	14233	14301	33
3885	14234	14297	33
3886	14237	14258	33
3887	14238	14357	33
3888	14253	14261	66
3889	14264	14355	30
3890	14267	14379	66
3891	14275	14292	33
3892	14277	14379	66
3893	14287	14288	66
3894	14326	14340	33
3895	14326	14466	33
3896	14340	14357	33
3897	14343	14712	33
3898	14356	14538	25
3899	14356	14538	25
3900	14391	14430	33
3901	14396	14626	33
3902	14407	14507	66
3903	14446	14477	33
3904	14447	14524	30
3905	14457	14681	33
3906	14457	14693	33
3907	14469	14604	33
3908	14471	14697	33
3909	14486	14508	33
3910	14498	14567	50
3911	14509	14571	66
3912	14521	14522	66
3913	14526	14565	33
3914	14526	14984	33
3915	14544	14567	33
3916	14573	14590	33
3917	14581	14682	66
3918	14581	14691	33
3919	14613	15319	66
3920	14616	15872	30
3921	14688	14798	66
3922	14725	14745	33
3923	14729	14741	33
3924	14739	14861	66
3925	14761	14839	66
3926	14761	14851	66
3927	14761	15086	33
3928	14768	14868	66
3929	14776	14808	66
3930	14777	15431	30
3931	14783	14863	30
3932	14785	14805	33
3933	14786	14809	33
3934	14812	14881	33
3935	14823	14884	33
3936	14832	14893	66
3937	14835	14839	33
3938	14845	14865	33
3939	14849	14861	33
3940	14860	14870	66
3941	14860	16051	33
3942	14877	14928	33
3943	14877	14949	33
3944	14880	14928	33
3945	14880	14928	33
3946	14880	14945	33
3947	14881	14905	66
3948	14881	14920	33
3949	14881	14924	33
3950	14881	14937	33
3951	14881	14949	33
3952	14881	14952	33
3953	14881	14958	33
3954	14882	14913	33
3955	14882	14924	33
3956	14882	14933	33
3957	14882	14937	33
3958	14941	14996	66
3959	14941	14999	66
3960	14941	15028	33
3961	14945	14989	66
3962	14946	15545	33
3963	14946	15545	33
3964	14956	15040	66
3965	14962	14963	66
3966	14966	15050	30
3967	14967	14985	33
3968	14969	14980	33
3969	14971	15024	66
3970	14981	15069	33
3971	14991	15045	33
3972	15003	16028	33
3973	15008	15018	33
3974	15026	15041	33
3975	15026	15042	33
3976	15026	15049	33
3977	15026	15058	33
3978	15026	15149	33
3979	15027	15046	33
3980	15027	15059	33
3981	15027	15059	33
3982	15062	15119	33
3983	15065	15545	33
3984	15070	15127	33
3985	15071	15149	33
3986	15074	15142	33
3987	15074	15145	33
3988	15074	15145	33
3989	15075	15089	33
3990	15075	15127	33
3991	15076	15089	33
3992	15076	15142	33
3993	15084	15110	33
3994	15098	15164	66
3995	15113	15149	33
3996	15115	15157	25
3997	15116	15149	33
3998	15116	15149	33
3999	15116	15153	33
4000	15117	15149	33
4001	15117	15149	33
4002	15121	15312	66
4003	15121	15870	66
4004	15128	15196	33
4005	15133	15196	33
4006	15135	16342	33
4007	15161	15236	33
4008	15173	15175	33
4009	15180	15285	33
4010	15180	16080	33
4011	15181	15254	66
4012	15181	15256	33
4013	15190	15191	33
4014	15197	16117	66
4015	15214	15225	33
4016	15214	15233	33
4017	15214	15233	33
4018	15214	15233	33
4019	15215	15233	33
4020	15215	15233	33
4021	15217	15233	33
4022	15218	15229	33
4023	15218	15233	33
4024	15219	15233	33
4025	15219	15500	33
4026	15220	15281	33
4027	15241	15292	33
4028	15244	15284	33
4029	15278	15347	50
4030	15286	15387	33
4031	15301	15350	33
4032	15304	15373	33
4033	15304	15376	33
4034	15305	15328	33
4035	15305	15329	33
4036	15305	15333	33
4037	15305	15337	33
4038	15305	15366	33
4039	15305	15389	33
4040	15306	15359	33
4041	15309	15366	33
4042	15316	15364	25
4043	15361	15405	33
4044	15364	15405	33
4045	15369	15535	33
4046	15371	15463	33
4047	15371	15488	33
4048	15371	15493	33
4049	15371	15501	33
4050	15371	15522	33
4051	15374	15500	33
4052	15382	15406	33
4053	15382	15406	33
4054	15383	15402	33
4055	15383	15404	33
4056	15384	15402	33
4057	15385	15405	33
4058	15385	15420	33
4059	15392	16005	30
4060	15394	15459	66
4061	15397	15410	66
4062	15398	15535	66
4063	15444	15476	33
4064	15445	15462	33
4065	15449	16260	33
4066	15454	15857	66
4067	15461	15482	33
4068	15505	15550	33
4069	15557	15639	66
4070	15571	15900	33
4071	15606	16397	33
4072	15616	15861	30
4073	15625	15647	33
4074	15639	15666	33
4075	15643	15659	33
4076	15643	15662	33
4077	15643	15662	33
4078	15643	15665	33
4079	15643	15665	33
4080	15643	15667	33
4081	15645	15659	33
4082	15645	15662	33
4083	15663	15778	33
4084	15669	16128	33
4085	15675	15724	33
4086	15685	16122	30
4087	15686	15771	30
4088	15721	15730	66
4089	15736	15757	25
4090	15748	15927	33
4091	15761	15876	33
4092	15786	15800	33
4093	15791	15901	33
4094	15792	15921	33
4095	15792	15931	33
4096	15793	15848	33
4097	15793	15848	33
4098	15793	15848	33
4099	15793	15859	33
4100	15801	15816	33
4101	15805	15825	33
4102	15806	15807	33
4103	15842	15921	30
4104	15842	15927	33
4105	15846	15958	33
4106	15863	15865	66
4107	15865	15895	33
4108	15874	16235	33
4109	15907	16024	66
4110	15916	16354	33
4111	15928	15939	33
4112	15944	16030	30
4113	15951	15985	66
4114	15961	15998	66
4115	15961	16116	66
4116	15961	16188	25
4117	15963	16003	66
4118	15965	16004	66
4119	15965	16025	66
4120	15968	16095	66
4121	15972	16026	33
4122	15982	16541	66
4123	15984	15987	33
4124	15985	16006	33
4125	15997	16111	66
4126	16011	16030	33
4127	16020	16036	33
4128	16025	16050	33
4129	16025	16064	33
4130	16025	16096	33
4131	16026	16091	50
4132	16028	16067	66
4133	16037	16144	33
4134	16055	16080	33
4135	16058	16127	50
4136	16066	16161	33
4137	16081	16912	66
4138	16082	16911	66
4139	16082	16912	66
4140	16086	16099	25
4141	16086	16113	25
4142	16088	16089	25
4143	16096	16156	33
4144	16096	16181	33
4145	16105	16125	33
4146	16135	16500	66
4147	16141	16179	66
4148	16142	16199	33
4149	16144	16236	33
4150	16151	16198	33
4151	16160	16244	33
4152	16170	16374	33
4153	16171	16552	66
4154	16173	16235	66
4155	16216	16289	66
4156	16220	16276	33
4157	16224	16315	33
4158	16225	16245	33
4159	16238	16264	50
4160	16238	16351	66
4161	16261	16493	33
4162	16271	16360	66
4163	16288	16305	33
4164	16291	16383	33
4165	16297	16367	50
4166	16309	16481	33
4167	16312	16485	33
4168	16314	16492	33
4169	16317	16485	33
4170	16323	16503	33
4171	16336	16384	40
4172	16336	16395	25
4173	16342	16570	33
4174	16345	16370	33
4175	16348	16437	30
4176	16351	16438	66
4177	16388	16422	66
4178	16388	16444	66
4179	16392	16526	33
4180	16400	16415	33
4181	16400	16437	33
4182	16400	16448	33
4183	16401	16421	33
4184	16401	16489	33
4185	16403	16457	33
4186	16403	16485	33
4187	16405	16425	33
4188	16407	16425	33
4189	16408	16502	50
4190	16441	16451	33
4191	16441	16457	33
4192	16441	16555	66
4193	16443	17627	33
4194	16444	16799	33
4195	16456	16464	66
4196	16459	16467	33
4197	16464	16473	33
4198	16464	16473	33
4199	16464	16496	33
4200	16464	16877	33
4201	16464	17414	33
4202	16471	16484	66
4203	16507	16513	33
4204	16508	17008	66
4205	16516	16525	66
4206	16523	16539	33
4207	16523	16547	33
4208	16523	16570	33
4209	16523	16570	33
4210	16523	16684	33
4211	16524	16551	33
4212	16524	16557	33
4213	16524	16560	33
4214	16525	16547	33
4215	16525	16554	33
4216	16534	16608	66
4217	16537	16609	50
4218	16542	16638	30
4219	16561	16608	33
4220	16563	16608	66
4221	16571	16586	33
4222	16576	16651	33
4223	16577	17896	33
4224	16590	16623	66
4225	16593	16638	66
4226	16612	16646	33
4227	16616	16646	33
4228	16621	16635	66
4229	16622	16659	66
4230	16626	17344	33
4231	16630	17324	66
4232	16635	16721	30
4233	16639	16658	33
4234	16645	16662	33
4235	16645	16662	33
4236	16645	16665	33
4237	16645	16670	33
4238	16649	16664	33
4239	16658	16728	50
4240	16658	16728	50
4241	16671	17324	66
4242	16672	17123	66
4243	16680	17701	33
4244	16705	16725	33
4245	16709	16978	66
4246	16710	17103	33
4247	16711	16725	33
4248	16711	16805	66
4249	16717	16855	25
4250	16726	16736	33
4251	16741	16805	33
4252	16745	16841	33
4253	16745	16844	33
4254	16746	16854	33
4255	16747	17275	33
4256	16748	16771	33
4257	16749	16796	33
4258	16750	16778	33
4259	16751	16766	33
4260	16756	16879	66
4261	16757	16864	66
4262	16763	17246	33
4263	16767	16782	33
4264	16769	16784	33
4265	16775	16799	33
4266	16777	16783	33
4267	16801	16832	33
4268	16805	16869	66
4269	16809	16935	33
4270	16811	17893	66
4271	16815	16981	33
4272	16819	17795	33
4273	16820	16869	33
4274	16823	16837	33
4275	16824	16852	33
4276	16825	16845	33
4277	16827	16863	66
4278	16830	17380	33
4279	16838	16886	66
4280	16843	17017	66
4281	16861	16886	66
4282	16862	16890	33
4283	16865	16925	50
4284	16865	16984	50
4285	16866	16874	66
4286	16867	16925	33
4287	16875	17140	33
4288	16891	16959	66
4289	16893	16903	33
4290	16893	16912	66
4291	16897	17103	33
4292	16912	16960	33
4293	16919	16924	66
4294	16921	16978	33
4295	16924	16925	66
4296	16931	18271	33
4297	16932	16954	66
4298	16934	16999	33
4299	16936	17019	66
4300	16940	16980	33
4301	16943	17402	33
4302	16945	16966	33
4303	16946	17038	33
4304	16951	17015	66
4305	16972	17006	33
4306	16972	17006	33
4307	16973	17032	33
4308	16973	17982	66
4309	16974	17028	33
4310	16978	17020	33
4311	16978	17025	33
4312	16978	17028	33
4313	16981	16984	66
4314	16981	17036	33
4315	16984	17119	66
4316	16989	17138	66
4317	16996	17022	25
4318	16996	17123	33
4319	16997	17000	33
4320	16997	17072	33
4321	16998	17024	66
4322	16999	17183	66
4323	17003	17045	66
4324	17010	17022	33
4325	17044	17056	66
4326	17046	17081	33
4327	17046	17092	33
4328	17047	17070	33
4329	17047	17100	33
4330	17051	17099	33
4331	17051	17114	33
4332	17051	17114	33
4333	17056	17057	25
4334	17057	17111	33
4335	17061	17140	30
4336	17064	17085	33
4337	17064	17090	33
4338	17064	17090	33
4339	17065	17085	33
4340	17065	17085	33
4341	17101	17147	66
4342	17101	17147	66
4343	17103	17144	33
4344	17106	17107	25
4345	17106	17107	66
4346	17106	17271	66
4347	17119	17196	66
4348	17120	17174	66
4349	17123	17208	66
4350	17125	17145	33
4351	17129	17141	33
4352	17131	17321	66
4353	17149	17673	33
4354	17153	17206	66
4355	17164	17256	33
4356	17164	17481	66
4357	17166	17267	66
4358	17169	17769	33
4359	17170	17235	66
4360	17170	17302	66
4361	17192	17194	33
4362	17193	17201	66
4363	17198	17227	33
4364	17204	17274	33
4365	17205	17241	33
4366	17244	17275	33
4367	17244	17275	33
4368	17244	17275	33
4369	17252	17342	33
4370	17252	17397	33
4371	17253	17330	33
4372	17253	17334	33
4373	17253	17351	33
4374	17256	17321	33
4375	17257	17388	33
4376	17257	17397	33
4377	17277	17290	33
4378	17278	17279	33
4379	17278	17294	33
4380	17281	17373	66
4381	17282	17350	66
4382	17283	17316	33
4383	17283	17324	66
4384	17285	17383	66
4385	17288	17296	33
4386	17288	17385	33
4387	17292	17525	33
4388	17299	17300	33
4389	17305	17340	33
4390	17309	17321	33
4391	17312	17425	33
4392	17321	17382	33
4393	17322	17350	33
4394	17329	17348	33
4395	17330	17431	66
4396	17330	17606	66
4397	17333	17429	66
4398	17333	17429	66
4399	17341	17428	66
4400	17343	17446	33
4401	17345	17457	66
4402	17354	17388	33
4403	17355	17388	33
4404	17355	17404	33
4405	17364	17539	33
4406	17365	17385	33
4407	17365	17391	33
4408	17365	17395	33
4409	17365	17647	33
4410	17401	17489	33
4411	17402	18660	66
4412	17406	17407	25
4413	17406	17612	33
4414	17407	17418	33
4415	17407	17435	33
4416	17407	17443	33
4417	17408	17508	33
4418	17409	17423	33
4419	17409	17423	33
4420	17409	17423	33
4421	17409	17443	33
4422	17409	17450	33
4423	17410	17418	33
4424	17410	17432	33
4425	17410	17439	33
4426	17410	17451	33
4427	17425	17446	33
4428	17430	17796	33
4429	17430	17870	33
4430	17433	18212	33
4431	17438	17517	66
4432	17446	18110	66
4433	17463	17558	33
4434	17465	17563	66
4435	17469	17477	33
4436	17469	17481	33
4437	17469	17481	33
4438	17471	17526	33
4439	17473	17537	66
4440	17479	17515	33
4441	17481	18231	33
4442	17488	17501	33
4443	17489	17501	33
4444	17492	17503	33
4445	17493	17524	33
4446	17493	17534	33
4447	17493	17558	33
4448	17503	18301	33
4449	17521	17530	66
4450	17521	17530	66
4451	17521	18554	33
4452	17531	18173	33
4453	17538	17587	66
4454	17543	17668	33
4455	17548	17559	33
4456	17549	17553	25
4457	17568	18037	66
4458	17584	18173	33
4459	17599	17611	33
4460	17601	17619	33
4461	17632	17720	30
4462	17644	17683	33
4463	17648	17710	33
4464	17656	17873	33
4465	17656	17966	66
4466	17658	18193	33
4467	17665	17685	33
4468	17665	17696	33
4469	17668	17681	33
4470	17678	17767	33
4471	17684	17703	33
4472	17690	17981	33
4473	17690	17988	33
4474	17690	17988	33
4475	17700	18025	33
4476	17705	17782	66
4477	17712	18173	33
4478	17718	17720	33
4479	17765	17794	33
4480	17771	17855	33
4481	17771	17903	33
4482	17772	17861	33
4483	17772	17861	33
4484	17772	17861	33
4485	17772	17952	33
4486	17772	17982	33
4487	17783	17855	33
4488	17789	17800	33
4489	17815	17884	66
4490	17826	18032	66
4491	17829	18070	33
4492	17832	17910	33
4493	17833	18000	25
4494	17836	18067	33
4495	17848	18182	33
4496	17854	17861	33
4497	17867	17884	33
4498	17868	17877	33
4499	17868	17944	33
4500	17869	17898	33
4501	17869	17926	33
4502	17869	17952	33
4503	17869	17982	33
4504	17880	17978	66
4505	17883	18796	33
4506	17892	18866	33
4507	17907	17931	33
4508	17907	17931	33
4509	17907	17948	33
4510	17908	17931	33
4511	17909	17920	33
4512	17912	17914	33
4513	17914	17996	33
4514	17920	17994	66
4515	17930	17989	66
4516	17935	17940	66
4517	17935	17944	66
4518	17935	17989	66
4519	17935	18000	66
4520	17940	17976	33
4521	17944	19325	66
4522	17949	18062	33
4523	17988	18116	33
4524	18001	18024	33
4525	18001	18154	66
4526	18001	18408	66
4527	18002	18407	66
4528	18005	18046	66
4529	18008	18064	33
4530	18011	18093	33
4531	18025	18045	33
4532	18027	18115	25
4533	18038	18186	66
4534	18044	18053	33
4535	18046	18272	33
4536	18050	18103	66
4537	18061	18142	33
4538	18061	18143	66
4539	18061	18153	33
4540	18062	18070	33
4541	18062	18072	33
4542	18064	18065	66
4543	18064	18604	66
4544	18071	18172	33
4545	18071	18180	33
4546	18075	18322	66
4547	18076	18219	66
4548	18079	18785	66
4549	18085	18105	33
4550	18093	18198	66
4551	18096	18223	33
4552	18104	18117	33
4553	18106	18120	66
4554	18118	18448	33
4555	18121	18193	33
4556	18129	18221	66
4557	18148	18159	33
4558	18153	18172	33
4559	18153	18172	33
4560	18163	19552	33
4561	18165	18252	25
4562	18169	18170	66
4563	18177	18183	30
4564	18185	18239	33
4565	18185	18424	33
4566	18186	18187	66
4567	18186	18424	33
4568	18187	18427	33
4569	18188	18282	66
4570	18191	18303	33
4571	18191	18376	66
4572	18193	18352	33
4573	18193	19231	66
4574	18196	18197	33
4575	18199	18264	66
4576	18199	18275	33
4577	18202	18212	33
4578	18202	18226	33
4579	18205	18226	33
4580	18205	18231	33
4581	18228	18258	33
4582	18231	18250	33
4583	18232	18427	33
4584	18233	18296	50
4585	18239	18279	66
4586	18241	18500	33
4587	18243	18305	66
4588	18247	18297	33
4589	18251	18375	33
4590	18255	18998	66
4591	18265	18282	33
4592	18266	18275	33
4593	18270	18298	33
4594	18270	18319	66
4595	18270	19183	66
4596	18271	18298	33
4597	18271	18351	66
4598	18271	18360	33
4599	18271	18372	33
4600	18275	18572	33
4601	18278	18317	50
4602	18287	18288	66
4603	18293	18304	66
4604	18296	18321	33
4605	18301	18314	33
4606	18301	18344	66
4607	18301	18369	33
4608	18305	18386	66
4609	18305	18520	66
4610	18306	18316	33
4611	18309	18316	33
4612	18310	18319	33
4613	18310	18334	50
4614	18311	18318	33
4615	18337	18456	33
4616	18339	18986	30
4617	18344	18364	33
4618	18348	18419	33
4619	18351	18384	66
4620	18351	18384	66
4621	18351	18384	66
4622	18359	18366	33
4623	18366	18524	33
4624	18367	18700	33
4625	18376	18425	66
4626	18376	18436	66
4627	18376	18523	33
4628	18377	18400	33
4629	18377	18445	33
4630	18377	18569	33
4631	18380	18445	33
4632	18380	18445	33
4633	18380	18451	33
4634	18380	18547	33
4635	18383	18419	33
4636	18383	18419	33
4637	18389	18402	33
4638	18402	18415	33
4639	18404	18414	33
4640	18406	18419	33
4641	18406	19243	66
4642	18410	18417	33
4643	18411	18520	66
4644	18411	19231	66
4645	18413	18785	66
4646	18414	18422	33
4647	18417	18620	66
4648	18422	18435	33
4649	18424	18468	66
4650	18425	18444	66
4651	18432	18461	33
4652	18436	18555	50
4653	18439	18502	33
4654	18440	18536	50
4655	18443	18528	33
4656	18452	18460	66
4657	18459	18549	33
4658	18466	18837	33
4659	18473	18518	33
4660	18474	18507	33
4661	18474	18558	33
4662	18475	18529	40
4663	18484	18526	66
4664	18485	18579	66
4665	18485	18585	33
4666	18486	18588	33
4667	18492	18874	33
4668	18499	18627	50
4669	18504	18532	33
4670	18509	18544	33
4671	18509	18544	33
4672	18537	18548	33
4673	18546	18558	33
4674	18562	18572	33
4675	18571	18600	33
4676	18571	18600	33
4677	18574	18583	33
4678	18579	18588	33
4679	18584	18589	66
4680	18584	18612	33
4681	18593	18622	33
4682	18593	18622	33
4683	18595	18604	66
4684	18597	18627	33
4685	18598	18708	66
4686	18600	18686	66
4687	18600	18707	66
4688	18601	18675	33
4689	18603	18739	66
4690	18605	18807	33
4691	18641	18744	30
4692	18649	18654	66
4693	18653	18687	33
4694	18662	18680	66
4695	18663	18670	33
4696	18664	19478	33
4697	18665	18809	66
4698	18666	18708	66
4699	18674	18681	33
4700	18684	18705	33
4701	18686	18705	33
4702	18697	18728	33
4703	18703	18737	25
4704	18705	18929	33
4705	18715	18725	33
4706	18723	18740	33
4707	18731	18796	25
4708	18739	18984	66
4709	18745	18765	33
4710	18746	18763	33
4711	18750	18759	66
4712	18750	18765	66
4713	18751	18776	33
4714	18752	19075	25
4715	18790	19487	33
4716	18790	19487	33
4717	18790	19487	33
4718	18796	19136	66
4719	18801	18813	25
4720	18801	18815	25
4721	18805	18825	33
4722	18808	18821	33
4723	18811	18921	33
4724	18818	18913	33
4725	18834	18867	33
4726	18837	18839	33
4727	18845	18933	66
4728	18845	18982	33
4729	18851	18864	66
4730	18852	20160	33
4731	18860	20160	33
4732	18865	18887	33
4733	18865	18896	33
4734	18866	20160	33
4735	18866	20160	33
4736	18867	19316	33
4737	18877	20160	66
4738	18878	18956	66
4739	18884	18937	66
4740	18893	19487	33
4741	18893	19487	33
4742	18906	18965	33
4743	18911	20160	66
4744	18917	18926	66
4745	18917	19584	33
4746	18924	18955	33
4747	18925	18950	33
4748	18935	19151	66
4749	18935	19752	33
4750	18936	19009	66
4751	18936	19024	33
4752	18936	19151	66
4753	18946	19000	25
4754	18946	19003	66
4755	18947	19182	33
4756	18947	19806	33
4757	18947	19806	33
4758	18947	19807	33
4759	18947	19807	33
4760	18947	20160	33
4761	18947	20160	33
4762	18947	20160	33
4763	18947	20160	33
4764	18947	20160	33
4765	18947	20160	33
4766	18947	20160	33
4767	18947	20160	33
4768	18947	20160	33
4769	18948	20160	33
4770	18948	20160	33
4771	18948	20160	33
4772	18948	20160	33
4773	18948	20160	33
4774	18960	19242	33
4775	18961	19006	33
4776	18961	19006	33
4777	18961	19064	33
4778	18965	19130	25
4779	18991	19148	66
4780	19021	19067	33
4781	19021	19089	66
4782	19045	19072	33
4783	19047	19061	33
4784	19047	19062	33
4785	19047	20160	33
4786	19053	19097	33
4787	19053	19209	66
4788	19056	19104	66
4789	19064	19194	33
4790	19081	19137	66
4791	19083	19173	33
4792	19083	19214	66
4793	19102	20160	66
4794	19118	19347	33
4795	19132	19202	66
4796	19132	19202	66
4797	19134	19800	33
4798	19140	20160	33
4799	19141	19165	33
4800	19141	19222	25
4801	19143	19187	33
4802	19147	19291	25
4803	19158	19209	33
4804	19165	19195	33
4805	19168	19180	33
4806	19169	19180	33
4807	19169	19242	33
4808	19186	19197	33
4809	19207	19372	33
4810	19215	19429	66
4811	19217	19327	66
4812	19231	20144	33
4813	19261	19340	33
4814	19266	19429	66
4815	19266	19431	33
4816	19267	20160	33
4817	19268	19366	33
4818	19269	19389	25
4819	19276	19442	25
4820	19277	19335	25
4821	19277	19425	66
4822	19285	19305	33
4823	19296	19558	66
4824	19300	19310	66
4825	19322	19367	33
4826	19325	19409	33
4827	19326	19357	33
4828	19331	19335	25
4829	19332	20016	33
4830	19340	19392	33
4831	19348	20160	33
4832	19357	19362	30
4833	19367	19419	33
4834	19375	19415	33
4835	19381	19477	33
4836	19383	19407	33
4837	19385	19451	33
4838	19389	19447	33
4839	19390	19486	33
4840	19404	19407	33
4841	19405	19425	33
4842	19431	19721	66
4843	19433	19495	66
4844	19435	19602	33
4845	19442	19494	66
4846	19444	19486	33
4847	19451	19566	50
4848	19452	19492	33
4849	19453	19475	25
4850	19459	19462	33
4851	19463	19569	66
4852	19465	19485	33
4853	19469	19470	33
4854	19472	19473	33
4855	19473	19537	66
4856	19491	19500	33
4857	19491	19500	33
4858	19492	19499	33
4859	19492	19500	33
4860	19495	19529	33
4861	19496	20160	33
4862	19500	19682	33
4863	19500	20160	33
4864	19505	19529	33
4865	19508	19574	33
4866	19508	20160	33
4867	19510	19515	33
4868	19511	19513	33
4869	19511	19528	33
4870	19524	19555	33
4871	19524	20039	33
4872	19524	20039	33
4873	19525	19545	33
4874	19525	19545	33
4875	19525	19555	33
4876	19546	19695	66
4877	19546	19700	66
4878	19565	19625	33
4879	19567	19642	33
4880	19570	19594	33
4881	19576	19685	66
4882	19578	19704	66
4883	19598	19966	66
4884	19610	20160	33
4885	19620	20160	66
4886	19621	19715	33
4887	19627	19689	66
4888	19644	19649	66
4889	19645	19675	33
4890	19655	19727	66
4891	19675	19676	66
4892	19682	20160	25
4893	19687	19783	33
4894	19698	19894	33
4895	19708	20160	33
4896	19709	19894	33
4897	19726	19779	33
4898	19726	19936	66
4899	19726	20065	66
4900	19728	19740	66
4901	19728	19741	66
4902	19732	19766	66
4903	19741	19750	66
4904	19741	19805	66
4905	19742	19789	33
4906	19744	19768	33
4907	19767	19783	33
4908	19768	20160	33
4909	19769	19782	33
4910	19793	19804	66
4911	19801	19853	66
4912	19805	19806	66
4913	19805	19871	66
4914	19805	20160	66
4915	19806	20160	66
4916	19806	20160	66
4917	19807	19889	66
4918	19808	20160	66
4919	19808	20160	66
4920	19808	20160	66
4921	19809	20160	66
4922	19809	20160	66
4923	19809	20160	66
4924	19810	19933	33
4925	19810	20160	66
4926	19810	20160	66
4927	19810	20160	66
4928	19816	20160	25
4929	19818	19842	33
4930	19822	19844	66
4931	19827	19832	30
4932	19827	19996	33
4933	19834	20160	30
4934	19835	20160	33
4935	19854	19923	66
4936	19859	20160	33
4937	19861	19898	66
4938	19876	19879	33
4939	19876	19879	33
4940	19876	19935	66
4941	19876	19944	66
4942	19876	19968	66
4943	19885	19905	33
4944	19885	19905	33
4945	19885	19917	33
4946	19909	19980	66
4947	19911	20160	33
4948	19913	20160	66
4949	19922	20160	66
4950	19922	20160	66
4951	19924	20160	66
4952	19924	20160	66
4953	19925	19960	66
4954	19927	19990	33
4955	19927	20068	66
4956	19928	19999	66
4957	19930	19975	66
4958	19939	19941	66
4959	19939	19941	66
4960	19942	19957	33
4961	19943	20024	66
4962	19945	19965	33
4963	19945	19977	33
4964	19945	19985	66
4965	19945	20005	66
4966	19951	20065	25
4967	19952	19967	33
4968	19955	19960	50
4969	19955	19982	66
4970	19957	19995	33
4971	19971	20007	33
4972	19977	19999	33
4973	19978	20000	33
4974	19978	20000	33
4975	19985	20085	66
4976	19987	20051	66
4977	19988	19998	66
4978	19988	20048	66
4979	19994	20047	66
4980	20005	20025	33
4981	20013	20041	33
4982	20030	20100	66
4983	20038	20041	33
4984	20047	20077	33
4985	20050	20160	25
4986	20058	20072	33
4987	20069	20160	25
4988	20075	20160	66
4989	20100	20110	33
4990	20100	20110	33
4991	20101	20160	33
4992	20105	20160	50
4993	20112	20117	30
4994	20127	20159	66
4995	20128	20156	66
4996	20131	20160	30
4997	20132	20160	33
4998	20139	20160	33
4999	20148	20160	33
