5000	100	0	0
0	0	6	33
1	0	6	33
2	0	6	33
3	0	6	33
4	0	10	66
5	0	12	66
6	0	14	66
7	0	14	66
8	0	20	50
9	0	28	66
10	0	33	66
11	0	36	30
12	0	39	66
13	0	53	66
14	0	86	66
15	0	86	66
16	0	96	33
17	0	96	33
18	0	96	33
19	0	96	33
20	0	96	33
21	0	96	33
22	0	96	33
23	0	97	33
24	0	97	33
25	0	97	33
26	0	97	33
27	0	97	33
28	0	97	33
29	0	97	33
30	0	97	33
31	0	97	33
32	0	115	66
33	0	115	66
34	0	116	33
35	0	122	66
36	0	123	33
37	0	128	66
38	0	129	33
39	0	130	33
40	0	130	33
41	0	130	33
42	0	130	33
43	0	133	66
44	0	133	66
45	0	141	61
46	0	148	33
47	0	149	33
48	0	152	66
49	0	154	66
50	0	166	66
51	0	166	66
52	0	168	61
53	0	181	33
54	0	188	33
55	0	188	33
56	0	188	33
57	0	188	33
58	0	188	33
59	0	188	33
60	0	188	33
61	0	188	33
62	0	194	66
63	0	200	33
64	0	200	33
65	0	200	33
66	0	200	33
67	0	200	33
68	0	200	33
69	0	200	33
70	0	200	33
71	0	215	33
72	0	215	33
73	0	215	66
74	0	215	66
75	0	215	33
76	0	215	66
77	0	215	66
78	0	215	33
79	0	215	33
80	0	215	33
81	0	215	33
82	0	215	33
83	0	251	66
84	0	251	66
85	0	251	66
86	0	253	33
87	0	254	33
88	0	254	33
89	0	254	33
90	0	254	33
91	0	254	33
92	0	254	33
93	0	254	33
94	0	254	33
95	0	254	33
96	0	254	33
97	0	254	33
98	0	255	33
99	0	255	33
100	0	255	33
101	0	255	33
102	0	256	33
103	0	258	33
104	0	268	33
105	0	268	33
106	0	269	33
107	0	269	33
108	0	269	33
109	0	269	33
110	0	269	33
111	0	280	33
112	0	310	33
113	0	314	33
114	0	323	33
115	0	338	33
116	0	342	33
117	0	361	33
118	0	362	33
119	0	366	40
120	0	419	33
121	0	419	33
122	0	420	33
123	0	420	33
124	0	423	33
125	0	458	66
126	0	477	33
127	0	488	66
128	0	506	33
129	0	506	33
130	0	506	33
131	0	506	33
132	0	507	33
133	0	507	33
134	0	509	33
135	0	509	33
136	0	509	33
137	0	509	33
138	0	513	66
139	0	513	66
140	0	513	66
141	0	513	66
142	0	513	66
143	0	514	66
144	0	514	66
145	0	515	66
146	0	516	66
147	0	528	66
148	0	528	33
149	0	530	66
150	0	531	66
151	0	538	33
152	0	538	33
153	0	539	33
154	0	550	33
155	0	550	33
156	0	550	33
157	0	552	33
158	0	552	33
159	0	552	33
160	0	552	33
161	0	552	33
162	0	552	33
163	0	576	66
164	0	576	66
165	0	576	66
166	0	579	33
167	0	579	33
168	0	580	33
169	0	580	33
170	0	580	33
171	0	580	33
172	0	580	33
173	0	580	33
174	0	580	33
175	0	580	33
176	0	598	61
177	0	605	33
178	0	612	33
179	0	614	66
180	0	618	33
181	0	618	33
182	0	627	33
183	0	632	33
184	0	632	33
185	0	632	33
186	0	632	33
187	0	633	33
188	0	633	33
189	0	640	33
190	0	640	33
191	0	640	33
192	0	640	33
193	0	640	33
194	0	641	33
195	0	755	33
196	0	755	33
197	0	755	33
198	0	755	33
199	0	931	66
200	0	1019	66
201	0	1108	66
202	0	1157	33
203	0	1158	33
204	0	1161	33
205	0	1161	30
206	0	1201	30
207	0	1230	66
208	0	1418	66
209	1	44	66
210	1	58	66
211	11	754	33
212	14	99	66
213	17	19	33
214	31	56	33
215	37	51	50
216	37	51	50
217	39	109	66
218	42	43	66
219	43	58	66
220	47	58	66
221	47	103	33
222	48	79	33
223	48	92	33
224	53	57	33
225	60	65	33
226	60	66	33
227	60	66	33
228	60	66	33
229	60	66	33
230	60	89	33
231	61	1311	33
232	69	358	33
233	73	74	33
234	85	112	33
235	88	118	33
236	90	95	33
237	90	95	33
238	90	95	33
239	90	96	33
240	100	131	66
241	104	164	66
242	117	178	25
243	118	124	25
244	120	125	66
245	120	126	33
246	120	126	33
247	120	126	33
248	120	126	33
249	120	126	33
250	121	178	25
251	122	1381	66
252	123	155	33
253	125	155	33
254	125	302	66
255	125	516	66
256	125	516	66
257	125	517	66
258	125	517	66
259	127	134	66
260	127	299	66
261	127	368	66
262	141	282	33
263	144	227	33
264	161	318	66
265	163	164	66
266	180	186	33
267	180	238	33
268	180	251	33
269	181	185	33
270	181	226	66
271	197	298	33
272	200	201	66
273	204	286	66
274	204	852	33
275	204	961	33
276	206	481	66
277	207	367	66
278	208	383	33
279	208	383	33
280	210	215	33
281	210	215	33
282	210	215	33
283	210	216	33
284	210	216	33
285	210	216	33
286	210	216	33
287	210	216	33
288	210	216	33
289	210	216	33
290	210	216	33
291	214	245	33
292	216	1111	66
293	218	266	66
294	218	1218	66
295	223	250	66
296	226	472	33
297	230	241	66
298	230	457	66
299	237	483	33
300	240	246	33
301	240	246	33
302	240	246	33
303	240	246	33
304	240	246	33
305	240	246	33
306	240	246	33
307	242	298	33
308	246	253	25
309	247	269	33
310	254	259	33
311	254	260	33
312	254	260	33
313	254	260	33
314	254	260	33
315	254	260	33
316	254	298	33
317	256	389	66
318	258	310	33
319	261	300	33
320	261	378	33
321	261	378	33
322	261	424	33
323	261	428	30
324	261	482	33
325	261	616	33
326	261	723	33
327	261	901	33
328	261	1144	33
329	270	301	33
330	282	1142	33
331	283	727	33
332	284	1157	33
333	284	1158	33
334	285	408	33
335	285	460	33
336	301	307	66
337	301	315	33
338	301	451	66
339	306	408	66
340	311	318	66
341	314	623	66
342	314	1338	66
343	316	1040	66
344	316	1103	66
345	330	376	33
346	340	346	33
347	343	366	30
348	346	479	61
349	354	973	30
350	361	419	25
351	370	1078	33
352	373	379	66
353	377	475	66
354	382	436	33
355	385	405	33
356	388	532	66
357	390	399	66
358	391	574	66
359	416	455	66
360	417	481	33
361	417	1141	33
362	417	1141	33
363	417	1142	33
364	418	419	33
365	419	479	33
366	419	783	33
367	420	445	66
368	421	576	33
369	422	427	66
370	422	427	66
371	425	430	66
372	425	431	33
373	425	431	33
374	425	450	66
375	425	450	66
376	425	463	33
377	426	461	33
378	427	1156	33
379	428	507	33
380	437	464	66
381	440	446	66
382	440	808	66
383	441	443	66
384	444	449	66
385	446	458	33
386	447	450	33
387	447	1157	33
388	447	1159	33
389	447	1159	33
390	451	455	33
391	451	456	33
392	451	457	33
393	451	457	33
394	451	1141	33
395	454	459	33
396	454	459	33
397	455	571	66
398	457	468	50
399	458	461	33
400	458	472	66
401	458	472	66
402	458	1030	33
403	458	1141	33
404	460	463	33
405	480	498	33
406	484	584	66
407	518	520	66
408	518	617	66
409	518	727	66
410	518	1141	66
411	518	1141	66
412	518	1142	66
413	523	781	66
414	526	559	33
415	532	1408	25
416	536	653	33
417	538	719	33
418	538	901	33
419	538	1086	33
420	538	1180	33
421	546	599	66
422	554	599	66
423	555	565	66
424	556	641	33
425	570	585	33
426	572	616	33
427	577	689	25
428	578	689	25
429	586	659	66
430	587	591	33
431	589	591	66
432	590	593	66
433	590	660	33
434	597	605	66
435	600	601	66
436	600	606	66
437	600	702	33
438	603	702	33
439	609	1286	33
440	614	1157	33
441	616	621	66
442	616	675	33
443	617	622	33
444	617	1141	33
445	618	619	33
446	618	619	33
447	618	623	33
448	618	623	33
449	618	623	33
450	618	624	33
451	620	626	33
452	622	627	33
453	622	659	66
454	627	721	33
455	629	645	33
456	650	1450	30
457	655	686	33
458	655	733	33
459	657	1692	33
460	660	673	33
461	661	676	33
462	661	691	33
463	661	706	33
464	661	713	33
465	661	736	33
466	661	876	50
467	673	680	33
468	673	691	66
469	685	728	33
470	696	887	25
471	697	709	50
472	698	745	66
473	718	729	33
474	721	728	66
475	723	747	33
476	726	882	33
477	727	746	25
478	746	767	33
479	759	761	66
480	777	778	66
481	780	818	33
482	781	819	66
483	784	1503	50
484	791	891	66
485	794	816	33
486	805	831	33
487	805	838	33
488	807	827	66
489	810	825	33
490	815	1901	33
491	816	931	33
492	816	1901	33
493	816	1901	33
494	818	1901	33
495	820	951	33
496	820	1901	33
497	820	1901	33
498	824	913	66
499	829	1590	33
500	841	908	66
501	841	913	33
502	842	1438	25
503	846	1208	66
504	849	889	66
505	851	1111	33
506	855	1026	66
507	857	1027	66
508	857	1027	66
509	861	934	66
510	863	864	66
511	864	907	33
512	865	887	33
513	877	993	66
514	886	1029	33
515	889	912	33
516	889	912	33
517	892	928	33
518	898	930	33
519	899	900	66
520	900	938	33
521	900	959	33
522	900	965	33
523	902	985	33
524	910	1398	33
525	911	2026	66
526	914	931	66
527	914	931	66
528	927	949	33
529	931	1002	66
530	933	2121	33
531	943	1027	66
532	951	1052	33
533	954	1141	33
534	955	1048	33
535	956	962	33
536	957	958	33
537	957	980	33
538	958	986	33
539	961	997	33
540	961	1019	66
541	961	1059	33
542	961	1163	33
543	962	990	33
544	967	1043	33
545	969	995	33
546	970	985	33
547	972	1026	66
548	975	1041	66
549	987	990	33
550	987	991	33
551	987	992	33
552	987	992	33
553	987	992	33
554	987	993	33
555	987	994	33
556	987	1020	33
557	987	1142	33
558	988	994	33
559	988	994	33
560	988	994	33
561	988	994	33
562	989	991	33
563	989	1088	33
564	991	997	33
565	991	997	33
566	991	1060	33
567	992	997	33
568	992	997	33
569	994	1291	33
570	999	1035	33
571	1001	1006	33
572	1001	1007	33
573	1005	1016	33
574	1005	1032	33
575	1008	1013	33
576	1012	1142	66
577	1015	1067	66
578	1018	1736	66
579	1020	1049	33
580	1021	1030	33
581	1026	1187	66
582	1030	1099	66
583	1032	1052	33
584	1032	1056	33
585	1034	1049	66
586	1034	1056	33
587	1040	1306	66
588	1042	1072	33
589	1045	1312	66
590	1048	1703	33
591	1051	1264	66
592	1051	1264	66
593	1055	1095	33
594	1059	1082	33
595	1059	1085	33
596	1060	1120	33
597	1073	1093	30
598	1075	1118	33
599	1076	1095	66
600	1077	1113	33
601	1082	1114	33
602	1091	1271	25
603	1092	1271	66
604	1094	2132	33
605	1097	1102	30
606	1099	1109	33
607	1099	1109	33
608	1099	1116	33
609	1102	1128	33
610	1102	1129	33
611	1108	1148	66
612	1126	1148	33
613	1127	1158	66
614	1139	1177	66
615	1141	1199	66
616	1141	1199	66
617	1148	1164	33
618	1155	1199	66
619	1155	1257	33
620	1156	1180	33
621	1156	1236	33
622	1156	1276	33
623	1156	1276	33
624	1156	1286	33
625	1157	1199	66
626	1158	1184	33
627	1158	1203	33
628	1159	1333	66
629	1161	1451	33
630	1162	1190	33
631	1162	1206	66
632	1169	1181	33
633	1169	1676	66
634	1176	1209	33
635	1176	1218	33
636	1178	1247	33
637	1180	1901	33
638	1188	1235	33
639	1191	1508	33
640	1200	1211	66
641	1200	1219	33
642	1201	1294	66
643	1201	1436	66
644	1211	1590	33
645	1215	1242	33
646	1218	1603	33
647	1219	1876	66
648	1220	1303	33
649	1221	1250	33
650	1222	1224	66
651	1222	1225	66
652	1222	1243	33
653	1222	1696	66
654	1222	1951	66
655	1223	1224	33
656	1230	1333	66
657	1231	1290	33
658	1242	1251	66
659	1242	1251	66
660	1242	2016	66
661	1246	1257	33
662	1247	1248	33
663	1260	1586	50
664	1261	1360	66
665	1261	1436	66
666	1284	1468	25
667	1299	1306	33
668	1299	1518	33
669	1299	1528	33
670	1310	1360	66
671	1311	2270	66
672	1312	1313	66
673	1312	2221	66
674	1313	1339	66
675	1313	2044	66
676	1320	1389	33
677	1321	1351	33
678	1321	1364	66
679	1321	1416	66
680	1322	2060	66
681	1322	2062	66
682	1323	1419	66
683	1324	1451	33
684	1330	2270	66
685	1336	2270	66
686	1338	1444	66
687	1347	1379	33
688	1353	1360	66
689	1358	1405	66
690	1360	1388	33
691	1363	1413	33
692	1379	2098	33
693	1381	1485	66
694	1387	1393	30
695	1392	1425	33
696	1395	1419	66
697	1402	1422	33
698	1402	1423	33
699	1411	1470	33
700	1424	1449	33
701	1436	1440	40
702	1440	1453	33
703	1441	1596	33
704	1442	1453	33
705	1443	1477	33
706	1444	1528	25
707	1445	1569	33
708	1475	1507	33
709	1480	1631	25
710	1492	1528	66
711	1494	1608	66
712	1500	1570	33
713	1501	1560	66
714	1501	1586	33
715	1502	1777	33
716	1536	1547	33
717	1539	1739	33
718	1551	1567	33
719	1551	1694	33
720	1552	1565	66
721	1558	1617	50
722	1560	2155	33
723	1561	1605	33
724	1561	1644	66
725	1561	1685	33
726	1561	1716	33
727	1562	1582	33
728	1562	1605	33
729	1562	1616	33
730	1562	1696	33
731	1562	1726	33
732	1580	1655	50
733	1582	1602	33
734	1590	1645	33
735	1590	1798	33
736	1593	1635	50
737	1593	1645	33
738	1593	1715	33
739	1622	1631	33
740	1623	1742	66
741	1624	1739	33
742	1626	1756	66
743	1635	1636	33
744	1635	1636	33
745	1635	1641	33
746	1635	1641	33
747	1635	1641	33
748	1636	1641	33
749	1636	1731	33
750	1636	2018	33
751	1636	2342	33
752	1642	1740	33
753	1645	1649	33
754	1645	1681	33
755	1645	2018	33
756	1645	2161	33
757	1647	1662	33
758	1647	1662	33
759	1649	1655	33
760	1649	1655	33
761	1650	1666	33
762	1650	1681	33
763	1650	1751	33
764	1650	1758	33
765	1658	1706	66
766	1659	1668	33
767	1675	1739	33
768	1684	1696	33
769	1684	1863	33
770	1684	2718	33
771	1697	1712	66
772	1698	1727	66
773	1699	1744	33
774	1702	1708	33
775	1702	1727	66
776	1709	1712	33
777	1711	1734	66
778	1716	1749	33
779	1725	1727	33
780	1726	1728	33
781	1726	1729	33
782	1726	1729	33
783	1726	2220	33
784	1726	2224	33
785	1726	2346	33
786	1730	2146	33
787	1732	1756	33
788	1738	1739	33
789	1738	1741	33
790	1738	1742	33
791	1738	1743	33
792	1739	1740	33
793	1740	1741	33
794	1741	1753	33
795	1741	1755	33
796	1741	1755	33
797	1741	1839	66
798	1757	1841	50
799	1758	1841	50
800	1760	1798	66
801	1764	2077	33
802	1765	1837	33
803	1765	1837	33
804	1766	1774	33
805	1766	1791	33
806	1766	1802	33
807	1766	1813	33
808	1766	1813	33
809	1767	1797	33
810	1771	1858	66
811	1775	1813	33
812	1781	1806	33
813	1784	1866	33
814	1799	1801	33
815	1799	1805	33
816	1799	1863	33
817	1799	2049	33
818	1800	1815	50
819	1800	1861	33
820	1801	1804	33
821	1803	1816	33
822	1809	1815	33
823	1809	1853	33
824	1810	1931	33
825	1810	2220	33
826	1810	2221	33
827	1811	1817	33
828	1812	1813	33
829	1812	1813	33
830	1812	1813	33
831	1812	1817	33
832	1816	1819	33
833	1816	1819	33
834	1818	1820	33
835	1820	1821	33
836	1821	2463	33
837	1822	1847	33
838	1827	1833	30
839	1827	1846	33
840	1828	1839	33
841	1832	1833	33
842	1834	1843	33
843	1837	1882	66
844	1839	1845	33
845	1839	1860	33
846	1840	1841	33
847	1840	1882	33
848	1840	1935	33
849	1841	1846	33
850	1844	1975	33
851	1855	1875	33
852	1855	1888	33
853	1855	1888	33
854	1855	1928	33
855	1855	2045	33
856	1856	1864	33
857	1856	1864	33
858	1857	2039	33
859	1857	2114	33
860	1858	1863	33
861	1859	1864	33
862	1860	1878	33
863	1862	1984	33
864	1862	3067	66
865	1863	1864	33
866	1863	1925	66
867	1865	2109	33
868	1867	2039	33
869	1876	1919	66
870	1881	2651	33
871	1882	1902	33
872	1885	1887	33
873	1885	1966	33
874	1887	1892	33
875	1887	1899	33
876	1890	1891	33
877	1890	1893	33
878	1890	1894	33
879	1892	1919	33
880	1911	1916	33
881	1911	1916	33
882	1911	1916	33
883	1917	1926	33
884	1933	1975	33
885	1933	1975	33
886	1933	1992	33
887	1933	1995	33
888	1933	1995	33
889	1933	2087	33
890	1936	2069	25
891	1938	1945	33
892	1943	1986	33
893	1946	2016	33
894	1950	1956	33
895	1950	1956	33
896	1950	1956	33
897	1950	1959	66
898	1950	1981	33
899	1950	2112	33
900	1950	2112	33
901	1950	2463	33
902	1950	3256	33
903	1951	1952	33
904	1951	1952	33
905	1953	1958	33
906	1955	1958	33
907	1956	2034	33
908	1957	1963	33
909	1959	1964	33
910	1959	1964	33
911	1959	1965	33
912	1960	1965	33
913	1963	2643	33
914	1965	1971	33
915	1968	1969	33
916	1970	1984	33
917	1971	1982	33
918	1971	1982	33
919	1980	2010	33
920	1982	2221	33
921	1986	2073	66
922	1996	2056	50
923	2008	2030	30
924	2009	2108	50
925	2016	2079	66
926	2017	2032	66
927	2020	2048	33
928	2040	2124	33
929	2041	2050	66
930	2041	2070	33
931	2041	2077	66
932	2041	2079	66
933	2042	2067	33
934	2045	2119	66
935	2046	2273	50
936	2049	2841	33
937	2051	2168	33
938	2056	2227	25
939	2058	2426	33
940	2058	3021	33
941	2062	2082	33
942	2064	2075	66
943	2064	2075	66
944	2064	2075	66
945	2064	2075	66
946	2064	2075	66
947	2064	2075	66
948	2064	2154	66
949	2067	2082	33
950	2075	2077	66
951	2075	3116	66
952	2089	2092	33
953	2090	2504	33
954	2091	2116	66
955	2131	2139	66
956	2132	3207	66
957	2138	2160	66
958	2145	2203	66
959	2149	2184	25
960	2150	2182	66
961	2150	2226	33
962	2151	2187	33
963	2151	2221	33
964	2151	2221	33
965	2151	2226	33
966	2151	2236	33
967	2152	2209	33
968	2152	2217	33
969	2161	2208	66
970	2161	2881	25
971	2171	2849	33
972	2173	2201	33
973	2182	2202	33
974	2185	2357	66
975	2185	2478	66
976	2187	2207	30
977	2187	2232	33
978	2187	2504	66
979	2191	2201	33
980	2197	2207	33
981	2197	2221	33
982	2201	2249	33
983	2201	2341	33
984	2204	3095	33
985	2224	3357	33
986	2247	2621	66
987	2254	2332	33
988	2257	2271	66
989	2257	2292	66
990	2280	2281	33
991	2297	2368	66
992	2301	2322	33
993	2305	2363	33
994	2307	2352	33
995	2309	2494	66
996	2310	2395	33
997	2316	2321	33
998	2319	2327	33
999	2319	2404	33
1000	2326	2342	33
1001	2327	2342	33
1002	2327	2343	33
1003	2327	2659	33
1004	2329	2330	33
1005	2337	2623	50
1006	2341	2392	25
1007	2342	2400	33
1008	2343	2352	33
1009	2354	2360	33
1010	2355	2377	66
1011	2355	2400	66
1012	2355	2565	66
1013	2357	2363	33
1014	2357	2363	33
1015	2360	2361	33
1016	2360	2366	33
1017	2362	2385	33
1018	2363	2369	33
1019	2363	2369	33
1020	2363	2369	33
1021	2363	3579	33
1022	2372	2419	66
1023	2379	2396	66
1024	2382	2403	33
1025	2382	2410	33
1026	2384	2389	33
1027	2385	2390	33
1028	2385	2390	33
1029	2388	2410	33
1030	2388	2420	33
1031	2390	2420	33
1032	2391	2498	33
1033	2392	2532	33
1034	2398	2408	60
1035	2400	2405	33
1036	2400	2406	33
1037	2408	2413	33
1038	2410	3000	33
1039	2420	2433	66
1040	2422	2442	33
1041	2426	2433	33
1042	2428	2462	33
1043	2428	2557	33
1044	2429	2495	33
1045	2429	2495	33
1046	2429	2504	33
1047	2429	2508	33
1048	2429	2519	33
1049	2429	2557	33
1050	2431	2564	66
1051	2433	2504	33
1052	2433	2536	33
1053	2434	2536	33
1054	2445	2479	66
1055	2448	2474	33
1056	2456	2462	33
1057	2457	2462	33
1058	2460	2472	33
1059	2461	2521	33
1060	2461	2558	33
1061	2462	2463	33
1062	2465	2583	33
1063	2471	2615	33
1064	2471	2615	33
1065	2471	2731	33
1066	2472	2486	33
1067	2472	2536	33
1068	2472	2582	33
1069	2472	2605	33
1070	2475	2486	33
1071	2476	2482	33
1072	2482	2502	33
1073	2482	2518	33
1074	2487	2552	25
1075	2494	2507	50
1076	2495	2669	25
1077	2497	2545	33
1078	2498	2529	66
1079	2504	2522	66
1080	2506	2512	33
1081	2511	2580	33
1082	2517	2557	33
1083	2518	2522	33
1084	2519	2527	33
1085	2520	2549	33
1086	2522	2524	66
1087	2522	2756	66
1088	2522	3849	66
1089	2540	2617	66
1090	2551	2720	33
1091	2557	2583	50
1092	2576	2882	30
1093	2580	2594	66
1094	2581	2840	33
1095	2582	2665	33
1096	2582	2769	25
1097	2597	2655	33
1098	2605	2630	33
1099	2605	2716	66
1100	2625	2648	30
1101	2640	2691	33
1102	2641	2672	33
1103	2641	2939	33
1104	2644	2988	66
1105	2650	3449	66
1106	2650	3449	66
1107	2655	2869	33
1108	2655	2901	33
1109	2661	2742	33
1110	2661	2988	33
1111	2672	2674	33
1112	2673	2837	33
1113	2678	2791	66
1114	2680	3444	66
1115	2680	3444	66
1116	2681	2801	33
1117	2682	2744	33
1118	2682	3445	66
1119	2684	3444	66
1120	2686	2898	66
1121	2687	2697	66
1122	2712	2904	40
1123	2716	2776	66
1124	2717	2776	66
1125	2733	2740	66
1126	2737	2757	50
1127	2759	2884	33
1128	2771	2781	66
1129	2777	2937	25
1130	2782	2806	66
1131	2784	2795	66
1132	2787	2940	33
1133	2788	2950	33
1134	2790	2961	33
1135	2790	2977	33
1136	2793	2929	33
1137	2794	2950	33
1138	2797	2829	60
1139	2798	2850	66
1140	2803	2804	33
1141	2809	2948	66
1142	2810	2811	33
1143	2820	2880	33
1144	2822	2938	33
1145	2825	2836	66
1146	2826	2830	33
1147	2827	2917	33
1148	2833	2843	66
1149	2833	3047	66
1150	2842	2862	33
1151	2842	2862	33
1152	2865	2889	33
1153	2875	2936	66
1154	2880	3056	50
1155	2880	3352	66
1156	2882	2923	66
1157	2883	2901	33
1158	2884	4321	33
1159	2886	2942	33
1160	2898	2959	33
1161	2903	3131	33
1162	2915	2951	33
1163	2926	3061	66
1164	2941	2966	66
1165	2941	3033	66
1166	2953	3745	50
1167	2956	3145	33
1168	2957	3353	33
1169	2962	2982	33
1170	2962	2982	33
1171	2966	3008	33
1172	2977	3001	33
1173	2977	3031	33
1174	2977	3062	33
1175	2977	3337	33
1176	2977	3856	33
1177	2980	2986	33
1178	2980	3001	33
1179	2981	3301	33
1180	2987	2992	33
1181	2987	3179	33
1182	2988	3091	33
1183	2988	3190	33
1184	2992	2998	33
1185	2994	2995	33
1186	2994	2995	33
1187	2994	2995	33
1188	2995	3000	33
1189	2998	3002	66
1190	2998	3003	33
1191	2998	3004	33
1192	2998	3004	33
1193	2998	3004	33
1194	2998	3863	66
1195	2999	3860	33
1196	3000	3006	33
1197	3000	3638	33
1198	3001	3086	66
1199	3002	3349	66
1200	3003	3009	33
1201	3003	3427	33
1202	3004	3113	33
1203	3004	3113	33
1204	3004	3113	33
1205	3004	3781	33
1206	3005	3016	33
1207	3005	3113	33
1208	3006	3012	33
1209	3006	3012	33
1210	3008	3118	33
1211	3022	3047	33
1212	3022	3054	33
1213	3027	3059	33
1214	3029	3091	33
1215	3030	3056	33
1216	3030	3056	33
1217	3030	3068	33
1218	3030	3079	33
1219	3030	3087	33
1220	3030	3117	33
1221	3030	3132	33
1222	3030	3175	33
1223	3031	3037	33
1224	3031	3037	33
1225	3031	3037	33
1226	3031	3037	33
1227	3031	3064	33
1228	3031	3086	66
1229	3031	3091	33
1230	3031	3105	33
1231	3031	3355	66
1232	3036	3042	33
1233	3039	3061	33
1234	3039	3067	33
1235	3045	3051	33
1236	3049	3062	33
1237	3090	3227	33
1238	3091	3241	33
1239	3092	3097	33
1240	3093	3098	33
1241	3095	3227	33
1242	3095	3227	33
1243	3109	3114	33
1244	3109	3114	33
1245	3111	3117	33
1246	3111	3521	25
1247	3112	3118	33
1248	3112	3118	33
1249	3112	3130	33
1250	3126	3243	33
1251	3126	3243	33
1252	3127	3133	33
1253	3127	3133	33
1254	3128	3133	33
1255	3130	3151	33
1256	3134	3139	30
1257	3136	3256	66
1258	3150	3153	66
1259	3159	3181	33
1260	3160	3610	33
1261	3161	3262	33
1262	3181	3227	66
1263	3183	3232	33
1264	3202	3222	33
1265	3211	3222	33
1266	3211	3315	66
1267	3235	3540	30
1268	3240	3253	33
1269	3240	3292	33
1270	3250	3314	66
1271	3261	3265	33
1272	3261	3265	33
1273	3261	3629	33
1274	3262	3275	33
1275	3262	3282	33
1276	3271	3314	33
1277	3271	3329	33
1278	3271	3590	66
1279	3272	3311	33
1280	3278	3414	33
1281	3293	3311	33
1282	3304	3324	25
1283	3307	3336	33
1284	3319	3360	33
1285	3322	3342	33
1286	3332	4124	33
1287	3335	3341	33
1288	3335	3362	33
1289	3338	3343	33
1290	3338	3344	33
1291	3338	3344	33
1292	3338	3344	33
1293	3341	3343	33
1294	3341	3347	33
1295	3341	3347	33
1296	3341	3347	33
1297	3341	3347	33
1298	3341	3347	33
1299	3344	3382	33
1300	3346	3349	66
1301	3361	3548	66
1302	3365	3429	66
1303	3368	3653	33
1304	3372	3481	33
1305	3375	3448	33
1306	3375	3452	33
1307	3375	3472	33
1308	3375	3481	33
1309	3376	3448	33
1310	3376	3465	33
1311	3376	3465	33
1312	3376	3467	33
1313	3382	3410	33
1314	3391	3444	66
1315	3397	3402	33
1316	3398	3705	30
1317	3403	3408	33
1318	3403	3408	33
1319	3403	3408	33
1320	3410	3437	33
1321	3414	3577	33
1322	3417	3425	33
1323	3419	3421	33
1324	3419	3421	33
1325	3419	3558	33
1326	3419	4506	33
1327	3423	3545	66
1328	3425	3447	33
1329	3427	3432	33
1330	3429	3490	33
1331	3436	3441	33
1332	3451	3494	33
1333	3452	3488	33
1334	3453	4732	33
1335	3457	3458	33
1336	3458	3552	33
1337	3465	3489	33
1338	3466	3490	30
1339	3473	3521	33
1340	3475	3480	33
1341	3475	3481	33
1342	3477	3483	33
1343	3477	3497	33
1344	3481	3522	66
1345	3481	3578	66
1346	3483	3558	33
1347	3483	3558	33
1348	3484	3579	33
1349	3486	3579	33
1350	3486	3582	33
1351	3492	3502	66
1352	3494	3499	33
1353	3494	3500	33
1354	3494	3500	33
1355	3494	3561	33
1356	3501	3503	33
1357	3502	3522	33
1358	3503	3599	33
1359	3504	3653	66
1360	3510	3511	66
1361	3510	3519	66
1362	3513	3906	33
1363	3524	3532	33
1364	3537	4809	66
1365	3541	3592	33
1366	3550	3559	33
1367	3562	3582	33
1368	3599	3613	33
1369	3599	3632	33
1370	3599	3647	33
1371	3600	3617	33
1372	3600	3651	33
1373	3602	3632	33
1374	3604	3644	33
1375	3607	3609	66
1376	3608	3806	50
1377	3611	3772	50
1378	3631	3798	66
1379	3661	3701	66
1380	3663	3855	66
1381	3669	3864	66
1382	3670	3882	25
1383	3671	3691	33
1384	3678	3691	33
1385	3678	3692	33
1386	3678	3712	33
1387	3678	3712	33
1388	3682	3702	33
1389	3718	3728	33
1390	3732	3738	33
1391	3732	3834	33
1392	3734	3740	33
1393	3741	3856	33
1394	3742	3762	33
1395	3742	3762	33
1396	3742	5028	33
1397	3743	3744	33
1398	3743	3749	33
1399	3743	3749	33
1400	3748	3760	33
1401	3761	3841	33
1402	3767	3777	66
1403	3769	3775	33
1404	3769	3775	33
1405	3770	3786	33
1406	3770	3901	33
1407	3774	3779	33
1408	3774	3779	33
1409	3774	3779	33
1410	3774	3779	33
1411	3779	3785	33
1412	3780	3781	33
1413	3780	3804	33
1414	3781	3787	33
1415	3783	3784	33
1416	3783	3837	33
1417	3784	3790	33
1418	3784	3823	33
1419	3786	3787	33
1420	3789	3850	33
1421	3790	3853	33
1422	3790	4719	33
1423	3792	3854	33
1424	3793	3817	33
1425	3797	3805	66
1426	3804	3847	33
1427	3805	3811	33
1428	3805	3811	33
1429	3805	3811	33
1430	3809	3814	33
1431	3809	3814	33
1432	3810	3815	33
1433	3811	3825	33
1434	3812	3817	33
1435	3812	3817	33
1436	3815	3841	33
1437	3817	3829	50
1438	3834	3836	33
1439	3843	3844	33
1440	3844	3850	33
1441	3844	3850	33
1442	3844	3850	33
1443	3844	3856	33
1444	3844	3856	33
1445	3845	3854	33
1446	3846	3944	33
1447	3848	3853	33
1448	3848	3854	33
1449	3848	3884	66
1450	3849	3944	33
1451	3849	4021	33
1452	3849	4034	33
1453	3850	3856	33
1454	3851	3856	33
1455	3862	3888	33
1456	3864	3963	33
1457	3866	3871	33
1458	3866	3872	33
1459	3869	3971	33
1460	3869	3971	33
1461	3871	3880	33
1462	3878	3908	66
1463	3879	3880	33
1464	3884	3905	33
1465	3884	3989	33
1466	3892	3904	33
1467	3895	3904	33
1468	3912	3917	40
1469	3915	3930	33
1470	3917	3919	33
1471	3917	3920	33
1472	3917	3926	66
1473	3922	3942	33
1474	3924	3961	33
1475	3924	4178	33
1476	3925	3938	33
1477	3926	3968	33
1478	3929	4522	33
1479	3931	4021	33
1480	3936	3939	33
1481	3936	3941	33
1482	3938	3943	33
1483	3938	3961	33
1484	3942	3948	33
1485	3942	3948	33
1486	3942	3948	33
1487	3944	3950	33
1488	3946	3951	33
1489	3949	3954	33
1490	3959	3964	33
1491	3959	3965	33
1492	3959	4956	66
1493	3961	3977	33
1494	3961	4026	33
1495	3964	3986	33
1496	3964	4031	33
1497	3967	4002	33
1498	3969	3974	33
1499	3970	3975	33
1500	3977	3994	33
1501	3979	3999	40
1502	3980	3986	33
1503	3982	4008	33
1504	3985	4003	33
1505	3985	4067	66
1506	3985	4067	66
1507	3987	4067	66
1508	3989	3993	33
1509	3990	3998	33
1510	3990	4030	33
1511	3991	3997	33
1512	3992	4067	66
1513	4000	4060	33
1514	4000	4344	33
1515	4001	4054	33
1516	4006	4064	33
1517	4009	4015	33
1518	4010	5449	33
1519	4010	5449	33
1520	4010	5449	33
1521	4012	4037	33
1522	4013	4018	33
1523	4013	4019	33
1524	4013	4039	33
1525	4015	4020	33
1526	4020	4044	66
1527	4030	4037	33
1528	4030	4037	33
1529	4031	4254	66
1530	4032	4037	33
1531	4038	4043	33
1532	4038	4068	33
1533	4039	4044	33
1534	4039	4044	33
1535	4039	4044	33
1536	4039	4045	33
1537	4042	4062	33
1538	4043	4049	33
1539	4043	4262	33
1540	4044	4047	33
1541	4046	4051	33
1542	4046	4081	33
1543	4046	4086	33
1544	4048	4075	33
1545	4049	4051	33
1546	4055	4153	66
1547	4060	4066	33
1548	4064	4336	33
1549	4065	4234	33
1550	4066	4071	33
1551	4067	4070	33
1552	4067	4162	33
1553	4067	5010	66
1554	4076	4081	33
1555	4080	4118	33
1556	4083	4139	33
1557	4092	4262	33
1558	4093	4094	33
1559	4095	4105	33
1560	4095	4497	33
1561	4097	4184	66
1562	4098	4149	66
1563	4107	4124	33
1564	4114	4149	66
1565	4116	4117	66
1566	4124	4150	66
1567	4133	4138	33
1568	4133	4139	33
1569	4133	4141	33
1570	4146	4420	33
1571	4178	4225	66
1572	4186	4192	33
1573	4193	4198	33
1574	4193	4198	33
1575	4193	4198	33
1576	4193	4198	33
1577	4195	4634	66
1578	4195	4634	66
1579	4195	4634	66
1580	4195	4634	66
1581	4226	4274	66
1582	4227	4824	33
1583	4251	4253	33
1584	4252	4753	33
1585	4253	4258	33
1586	4253	4259	33
1587	4253	4321	33
1588	4253	4321	33
1589	4254	4271	33
1590	4254	4522	33
1591	4255	4256	66
1592	4256	4257	66
1593	4256	4257	33
1594	4256	5298	33
1595	4256	5298	33
1596	4260	4262	66
1597	4261	4308	66
1598	4261	4340	66
1599	4262	4263	33
1600	4262	4687	33
1601	4264	4332	66
1602	4277	4278	66
1603	4287	4318	33
1604	4298	4368	50
1605	4306	4312	33
1606	4306	4312	33
1607	4313	4319	33
1608	4323	4328	66
1609	4346	4348	33
1610	4346	4411	33
1611	4350	4397	40
1612	4354	4359	66
1613	4358	4432	66
1614	4361	4462	33
1615	4365	4374	66
1616	4366	4371	33
1617	4367	4372	33
1618	4367	4373	33
1619	4373	4378	33
1620	4373	4378	33
1621	4373	4379	33
1622	4381	4461	33
1623	4381	4568	33
1624	4381	4774	66
1625	4390	4563	33
1626	4395	4479	66
1627	4397	4507	25
1628	4402	4422	33
1629	4402	4432	33
1630	4418	4478	66
1631	4426	4431	33
1632	4426	4431	33
1633	4426	4431	33
1634	4433	4515	33
1635	4441	4500	66
1636	4441	4517	66
1637	4447	4454	33
1638	4459	4814	33
1639	4460	4466	33
1640	4460	4623	33
1641	4467	4484	33
1642	4472	4477	66
1643	4472	4477	66
1644	4472	4810	33
1645	4474	4496	30
1646	4475	5759	33
1647	4478	4483	33
1648	4483	4568	33
1649	4486	4492	33
1650	4486	4492	33
1651	4486	4492	33
1652	4486	4492	33
1653	4486	4492	33
1654	4486	4492	33
1655	4486	4492	33
1656	4486	4492	33
1657	4486	4492	33
1658	4486	4492	33
1659	4489	4492	33
1660	4489	4492	33
1661	4489	4501	33
1662	4493	4499	33
1663	4493	4499	33
1664	4493	4499	33
1665	4501	4520	66
1666	4501	4656	33
1667	4502	4507	33
1668	4502	4507	33
1669	4502	4508	33
1670	4506	4515	33
1671	4506	4669	66
1672	4510	4603	66
1673	4522	4542	33
1674	4533	4574	33
1675	4533	4636	33
1676	4534	4539	33
1677	4534	4539	33
1678	4534	4599	66
1679	4536	4537	33
1680	4536	4541	33
1681	4536	4569	33
1682	4538	4622	33
1683	4538	4629	33
1684	4539	4540	33
1685	4539	4540	33
1686	4539	4540	33
1687	4540	4545	33
1688	4540	4637	33
1689	4540	4637	33
1690	4545	5223	33
1691	4546	4552	33
1692	4553	4559	33
1693	4566	4572	66
1694	4571	4579	25
1695	4581	4748	33
1696	4581	5746	33
1697	4606	4612	33
1698	4606	4612	33
1699	4606	4612	33
1700	4610	4673	33
1701	4640	4646	66
1702	4641	4693	25
1703	4642	4662	33
1704	4642	4662	33
1705	4642	4662	33
1706	4650	4734	66
1707	4666	4672	33
1708	4667	4829	66
1709	4673	4678	33
1710	4673	4678	33
1711	4673	4678	33
1712	4673	4679	33
1713	4673	4679	33
1714	4674	4759	33
1715	4680	5206	33
1716	4681	4951	66
1717	4685	4690	66
1718	4686	4691	66
1719	4696	4723	33
1720	4701	4703	33
1721	4707	5122	33
1722	4710	4716	66
1723	4711	4713	33
1724	4715	4718	33
1725	4726	4732	33
1726	4730	5098	33
1727	4733	4738	33
1728	4739	4844	40
1729	4740	4742	33
1730	4740	4766	33
1731	4741	4808	33
1732	4745	5403	33
1733	4746	4748	33
1734	4746	4748	33
1735	4746	5631	33
1736	4747	4774	33
1737	4747	5139	33
1738	4748	4751	33
1739	4748	4751	33
1740	4748	4754	33
1741	4749	4756	33
1742	4749	5943	33
1743	4750	4755	33
1744	4750	4809	33
1745	4750	4837	33
1746	4756	5137	33
1747	4767	4797	33
1748	4783	4846	50
1749	4784	4837	50
1750	4786	4792	33
1751	4786	4792	33
1752	4786	4792	33
1753	4787	4792	33
1754	4793	4798	33
1755	4793	4799	33
1756	4793	4799	33
1757	4793	4799	33
1758	4804	4838	66
1759	4804	4838	66
1760	4804	4838	66
1761	4804	4838	66
1762	4804	4838	66
1763	4806	4812	66
1764	4809	4989	61
1765	4811	6197	33
1766	4816	4824	33
1767	4817	4823	33
1768	4820	4825	33
1769	4820	4825	33
1770	4820	4826	33
1771	4830	4977	33
1772	4831	4836	66
1773	4847	4849	33
1774	4847	4849	33
1775	4847	5000	33
1776	4848	4891	33
1777	4848	4902	33
1778	4849	4868	33
1779	4849	4891	33
1780	4849	4977	33
1781	4850	4879	33
1782	4850	4958	33
1783	4853	4858	33
1784	4853	4858	33
1785	4853	4858	33
1786	4853	4858	33
1787	4855	4897	33
1788	4862	4988	66
1789	4872	4970	33
1790	4876	4963	33
1791	4882	4888	33
1792	4882	4902	33
1793	4891	4896	66
1794	4897	4914	50
1795	4898	4903	33
1796	4898	5004	66
1797	4906	4911	33
1798	4906	4912	33
1799	4906	4912	33
1800	4913	4918	33
1801	4913	4918	33
1802	4913	4919	33
1803	4913	4919	33
1804	4923	5193	33
1805	4926	4931	33
1806	4926	4932	66
1807	4926	4932	66
1808	4936	4989	33
1809	4942	4962	33
1810	4950	4956	66
1811	4952	4957	33
1812	4966	4972	33
1813	4966	4972	33
1814	4966	4972	33
1815	4973	4978	33
1816	4981	5079	66
1817	4984	6364	66
1818	5011	5068	66
1819	5014	5068	66
1820	5015	5046	33
1821	5015	5065	33
1822	5016	5051	33
1823	5016	5055	33
1824	5016	5070	33
1825	5017	5051	33
1826	5017	5069	66
1827	5017	5106	33
1828	5018	5046	33
1829	5022	5049	25
1830	5026	5031	33
1831	5026	5031	33
1832	5026	5031	33
1833	5026	5031	33
1834	5026	5032	33
1835	5032	5068	66
1836	5033	5038	33
1837	5033	5038	33
1838	5033	5039	33
1839	5033	5039	33
1840	5033	5039	33
1841	5036	5051	30
1842	5041	5100	33
1843	5042	6183	30
1844	5047	5053	66
1845	5047	6166	33
1846	5057	5189	50
1847	5062	5180	33
1848	5066	5082	33
1849	5066	5082	33
1850	5067	5112	33
1851	5073	6345	33
1852	5075	5091	30
1853	5078	5148	50
1854	5086	5091	33
1855	5086	5091	33
1856	5086	5091	33
1857	5086	5098	33
1858	5089	5339	66
1859	5090	5340	66
1860	5090	5340	66
1861	5093	5098	33
1862	5093	5099	33
1863	5098	5128	33
1864	5098	5128	33
1865	5101	5108	33
1866	5101	5149	33
1867	5101	5214	66
1868	5101	5260	66
1869	5101	5260	66
1870	5116	5313	33
1871	5119	5120	66
1872	5122	5140	33
1873	5127	5392	66
1874	5131	5204	66
1875	5131	5471	33
1876	5133	5334	66
1877	5135	5197	33
1878	5138	5334	66
1879	5138	5334	66
1880	5146	5151	33
1881	5146	5151	33
1882	5146	5334	66
1883	5147	5334	66
1884	5148	5334	66
1885	5153	5158	33
1886	5153	5158	33
1887	5153	5159	33
1888	5159	5160	66
1889	5169	5174	66
1890	5182	5202	33
1891	5189	5255	33
1892	5194	5337	66
1893	5198	5337	66
1894	5201	5337	66
1895	5201	5337	66
1896	5202	5334	66
1897	5206	5211	33
1898	5206	5211	33
1899	5206	5211	33
1900	5206	5212	33
1901	5206	5212	33
1902	5206	5212	33
1903	5209	5337	66
1904	5210	5522	30
1905	5213	5218	33
1906	5213	5219	33
1907	5219	5238	66
1908	5219	5238	66
1909	5238	5304	66
1910	5238	5337	66
1911	5242	5262	33
1912	5250	5256	66
1913	5250	5256	66
1914	5250	5262	33
1915	5255	5333	66
1916	5266	5271	33
1917	5266	5272	33
1918	5266	5272	33
1919	5271	5290	33
1920	5273	5279	33
1921	5273	5279	33
1922	5273	5279	33
1923	5278	5488	66
1924	5281	5293	33
1925	5281	5362	33
1926	5288	5295	33
1927	5290	5382	25
1928	5299	5479	33
1929	5299	6622	33
1930	5300	5303	33
1931	5302	5322	33
1932	5304	5308	33
1933	5305	5308	33
1934	5305	5311	66
1935	5305	5646	33
1936	5305	6426	33
1937	5306	5331	66
1938	5306	5405	33
1939	5307	5331	66
1940	5307	5331	66
1941	5309	5321	33
1942	5310	5401	33
1943	5311	5407	33
1944	5313	5336	33
1945	5315	5374	33
1946	5315	5625	30
1947	5316	5403	33
1948	5316	5406	33
1949	5316	5446	33
1950	5321	5422	33
1951	5326	5331	33
1952	5326	5331	33
1953	5326	5331	33
1954	5333	5339	33
1955	5333	5339	33
1956	5341	5415	33
1957	5346	5348	33
1958	5353	5355	33
1959	5358	6406	33
1960	5376	5381	33
1961	5390	5391	33
1962	5397	5429	33
1963	5401	5493	33
1964	5402	5427	33
1965	5408	5409	66
1966	5409	5414	66
1967	5414	5415	66
1968	5422	5441	33
1969	5438	5542	66
1970	5440	5512	33
1971	5444	5446	33
1972	5444	6616	33
1973	5446	5708	33
1974	5449	5450	33
1975	5449	5474	33
1976	5452	5454	33
1977	5452	5983	33
1978	5464	5475	33
1979	5465	5499	66
1980	5470	5565	66
1981	5482	5519	33
1982	5485	5830	25
1983	5486	5502	33
1984	5486	5522	33
1985	5499	5500	66
1986	5499	5500	33
1987	5505	5534	33
1988	5505	5534	33
1989	5509	5511	66
1990	5514	6606	33
1991	5515	5518	33
1992	5515	5518	33
1993	5515	6008	33
1994	5516	5519	33
1995	5516	5763	33
1996	5516	6147	33
1997	5516	6379	33
1998	5516	6911	33
1999	5519	5532	66
2000	5520	6857	33
2001	5520	6922	33
2002	5520	6956	33
2003	5520	6956	33
2004	5520	6956	33
2005	5520	6956	33
2006	5520	6956	33
2007	5520	6957	33
2008	5520	6957	33
2009	5520	6957	33
2010	5520	6957	33
2011	5520	6957	33
2012	5521	5523	33
2013	5526	5528	66
2014	5526	5532	66
2015	5526	5532	66
2016	5542	5562	33
2017	5550	5556	66
2018	5553	5563	33
2019	5553	5713	66
2020	5553	5802	33
2021	5553	5802	33
2022	5554	5802	33
2023	5554	5802	33
2024	5554	5802	33
2025	5554	5802	33
2026	5554	5802	33
2027	5554	5802	33
2028	5554	5802	33
2029	5554	5802	33
2030	5554	5802	33
2031	5554	5802	33
2032	5555	5557	33
2033	5556	5802	33
2034	5556	5804	33
2035	5557	5804	33
2036	5557	5804	33
2037	5558	5802	33
2038	5558	5802	33
2039	5558	5802	33
2040	5558	5804	33
2041	5558	5804	33
2042	5559	5561	33
2043	5559	5802	33
2044	5559	5802	33
2045	5559	5802	33
2046	5559	5802	33
2047	5559	5802	33
2048	5559	5802	33
2049	5559	5804	33
2050	5559	5805	33
2051	5563	5802	33
2052	5566	5581	33
2053	5566	5617	33
2054	5566	5802	33
2055	5578	5579	66
2056	5579	5711	66
2057	5582	5802	33
2058	5583	5802	33
2059	5584	5802	33
2060	5587	5590	66
2061	5594	5801	66
2062	5594	5801	66
2063	5594	5801	66
2064	5596	5694	25
2065	5597	5698	66
2066	5599	5708	33
2067	5600	5601	66
2068	5602	5608	30
2069	5603	5802	33
2070	5608	5801	66
2071	5609	5822	33
2072	5611	5616	66
2073	5611	5616	66
2074	5611	5802	66
2075	5611	5802	66
2076	5612	5614	66
2077	5613	5615	33
2078	5613	5802	33
2079	5618	5801	66
2080	5649	5771	66
2081	5654	5707	66
2082	5656	5802	66
2083	5656	5802	33
2084	5662	5682	33
2085	5662	5682	33
2086	5668	5707	66
2087	5674	5942	33
2088	5678	5679	66
2089	5678	5708	66
2090	5681	5787	33
2091	5684	5802	33
2092	5685	5718	33
2093	5685	5718	33
2094	5685	5802	33
2095	5685	5802	33
2096	5685	5802	33
2097	5686	5708	66
2098	5690	5707	66
2099	5691	5700	66
2100	5716	5754	33
2101	5718	5802	33
2102	5722	5742	33
2103	5727	5731	66
2104	5734	6475	66
2105	5734	6475	66
2106	5736	6476	66
2107	5736	6476	66
2108	5736	6476	66
2109	5743	6476	66
2110	5754	5814	33
2111	5761	5802	66
2112	5761	5849	33
2113	5762	5892	33
2114	5764	5920	33
2115	5764	6017	33
2116	5774	6077	33
2117	5777	5786	66
2118	5777	6476	66
2119	5785	5802	33
2120	5814	6121	30
2121	5821	5894	66
2122	5822	6017	66
2123	5829	5864	66
2124	5830	6181	25
2125	5832	5848	33
2126	5842	5862	33
2127	5847	5892	33
2128	5876	5973	66
2129	5877	5964	25
2130	5881	5882	33
2131	5881	5883	33
2132	5881	5990	33
2133	5886	5888	33
2134	5886	6279	66
2135	5891	5892	33
2136	5891	5899	33
2137	5893	5894	33
2138	5896	5943	33
2139	5896	5946	33
2140	5896	6187	33
2141	5897	6241	33
2142	5897	6425	33
2143	5899	5910	33
2144	5909	5979	33
2145	5911	5912	66
2146	5911	6278	66
2147	5911	6278	66
2148	5911	6278	66
2149	5919	6278	66
2150	5919	6278	66
2151	5926	5928	66
2152	5926	5928	66
2153	5926	5942	66
2154	5926	6278	66
2155	5930	6198	66
2156	5932	6278	66
2157	5933	6279	66
2158	5936	5957	33
2159	5939	6254	66
2160	5940	5966	33
2161	5940	6026	33
2162	5944	6182	33
2163	5950	6034	66
2164	5950	6043	66
2165	5953	6024	66
2166	5962	5987	33
2167	5988	6257	66
2168	6001	6054	66
2169	6022	6042	33
2170	6027	6057	33
2171	6037	6042	30
2172	6051	6127	66
2173	6076	6190	66
2174	6082	6102	33
2175	6082	6102	33
2176	6082	6102	33
2177	6089	6100	33
2178	6091	6134	66
2179	6108	6257	66
2180	6113	7387	33
2181	6119	6469	66
2182	6121	6221	66
2183	6127	6155	33
2184	6129	6174	66
2185	6131	6160	66
2186	6131	6230	66
2187	6133	6306	33
2188	6142	6167	33
2189	6142	6450	30
2190	6161	6676	33
2191	6167	6176	66
2192	6174	6403	33
2193	6176	6195	33
2194	6183	6418	33
2195	6196	6278	66
2196	6202	6222	33
2197	6210	6626	30
2198	6211	6301	33
2199	6215	6248	66
2200	6216	6486	33
2201	6241	6302	66
2202	6241	6344	66
2203	6241	6679	33
2204	6247	6556	30
2205	6249	6296	33
2206	6253	7679	30
2207	6256	6296	33
2208	6256	6353	33
2209	6259	6294	33
2210	6262	6294	33
2211	6262	6302	33
2212	6266	6311	33
2213	6266	6370	33
2214	6267	6311	33
2215	6267	6326	33
2216	6267	6350	33
2217	6267	6395	33
2218	6271	6406	66
2219	6278	6280	33
2220	6284	6692	30
2221	6292	7100	33
2222	6297	6438	25
2223	6300	6548	66
2224	6315	6413	33
2225	6316	6344	66
2226	6317	6322	66
2227	6321	6921	33
2228	6326	6329	33
2229	6327	6331	33
2230	6329	6331	33
2231	6331	6336	33
2232	6334	6336	33
2233	6334	6344	33
2234	6334	6427	25
2235	6336	6484	33
2236	6351	6365	33
2237	6351	7626	33
2238	6352	7791	33
2239	6353	6355	33
2240	6353	7791	33
2241	6353	7791	33
2242	6353	7791	33
2243	6354	6370	33
2244	6354	6481	33
2245	6360	6414	33
2246	6376	6444	66
2247	6382	6402	33
2248	6401	6407	33
2249	6402	6651	66
2250	6416	6519	66
2251	6418	6463	33
2252	6421	6508	66
2253	6422	7791	33
2254	6425	6814	33
2255	6427	6568	66
2256	6434	6642	33
2257	6439	6440	33
2258	6439	6442	33
2259	6439	7017	33
2260	6440	6443	33
2261	6441	6442	33
2262	6441	6920	33
2263	6441	6922	33
2264	6443	6444	33
2265	6443	6505	33
2266	6443	6922	33
2267	6443	6922	33
2268	6443	7882	33
2269	6444	6479	33
2270	6444	6500	33
2271	6444	6541	33
2272	6445	6656	33
2273	6445	7882	33
2274	6446	6448	33
2275	6446	7882	33
2276	6447	6921	33
2277	6448	6489	33
2278	6451	6521	33
2279	6451	6552	33
2280	6459	6523	66
2281	6474	6601	33
2282	6475	6481	33
2283	6475	6485	33
2284	6475	7160	33
2285	6476	6479	33
2286	6476	6918	33
2287	6477	6481	33
2288	6480	7260	33
2289	6481	6922	33
2290	6481	6922	33
2291	6484	6485	33
2292	6485	6486	33
2293	6485	6562	33
2294	6485	6867	33
2295	6487	6488	33
2296	6490	6549	33
2297	6492	6634	66
2298	6492	6634	66
2299	6494	6496	66
2300	6496	6594	66
2301	6500	6579	66
2302	6511	6569	33
2303	6511	6673	66
2304	6514	6534	66
2305	6522	6634	66
2306	6524	6634	66
2307	6533	7080	33
2308	6543	7118	66
2309	6546	6560	33
2310	6546	6616	33
2311	6548	7092	33
2312	6556	6611	50
2313	6563	6982	33
2314	6572	6700	66
2315	6580	6604	33
2316	6585	6640	33
2317	6594	6607	33
2318	6600	6940	66
2319	6619	6967	66
2320	6622	6642	33
2321	6625	6643	25
2322	6649	6729	33
2323	6653	6967	66
2324	6655	6657	66
2325	6656	6875	66
2326	6656	6968	66
2327	6662	6667	33
2328	6665	6782	33
2329	6666	6983	66
2330	6669	6676	50
2331	6673	6686	33
2332	6677	6692	33
2333	6679	6693	33
2334	6687	6717	33
2335	6688	6983	66
2336	6690	6692	66
2337	6700	6808	33
2338	6703	6836	33
2339	6709	6729	66
2340	6711	6803	33
2341	6711	6916	33
2342	6711	6922	33
2343	6712	6982	66
2344	6718	6727	66
2345	6720	6743	33
2346	6724	7277	66
2347	6730	6752	33
2348	6733	6819	66
2349	6740	6841	33
2350	6743	6841	33
2351	6743	6841	33
2352	6743	7148	33
2353	6743	7926	33
2354	6745	6776	33
2355	6745	6845	33
2356	6747	6785	66
2357	6749	6751	33
2358	6749	7686	33
2359	6750	6795	33
2360	6755	6965	66
2361	6758	6795	33
2362	6765	6766	66
2363	6765	6792	33
2364	6765	6851	66
2365	6767	6986	66
2366	6769	6817	33
2367	6771	6781	33
2368	6781	6982	66
2369	6785	6805	66
2370	6785	6806	66
2371	6785	7622	66
2372	6786	6787	33
2373	6796	7310	33
2374	6798	6809	33
2375	6802	6822	33
2376	6803	7055	33
2377	6807	7310	33
2378	6818	6864	66
2379	6818	6915	50
2380	6833	6935	33
2381	6836	7023	33
2382	6845	6856	66
2383	6845	6858	66
2384	6853	6923	66
2385	6853	6932	66
2386	6857	7553	66
2387	6859	6951	66
2388	6874	7107	66
2389	6878	7019	66
2390	6878	7067	66
2391	6878	7174	66
2392	6882	6888	30
2393	6888	6897	33
2394	6889	6908	33
2395	6889	6994	33
2396	6890	7708	66
2397	6898	7328	33
2398	6901	6913	66
2399	6902	6942	66
2400	6917	7093	66
2401	6918	6932	33
2402	6918	6961	33
2403	6919	6997	66
2404	6922	6942	33
2405	6922	6942	33
2406	6931	7054	66
2407	6935	6941	33
2408	6937	6944	33
2409	6938	7064	66
2410	6958	7048	33
2411	6961	6982	66
2412	6961	6982	66
2413	6961	6982	66
2414	6961	7075	66
2415	6965	6967	33
2416	6969	6971	33
2417	6970	7065	66
2418	6976	7045	66
2419	6979	7022	66
2420	6980	6985	66
2421	6982	7010	33
2422	6986	7178	33
2423	6988	7001	33
2424	7001	7062	33
2425	7003	7076	33
2426	7015	7017	33
2427	7021	7084	33
2428	7022	7074	33
2429	7022	7094	33
2430	7028	7037	66
2431	7031	7044	33
2432	7031	7171	33
2433	7035	7180	33
2434	7038	7081	33
2435	7038	7084	33
2436	7038	7101	33
2437	7039	7056	33
2438	7039	7061	33
2439	7042	7067	33
2440	7068	7107	30
2441	7074	7727	30
2442	7076	7183	25
2443	7081	7145	33
2444	7083	7097	66
2445	7085	7086	66
2446	7085	7177	33
2447	7085	7226	33
2448	7086	7173	33
2449	7086	7177	33
2450	7087	7168	33
2451	7087	7200	33
2452	7087	7200	33
2453	7088	7177	33
2454	7088	7177	33
2455	7099	7119	50
2456	7104	7129	30
2457	7114	7122	33
2458	7125	7191	50
2459	7129	7232	33
2460	7134	7218	33
2461	7135	7191	50
2462	7136	7536	66
2463	7159	7180	33
2464	7159	7180	33
2465	7159	7352	33
2466	7162	7182	33
2467	7163	7239	33
2468	7165	7196	33
2469	7167	7194	33
2470	7167	7204	66
2471	7167	7205	66
2472	7171	7233	66
2473	7175	7882	33
2474	7175	7882	33
2475	7178	7637	30
2476	7189	7311	33
2477	7194	7196	66
2478	7198	7327	66
2479	7201	7285	33
2480	7209	7349	66
2481	7211	7238	30
2482	7222	7241	33
2483	7224	7360	33
2484	7239	7474	66
2485	7259	7328	33
2486	7259	7338	33
2487	7260	7291	33
2488	7260	7304	33
2489	7265	7349	66
2490	7270	7337	33
2491	7271	7524	33
2492	7274	8059	25
2493	7277	7377	66
2494	7281	7290	66
2495	7282	7315	33
2496	7296	7343	50
2497	7305	7307	25
2498	7306	7443	33
2499	7322	8580	66
2500	7323	7770	33
2501	7328	7389	33
2502	7345	7366	33
2503	7345	7367	33
2504	7352	7512	33
2505	7355	7375	66
2506	7355	7486	33
2507	7362	7401	33
2508	7362	7500	33
2509	7362	7505	33
2510	7365	7459	66
2511	7367	7491	33
2512	7368	7404	33
2513	7368	7491	33
2514	7368	7509	33
2515	7375	7473	33
2516	7376	7512	33
2517	7386	8107	33
2518	7404	7432	33
2519	7411	7520	66
2520	7418	7432	33
2521	7418	7500	33
2522	7418	7500	33
2523	7421	7439	33
2524	7421	7473	33
2525	7421	7526	33
2526	7436	7474	33
2527	7436	7487	33
2528	7441	7497	66
2529	7450	7554	25
2530	7470	7968	66
2531	7476	7502	66
2532	7486	7497	33
2533	7496	7521	33
2534	7508	7595	66
2535	7510	7537	33
2536	7513	7525	50
2537	7518	7723	66
2538	7528	7545	33
2539	7531	7579	50
2540	7539	8060	25
2541	7561	7589	66
2542	7583	7681	33
2543	7629	7717	33
2544	7636	7671	66
2545	7640	7676	66
2546	7645	7690	33
2547	7655	7945	33
2548	7658	8014	33
2549	7681	7761	33
2550	7682	8209	33
2551	7689	7781	33
2552	7689	7793	33
2553	7692	7758	33
2554	7693	7781	33
2555	7693	7792	33
2556	7693	7820	33
2557	7705	7725	33
2558	7718	7839	66
2559	7720	7727	25
2560	7727	7736	66
2561	7732	7739	66
2562	7732	7791	66
2563	7732	7793	66
2564	7735	8055	50
2565	7743	7968	40
2566	7748	7819	33
2567	7756	7859	33
2568	7756	8909	33
2569	7765	7785	33
2570	7794	7854	25
2571	7795	7854	25
2572	7796	7814	33
2573	7799	7910	66
2574	7800	7889	66
2575	7803	8717	33
2576	7808	7882	33
2577	7812	8338	33
2578	7815	7888	33
2579	7818	8099	66
2580	7831	7861	33
2581	7831	7861	33
2582	7831	7893	33
2583	7831	7908	33
2584	7832	7873	33
2585	7832	8187	33
2586	7832	8195	33
2587	7854	7917	66
2588	7861	8034	50
2589	7867	7914	33
2590	7876	7914	66
2591	7885	7905	33
2592	7885	7905	33
2593	7900	7950	25
2594	7921	8082	66
2595	7924	7948	66
2596	7926	7936	33
2597	7926	7940	33
2598	7926	7940	33
2599	7926	7951	33
2600	7926	7958	33
2601	7926	8085	66
2602	7928	7943	33
2603	7936	7984	33
2604	7952	8702	30
2605	7958	8537	33
2606	7959	8194	33
2607	7960	8194	33
2608	7966	8002	66
2609	7976	8204	33
2610	7979	7994	33
2611	7979	8001	33
2612	7989	7997	33
2613	8010	8028	33
2614	8013	8028	33
2615	8013	8028	33
2616	8013	8063	33
2617	8013	8070	33
2618	8014	8025	33
2619	8014	8046	33
2620	8014	8114	33
2621	8014	8143	66
2622	8025	8144	33
2623	8025	8181	33
2624	8025	8231	33
2625	8034	8087	66
2626	8034	8371	33
2627	8038	8057	33
2628	8041	8115	33
2629	8042	8062	33
2630	8046	8223	33
2631	8057	8253	66
2632	8062	8064	33
2633	8065	8085	33
2634	8065	8092	33
2635	8071	8087	33
2636	8091	8640	33
2637	8095	8244	66
2638	8102	8154	66
2639	8104	8198	66
2640	8107	8135	33
2641	8120	8190	33
2642	8120	8194	33
2643	8121	8193	33
2644	8121	8193	33
2645	8121	8193	33
2646	8121	8194	33
2647	8121	8194	33
2648	8121	8195	33
2649	8121	8197	33
2650	8122	8188	33
2651	8125	8145	33
2652	8141	8147	33
2653	8141	8147	33
2654	8142	8154	33
2655	8142	8154	33
2656	8147	8175	66
2657	8153	8189	50
2658	8161	8251	33
2659	8162	8234	33
2660	8163	8239	33
2661	8163	8306	66
2662	8163	8306	66
2663	8165	8183	33
2664	8177	8185	66
2665	8185	8210	33
2666	8185	8523	50
2667	8185	8707	50
2668	8209	8222	33
2669	8210	8237	33
2670	8210	8249	33
2671	8210	8265	33
2672	8210	8269	33
2673	8211	8249	33
2674	8213	8222	33
2675	8221	8379	33
2676	8230	8243	33
2677	8230	8244	33
2678	8230	8289	33
2679	8230	8338	50
2680	8230	8338	50
2681	8238	8295	50
2682	8240	8306	66
2683	8243	8266	33
2684	8244	8335	33
2685	8246	8387	33
2686	8252	8830	66
2687	8258	8346	50
2688	8264	8530	66
2689	8268	8278	33
2690	8283	8397	66
2691	8285	8355	33
2692	8286	8355	33
2693	8286	8356	33
2694	8286	8356	33
2695	8287	8350	33
2696	8287	8355	33
2697	8287	8355	33
2698	8287	8355	33
2699	8287	8360	33
2700	8289	8355	33
2701	8305	8325	33
2702	8315	8707	33
2703	8325	8337	33
2704	8325	8338	33
2705	8333	8393	25
2706	8336	8395	50
2707	8339	8347	66
2708	8342	8442	33
2709	8344	8426	33
2710	8353	8444	66
2711	8358	8403	33
2712	8358	8422	33
2713	8358	8426	33
2714	8358	8426	33
2715	8359	8374	66
2716	8359	8396	33
2717	8371	8404	33
2718	8388	8406	66
2719	8390	8399	66
2720	8394	8395	40
2721	8401	8413	66
2722	8401	8460	33
2723	8406	8554	66
2724	8406	8564	66
2725	8415	8540	33
2726	8415	8947	33
2727	8416	8798	25
2728	8417	8440	33
2729	8419	8425	66
2730	8421	8426	33
2731	8421	8431	50
2732	8421	8524	33
2733	8422	8496	66
2734	8425	8455	33
2735	8428	8499	33
2736	8428	8500	33
2737	8429	8444	33
2738	8436	8498	66
2739	8437	8454	50
2740	8437	9612	33
2741	8439	8449	50
2742	8449	8454	66
2743	8453	8842	50
2744	8456	8543	50
2745	8460	8544	66
2746	8480	8589	66
2747	8481	8581	25
2748	8486	8543	50
2749	8488	8760	33
2750	8491	9902	33
2751	8494	8513	33
2752	8498	8574	66
2753	8499	8505	25
2754	8499	9755	66
2755	8510	9029	33
2756	8514	8602	33
2757	8516	8589	33
2758	8516	8975	33
2759	8516	9648	33
2760	8521	8676	33
2761	8528	8546	33
2762	8545	8565	33
2763	8546	8548	66
2764	8546	8565	33
2765	8567	8594	33
2766	8574	8667	33
2767	8579	8594	66
2768	8601	8632	33
2769	8602	8710	33
2770	8612	8622	33
2771	8615	8618	66
2772	8630	8824	66
2773	8630	8824	66
2774	8634	8775	66
2775	8641	8912	33
2776	8655	8665	66
2777	8656	8731	66
2778	8665	8690	33
2779	8669	8685	33
2780	8669	8685	33
2781	8670	8696	33
2782	8680	8694	33
2783	8701	8798	66
2784	8706	8735	66
2785	8709	8812	33
2786	8711	8722	33
2787	8721	8781	66
2788	8724	8770	33
2789	8724	8815	33
2790	8727	8927	25
2791	8737	8744	33
2792	8761	8895	33
2793	8779	9203	33
2794	8785	8810	33
2795	8785	8825	33
2796	8791	8849	33
2797	8803	8934	33
2798	8811	8834	33
2799	8821	8939	66
2800	8827	8937	33
2801	8838	8927	66
2802	8844	8892	33
2803	8849	8861	33
2804	8858	8865	33
2805	8858	8960	66
2806	8861	8963	33
2807	8867	8872	33
2808	8873	8875	33
2809	8876	8900	33
2810	8876	8965	66
2811	8882	9052	50
2812	8884	8905	33
2813	8900	8979	66
2814	8901	10086	33
2815	8910	8995	33
2816	8918	9229	66
2817	8945	8963	66
2818	8946	8969	66
2819	8947	8970	66
2820	8947	9041	33
2821	8953	9126	66
2822	8965	8985	33
2823	8965	8985	33
2824	8977	8987	50
2825	8978	9054	50
2826	9013	9045	66
2827	9015	9142	25
2828	9020	9293	33
2829	9027	9032	30
2830	9056	9098	66
2831	9056	9293	33
2832	9057	9126	33
2833	9061	9075	33
2834	9063	9166	33
2835	9066	9135	25
2836	9066	9293	66
2837	9075	9135	25
2838	9075	9135	25
2839	9083	9234	30
2840	9083	9250	66
2841	9099	9246	66
2842	9120	9151	66
2843	9121	9174	50
2844	9126	9156	33
2845	9136	9274	66
2846	9138	9352	33
2847	9145	9176	33
2848	9157	9912	33
2849	9166	9339	33
2850	9191	9234	33
2851	9196	9237	66
2852	9204	9235	33
2853	9221	9273	33
2854	9221	9277	33
2855	9222	9255	33
2856	9222	9273	33
2857	9222	9563	33
2858	9223	9278	33
2859	9223	9284	33
2860	9228	9395	33
2861	9229	9404	33
2862	9229	9443	33
2863	9230	9241	66
2864	9230	9396	33
2865	9230	9405	33
2866	9239	9323	33
2867	9242	9378	66
2868	9254	9365	25
2869	9256	9310	66
2870	9256	9926	33
2871	9283	9302	33
2872	9284	9377	33
2873	9286	9669	33
2874	9292	9304	33
2875	9301	9356	66
2876	9302	9409	66
2877	9302	10143	33
2878	9329	9345	33
2879	9339	9377	33
2880	9339	9381	33
2881	9347	10048	66
2882	9353	9660	30
2883	9356	9415	25
2884	9356	9475	33
2885	9361	9812	66
2886	9371	9419	33
2887	9378	9415	25
2888	9385	9405	33
2889	9397	9408	33
2890	9403	9486	66
2891	9408	9417	33
2892	9409	9419	33
2893	9416	9445	33
2894	9418	9458	50
2895	9422	9439	33
2896	9426	9516	66
2897	9433	9924	33
2898	9435	9445	66
2899	9450	10470	26
2900	9482	9612	33
2901	9482	9737	33
2902	9493	9584	33
2903	9502	9616	33
2904	9505	9525	33
2905	9505	9530	33
2906	9505	9551	33
2907	9507	9521	33
2908	9515	10584	33
2909	9529	10549	33
2910	9537	9559	33
2911	9541	9718	66
2912	9550	9594	66
2913	9559	9575	33
2914	9559	9579	33
2915	9559	9629	33
2916	9561	9907	66
2917	9567	9799	66
2918	9575	9902	50
2919	9576	9854	66
2920	9586	9967	50
2921	9592	9607	66
2922	9594	9646	33
2923	9596	9642	33
2924	9601	9629	33
2925	9602	9611	33
2926	9605	9703	66
2927	9610	9704	66
2928	9611	9723	25
2929	9625	9656	33
2930	9629	10105	25
2931	9642	9666	33
2932	9644	9689	33
2933	9656	9740	33
2934	9656	9771	66
2935	9659	9897	33
2936	9667	9702	33
2937	9668	9744	66
2938	9672	9677	30
2939	9674	9712	33
2940	9674	9769	33
2941	9675	9712	33
2942	9675	9754	33
2943	9675	9754	33
2944	9675	9790	33
2945	9675	9800	33
2946	9676	9734	33
2947	9678	9758	66
2948	9678	9759	66
2949	9678	9759	66
2950	9678	9759	66
2951	9680	9821	66
2952	9680	9821	66
2953	9680	9998	66
2954	9692	9721	33
2955	9701	11093	33
2956	9706	9792	33
2957	9707	9759	33
2958	9709	9718	66
2959	9709	9742	33
2960	9709	9742	33
2961	9709	9742	33
2962	9709	9744	33
2963	9712	9838	66
2964	9712	10092	33
2965	9714	9727	33
2966	9714	9738	33
2967	9715	9766	33
2968	9718	9727	33
2969	9721	9774	66
2970	9721	9774	66
2971	9757	9945	66
2972	9760	9814	66
2973	9781	9840	66
2974	9821	9968	33
2975	9824	9972	33
2976	9829	10820	33
2977	9834	9850	33
2978	9845	9944	66
2979	9850	9871	33
2980	9851	10024	66
2981	9854	9932	66
2982	9856	9921	66
2983	9856	10028	66
2984	9864	9893	33
2985	9866	10141	33
2986	9869	9880	33
2987	9873	9940	25
2988	9889	9901	33
2989	9896	9913	66
2990	9913	9973	66
2991	9915	10067	66
2992	9916	10088	66
2993	9920	11348	33
2994	9924	9972	33
2995	9932	9954	66
2996	9941	9942	66
2997	9954	9969	33
2998	9959	9960	33
2999	9960	9967	33
3000	9970	10059	66
3001	9972	10005	33
3002	9976	10014	40
3003	9977	10025	33
3004	9977	10034	33
3005	9977	10242	33
3006	9977	10325	33
3007	9978	10252	33
3008	9978	10322	33
3009	9979	9987	33
3010	9979	10253	33
3011	9985	10010	33
3012	9985	10010	33
3013	9991	10012	66
3014	10015	10022	33
3015	10017	10040	33
3016	10019	10261	66
3017	10019	10271	66
3018	10021	10095	66
3019	10027	10152	66
3020	10031	10086	33
3021	10037	10280	33
3022	10039	10049	33
3023	10043	10075	66
3024	10045	10065	33
3025	10047	10058	25
3026	10052	10346	66
3027	10057	10086	33
3028	10061	10936	33
3029	10062	10081	33
3030	10063	10116	66
3031	10074	10075	33
3032	10081	10127	66
3033	10095	10220	66
3034	10095	10336	66
3035	10098	10132	66
3036	10108	10141	33
3037	10110	10151	33
3038	10110	10151	33
3039	10126	11026	30
3040	10131	10169	66
3041	10136	10315	66
3042	10137	10172	33
3043	10143	10166	30
3044	10147	10239	66
3045	10156	10195	66
3046	10157	10359	66
3047	10165	10185	33
3048	10165	10192	33
3049	10165	10196	33
3050	10184	10315	33
3051	10195	10216	40
3052	10201	10229	33
3053	10202	10667	33
3054	10243	10391	66
3055	10248	11368	33
3056	10257	10315	66
3057	10257	10465	66
3058	10261	10304	66
3059	10266	10379	66
3060	10270	10271	66
3061	10285	10320	33
3062	10295	10378	33
3063	10295	10380	33
3064	10304	10417	33
3065	10310	10416	33
3066	10310	10594	50
3067	10318	10375	33
3068	10326	10331	25
3069	10327	10338	33
3070	10333	10366	33
3071	10336	10478	66
3072	10340	10373	66
3073	10344	10450	33
3074	10345	10347	33
3075	10345	10347	33
3076	10353	10361	33
3077	10356	10420	66
3078	10356	10459	66
3079	10367	10377	33
3080	10367	10387	33
3081	10367	10414	33
3082	10367	10464	33
3083	10368	10397	33
3084	10381	10415	66
3085	10381	10475	66
3086	10382	10498	66
3087	10383	10425	33
3088	10396	10468	66
3089	10404	10435	33
3090	10407	10415	33
3091	10408	10421	33
3092	10423	10443	33
3093	10434	10458	33
3094	10440	10478	33
3095	10441	10511	66
3096	10451	10546	33
3097	10464	10487	30
3098	10464	11050	33
3099	10470	10527	33
3100	10494	10544	66
3101	10495	10505	33
3102	10512	10514	33
3103	10525	10545	33
3104	10530	10551	66
3105	10546	10846	30
3106	10555	10622	33
3107	10562	10625	33
3108	10562	10641	33
3109	10562	10649	33
3110	10562	10662	33
3111	10562	10662	33
3112	10562	10672	33
3113	10562	10672	33
3114	10562	10683	33
3115	10563	10596	33
3116	10563	10596	33
3117	10566	10693	33
3118	10566	10693	33
3119	10567	10582	33
3120	10567	10618	33
3121	10570	10648	33
3122	10574	10631	33
3123	10574	10649	33
3124	10578	10606	33
3125	10578	10621	33
3126	10578	10678	33
3127	10585	10630	33
3128	10588	10601	33
3129	10588	10603	33
3130	10588	10646	66
3131	10621	10742	33
3132	10636	10698	66
3133	10646	10805	66
3134	10648	10660	33
3135	10658	10752	66
3136	10672	10679	33
3137	10684	10839	66
3138	10687	10858	33
3139	10693	11361	33
3140	10697	11163	33
3141	10705	10722	33
3142	10705	10737	33
3143	10705	10741	33
3144	10705	10741	33
3145	10716	10761	33
3146	10731	11670	33
3147	10747	10906	33
3148	10754	10830	33
3149	10756	10929	66
3150	10760	10851	33
3151	10766	10786	33
3152	10768	10780	33
3153	10770	10819	33
3154	10772	10785	33
3155	10773	10798	33
3156	10773	10829	33
3157	10773	10856	33
3158	10773	10859	33
3159	10773	10863	33
3160	10777	10852	33
3161	10777	10862	33
3162	10777	10863	33
3163	10780	10873	66
3164	10784	10822	33
3165	10787	10837	33
3166	10787	10862	33
3167	10788	10831	33
3168	10788	10841	33
3169	10788	10852	33
3170	10788	10852	33
3171	10788	10855	33
3172	10788	10860	33
3173	10788	10862	33
3174	10790	10957	33
3175	10792	10833	66
3176	10814	10870	33
3177	10816	10878	33
3178	10824	10941	66
3179	10828	10841	33
3180	10836	11551	33
3181	10841	10939	33
3182	10843	10943	66
3183	10845	10929	66
3184	10855	10933	33
3185	10861	10929	66
3186	10869	10989	66
3187	10869	11506	33
3188	10873	10876	33
3189	10873	10940	25
3190	10874	11552	33
3191	10884	10905	33
3192	10885	10910	33
3193	10888	11614	66
3194	10890	11028	33
3195	10892	10901	66
3196	10908	10988	33
3197	10910	11144	33
3198	10915	10969	33
3199	10915	11021	33
3200	10916	10969	33
3201	10916	10969	33
3202	10919	10937	33
3203	10919	10969	33
3204	10930	11043	66
3205	10945	10977	33
3206	10945	11343	66
3207	10948	10963	33
3208	10949	10960	33
3209	10949	10962	33
3210	10952	11026	33
3211	10966	11940	33
3212	10968	11620	66
3213	10972	11805	33
3214	10981	11298	33
3215	10985	11039	33
3216	11002	11045	33
3217	11005	11045	33
3218	11012	11031	33
3219	11015	11090	33
3220	11016	11116	33
3221	11017	11026	33
3222	11017	11133	33
3223	11034	11091	33
3224	11038	11133	33
3225	11040	11110	33
3226	11044	11062	33
3227	11044	11069	33
3228	11046	11360	30
3229	11055	11085	33
3230	11061	11114	33
3231	11061	11407	66
3232	11061	11724	66
3233	11065	11177	33
3234	11068	11103	66
3235	11071	11110	33
3236	11076	11087	66
3237	11079	11084	33
3238	11079	11512	66
3239	11079	11583	33
3240	11086	11098	33
3241	11087	11253	33
3242	11087	11616	33
3243	11093	11183	66
3244	11096	11104	66
3245	11099	11519	66
3246	11099	11519	66
3247	11101	11156	66
3248	11102	11113	66
3249	11123	11139	33
3250	11124	11712	33
3251	11125	11145	33
3252	11125	11145	33
3253	11125	11152	33
3254	11127	11144	33
3255	11127	11159	66
3256	11127	11179	33
3257	11127	11192	33
3258	11127	11207	25
3259	11127	11207	33
3260	11127	11679	33
3261	11128	11176	33
3262	11128	11210	66
3263	11128	11336	66
3264	11128	11336	66
3265	11130	11859	33
3266	11132	12380	50
3267	11136	11342	33
3268	11136	11486	30
3269	11138	11224	50
3270	11146	11203	66
3271	11146	11207	33
3272	11153	11283	33
3273	11161	11269	33
3274	11174	11221	33
3275	11176	11426	66
3276	11179	11182	33
3277	11179	11182	33
3278	11181	11254	33
3279	11181	11266	33
3280	11182	11254	33
3281	11183	11228	33
3282	11183	11380	33
3283	11183	11862	33
3284	11187	11201	33
3285	11190	11264	66
3286	11194	11215	33
3287	11196	11313	66
3288	11217	11226	66
3289	11221	11288	66
3290	11222	11313	33
3291	11223	11309	33
3292	11225	11597	66
3293	11227	11244	66
3294	11248	11260	33
3295	11266	11322	25
3296	11277	11283	66
3297	11277	11379	33
3298	11279	11338	33
3299	11279	11359	33
3300	11281	11329	66
3301	11281	11516	66
3302	11285	11940	33
3303	11297	11439	33
3304	11300	11320	33
3305	11308	11642	33
3306	11310	11370	50
3307	11325	11349	66
3308	11334	11347	33
3309	11334	11347	33
3310	11335	11355	66
3311	11342	11409	33
3312	11354	11360	33
3313	11357	11515	66
3314	11357	11521	66
3315	11358	11514	66
3316	11362	11588	33
3317	11364	11441	25
3318	11365	11385	33
3319	11369	11629	66
3320	11370	11399	66
3321	11375	11404	66
3322	11380	11404	66
3323	11384	11563	33
3324	11385	11389	66
3325	11387	11417	33
3326	11388	11445	33
3327	11388	12341	33
3328	11388	12341	33
3329	11390	11450	33
3330	11391	11864	33
3331	11392	11446	33
3332	11392	11456	33
3333	11392	11491	33
3334	11394	11559	66
3335	11401	11440	33
3336	11404	11479	50
3337	11407	11582	33
3338	11408	12381	25
3339	11416	11426	66
3340	11416	11499	66
3341	11416	11503	66
3342	11416	11531	66
3343	11417	11492	25
3344	11425	11445	33
3345	11427	11446	33
3346	11440	11974	66
3347	11461	11507	66
3348	11464	11490	33
3349	11476	11564	33
3350	11477	11564	66
3351	11481	11714	33
3352	11481	11781	33
3353	11485	11521	33
3354	11490	11538	33
3355	11491	11628	33
3356	11501	11513	66
3357	11507	11525	33
3358	11507	11525	33
3359	11507	11864	33
3360	11521	11608	66
3361	11523	11583	33
3362	11524	12380	50
3363	11537	11557	66
3364	11545	11575	33
3365	11545	11575	33
3366	11558	11624	66
3367	11564	11573	66
3368	11573	11834	50
3369	11580	11610	33
3370	11582	11657	66
3371	11598	13024	66
3372	11602	11669	66
3373	11604	11639	66
3374	11612	11629	50
3375	11633	11746	33
3376	11641	11642	66
3377	11641	11683	66
3378	11642	11654	66
3379	11642	12901	66
3380	11646	11742	33
3381	11651	11723	66
3382	11665	11695	33
3383	11669	11680	33
3384	11708	11746	33
3385	11715	11762	66
3386	11730	11868	33
3387	11743	12407	33
3388	11761	11866	66
3389	11761	11875	66
3390	11764	11903	66
3391	11776	11880	33
3392	11781	11894	33
3393	11781	11940	33
3394	11789	11801	33
3395	11797	11907	33
3396	11808	11818	66
3397	11816	12107	66
3398	11827	11861	66
3399	11828	11882	25
3400	11828	12467	66
3401	11835	11836	33
3402	11843	11868	33
3403	11849	11882	33
3404	11853	11865	33
3405	11881	11921	66
3406	11886	11952	66
3407	11894	11903	33
3408	11905	11925	33
3409	11930	11969	33
3410	11931	11968	66
3411	11941	12499	66
3412	11945	11965	66
3413	11958	12181	33
3414	11965	11985	33
3415	11965	11986	33
3416	11965	11990	33
3417	12007	12089	66
3418	12017	12178	33
3419	12026	12027	33
3420	12037	12050	66
3421	12061	12113	33
3422	12063	12136	66
3423	12076	12130	66
3424	12084	12115	33
3425	12084	12241	25
3426	12087	12095	33
3427	12087	12131	33
3428	12089	12100	33
3429	12095	12109	66
3430	12096	12697	66
3431	12101	12103	33
3432	12121	12193	33
3433	12121	12222	66
3434	12122	12125	66
3435	12123	12124	33
3436	12137	12496	33
3437	12137	12501	33
3438	12137	12654	33
3439	12144	12268	66
3440	12169	12189	33
3441	12188	12269	33
3442	12205	12230	33
3443	12210	12232	33
3444	12215	12232	33
3445	12235	12253	33
3446	12241	12739	66
3447	12241	12739	66
3448	12248	12444	66
3449	12256	12341	66
3450	12266	12328	66
3451	12270	12444	66
3452	12287	13082	33
3453	12294	12344	33
3454	12297	12302	30
3455	12301	12358	33
3456	12302	13023	33
3457	12305	12378	33
3458	12305	12435	25
3459	12306	12408	66
3460	12310	13486	33
3461	12318	12854	33
3462	12322	12390	66
3463	12323	12680	33
3464	12323	12764	33
3465	12324	12372	33
3466	12324	12377	33
3467	12324	12677	33
3468	12325	12352	33
3469	12325	12675	33
3470	12325	12675	33
3471	12325	12675	33
3472	12326	12372	33
3473	12327	12646	66
3474	12328	12815	30
3475	12338	12475	66
3476	12339	12391	66
3477	12343	12397	66
3478	12365	12398	66
3479	12365	12539	66
3480	12366	12375	33
3481	12368	12464	33
3482	12373	12448	66
3483	12377	12386	66
3484	12383	12421	33
3485	12383	12421	33
3486	12385	12407	33
3487	12387	12423	33
3488	12396	12893	33
3489	12401	12419	33
3490	12407	12417	33
3491	12420	13442	33
3492	12421	12437	33
3493	12422	12524	66
3494	12425	12451	33
3495	12425	12604	33
3496	12429	12519	66
3497	12429	12626	50
3498	12432	12776	33
3499	12435	12460	33
3500	12450	12514	33
3501	12459	12508	33
3502	12472	12655	66
3503	12474	12691	66
3504	12477	12494	33
3505	12481	12510	33
3506	12481	12576	33
3507	12485	12499	66
3508	12490	12537	33
3509	12499	12614	33
3510	12499	12624	33
3511	12500	12516	33
3512	12500	12549	33
3513	12500	12556	33
3514	12500	12593	33
3515	12500	12603	33
3516	12501	12549	33
3517	12501	12562	33
3518	12501	12630	33
3519	12502	12516	33
3520	12502	12553	33
3521	12502	12562	33
3522	12502	12572	33
3523	12502	12737	33
3524	12504	13189	30
3525	12505	12535	33
3526	12505	12557	33
3527	12516	12523	33
3528	12522	12534	66
3529	12522	12534	66
3530	12522	12534	66
3531	12522	12536	66
3532	12531	12657	33
3533	12534	12568	66
3534	12542	12551	66
3535	12542	12582	33
3536	12554	12615	66
3537	12565	12585	33
3538	12565	12988	33
3539	12567	12583	33
3540	12575	12581	66
3541	12577	12664	50
3542	12579	12606	33
3543	12580	12641	66
3544	12580	12655	33
3545	12580	12761	33
3546	12581	12781	33
3547	12586	12632	33
3548	12590	12608	66
3549	12601	12921	66
3550	12601	12921	66
3551	12602	12689	50
3552	12603	12624	33
3553	12608	12616	66
3554	12608	12678	33
3555	12608	12679	33
3556	12619	12629	66
3557	12625	12645	33
3558	12625	12648	33
3559	12625	12650	33
3560	12628	12915	33
3561	12636	12806	66
3562	12638	12647	66
3563	12642	12643	33
3564	12642	12693	33
3565	12642	12698	33
3566	12642	12832	33
3567	12647	12656	66
3568	12649	12693	33
3569	12649	12698	33
3570	12649	12713	33
3571	12649	12724	33
3572	12649	12787	33
3573	12650	12693	33
3574	12650	12698	33
3575	12650	12718	33
3576	12650	12724	33
3577	12650	12730	33
3578	12650	12737	33
3579	12661	12858	66
3580	12661	12858	66
3581	12663	12670	33
3582	12663	12670	33
3583	12663	12670	33
3584	12666	12729	66
3585	12669	13703	33
3586	12700	12725	33
3587	12701	12709	33
3588	12701	12721	33
3589	12704	12709	66
3590	12727	12738	33
3591	12729	12805	33
3592	12729	12828	33
3593	12734	12745	66
3594	12745	12765	33
3595	12749	12762	33
3596	12749	13487	33
3597	12751	12783	33
3598	12753	12817	33
3599	12754	12777	33
3600	12754	12859	33
3601	12756	12859	33
3602	12757	12802	33
3603	12757	12843	33
3604	12757	12847	33
3605	12757	12847	33
3606	12757	12847	33
3607	12765	12776	33
3608	12768	12799	33
3609	12777	12808	66
3610	12783	13016	66
3611	12796	12810	33
3612	12799	12905	66
3613	12805	12830	33
3614	12805	12832	33
3615	12806	12859	66
3616	12807	12812	30
3617	12809	12842	66
3618	12856	12904	33
3619	12856	12923	66
3620	12862	13052	66
3621	12864	12897	33
3622	12865	12885	33
3623	12867	12977	33
3624	12868	12888	33
3625	12868	12899	33
3626	12868	13016	33
3627	12871	12907	66
3628	12872	12982	33
3629	12889	12897	66
3630	12900	12927	33
3631	12901	12925	33
3632	12904	13035	25
3633	12910	12921	33
3634	12910	12931	33
3635	12917	12926	66
3636	12919	12935	33
3637	12919	12936	33
3638	12920	12935	33
3639	12920	12974	66
3640	12946	12951	30
3641	12961	13041	66
3642	12963	12964	25
3643	12964	13004	25
3644	12966	13035	33
3645	12975	13069	33
3646	12998	13124	66
3647	13001	13022	33
3648	13010	13049	66
3649	13011	13544	66
3650	13019	13255	66
3651	13021	13072	66
3652	13021	13093	66
3653	13025	13063	33
3654	13031	13057	33
3655	13034	13335	33
3656	13034	13335	33
3657	13035	13045	33
3658	13045	13065	33
3659	13045	13255	33
3660	13047	13052	33
3661	13059	13084	33
3662	13069	13184	33
3663	13074	13570	33
3664	13081	13143	25
3665	13084	13201	66
3666	13095	13164	66
3667	13095	13319	33
3668	13095	13319	33
3669	13098	13167	66
3670	13099	13162	33
3671	13105	13125	33
3672	13105	13125	33
3673	13111	13250	25
3674	13118	13133	33
3675	13118	13136	33
3676	13155	13215	66
3677	13156	13215	66
3678	13165	13187	33
3679	13174	13188	33
3680	13174	13188	33
3681	13174	13188	33
3682	13174	13191	33
3683	13177	13704	66
3684	13233	13249	33
3685	13234	13272	33
3686	13236	13338	66
3687	13244	13294	33
3688	13245	13261	33
3689	13245	13261	33
3690	13245	13261	33
3691	13245	13261	33
3692	13245	13305	33
3693	13245	13371	33
3694	13259	13336	33
3695	13266	13366	33
3696	13277	13345	66
3697	13285	13305	33
3698	13285	13320	33
3699	13288	13300	33
3700	13315	13342	33
3701	13321	13465	50
3702	13329	13425	33
3703	13336	13466	33
3704	13338	13362	33
3705	13338	13371	33
3706	13341	13371	33
3707	13342	13371	33
3708	13342	13371	33
3709	13342	13371	33
3710	13343	13371	33
3711	13343	13371	33
3712	13344	13372	33
3713	13352	13527	66
3714	13368	13582	66
3715	13375	13447	50
3716	13381	13629	66
3717	13381	13827	66
3718	13381	13998	66
3719	13429	13563	33
3720	13432	13522	33
3721	13434	13519	33
3722	13436	13478	33
3723	13436	13539	33
3724	13437	13468	33
3725	13437	13509	33
3726	13442	13492	33
3727	13442	13492	33
3728	13442	13503	33
3729	13442	13503	33
3730	13442	13513	33
3731	13442	13600	33
3732	13444	13522	33
3733	13444	13551	33
3734	13445	13477	66
3735	13471	13616	33
3736	13477	13528	66
3737	13487	13646	66
3738	13501	13539	33
3739	13504	13564	33
3740	13552	13561	33
3741	13552	13564	33
3742	13561	13675	33
3743	13566	13601	33
3744	13566	13609	33
3745	13566	13697	33
3746	13568	13590	33
3747	13571	13590	33
3748	13571	13594	33
3749	13571	13594	33
3750	13571	13604	33
3751	13571	13604	33
3752	13571	13604	33
3753	13571	13609	33
3754	13571	13691	33
3755	13571	13707	33
3756	13572	13582	33
3757	13572	13586	33
3758	13572	13586	33
3759	13572	13601	33
3760	13572	13609	33
3761	13590	13692	66
3762	13616	13655	33
3763	13616	13686	33
3764	13616	13686	33
3765	13617	13678	33
3766	13618	13638	33
3767	13618	13675	33
3768	13618	13684	33
3769	13619	13662	33
3770	13619	13684	33
3771	13620	13648	33
3772	13620	13703	33
3773	13621	13665	33
3774	13621	13719	66
3775	13621	13759	33
3776	13628	13701	33
3777	13636	13689	66
3778	13645	13665	33
3779	13662	13698	33
3780	13662	13699	33
3781	13662	14231	33
3782	13681	13709	66
3783	13681	14160	66
3784	13688	13709	66
3785	13690	13699	25
3786	13694	13701	33
3787	13699	13784	33
3788	13712	13733	33
3789	13712	13767	33
3790	13713	14178	66
3791	13715	13737	33
3792	13718	13785	66
3793	13725	13736	33
3794	13725	13746	33
3795	13725	13788	33
3796	13739	13757	33
3797	13741	13805	33
3798	13741	13819	33
3799	13744	14036	33
3800	13746	13782	66
3801	13749	13843	66
3802	13755	13779	66
3803	13763	14178	66
3804	13765	13785	33
3805	13769	13817	66
3806	13769	14058	66
3807	13769	14058	66
3808	13772	13836	66
3809	13788	13815	66
3810	13800	14734	33
3811	13808	13883	33
3812	13817	13983	25
3813	13825	13845	33
3814	13825	13855	33
3815	13831	13875	66
3816	13851	14344	50
3817	13866	13943	66
3818	13866	13944	66
3819	13866	14024	66
3820	13866	14030	66
3821	13873	13943	33
3822	13873	13962	33
3823	13873	13962	33
3824	13876	13890	33
3825	13876	13947	33
3826	13877	13912	33
3827	13877	13947	33
3828	13877	13964	33
3829	13877	13964	33
3830	13877	13972	66
3831	13882	13888	30
3832	13888	13900	33
3833	13900	13935	33
3834	13921	14002	33
3835	13936	14009	33
3836	13945	13990	33
3837	13949	13965	33
3838	13968	14770	33
3839	13968	14813	33
3840	13972	15088	66
3841	13981	14073	33
3842	13981	14109	66
3843	13982	13990	66
3844	13994	14021	66
3845	14005	14025	33
3846	14009	14365	33
3847	14012	14171	66
3848	14030	14047	33
3849	14041	14104	66
3850	14055	14090	33
3851	14056	14160	25
3852	14065	14085	33
3853	14065	14112	66
3854	14068	14080	33
3855	14069	14080	33
3856	14078	14088	66
3857	14099	14147	66
3858	14101	14112	33
3859	14101	14144	66
3860	14101	14484	66
3861	14102	14115	33
3862	14102	14200	33
3863	14106	14200	33
3864	14108	15113	66
3865	14116	14184	66
3866	14135	14191	66
3867	14164	14174	33
3868	14184	14206	33
3869	14189	14207	33
3870	14189	14211	33
3871	14189	14215	33
3872	14189	14215	33
3873	14189	14215	33
3874	14189	14215	33
3875	14189	14215	33
3876	14199	14215	33
3877	14207	14380	66
3878	14210	14311	66
3879	14227	14233	30
3880	14236	14306	33
3881	14237	14291	33
3882	14237	14297	33
3883	14237	14307	33
3884	14238	14272	33
3885	14238	14282	33
3886	14260	14351	33
3887	14281	14349	33
3888	14287	14288	33
3889	14287	14318	25
3890	14309	14320	33
3891	14342	14352	66
3892	14347	14360	66
3893	14351	14402	33
3894	14356	14366	66
3895	14356	14418	66
3896	14371	14435	33
3897	14378	14397	66
3898	14388	14422	66
3899	14400	14401	66
3900	14405	14491	66
3901	14406	14730	50
3902	14461	14543	33
3903	14461	14558	66
3904	14462	14504	66
3905	14462	14569	25
3906	14484	14516	33
3907	14488	14499	33
3908	14521	14522	50
3909	14523	14652	33
3910	14527	14584	25
3911	14537	14621	66
3912	14568	14569	66
3913	14580	14672	33
3914	14581	14682	66
3915	14586	15100	25
3916	14596	14604	33
3917	14596	14614	33
3918	14605	14625	33
3919	14616	14699	30
3920	14634	14635	33
3921	14643	14644	66
3922	14645	15100	25
3923	14646	14718	33
3924	14647	14720	33
3925	14651	14735	30
3926	14669	14681	33
3927	14687	14696	33
3928	14691	14776	30
3929	14728	14739	33
3930	14741	14782	33
3931	14761	14805	33
3932	14761	14857	33
3933	14761	14974	66
3934	14768	14864	33
3935	14777	14827	33
3936	14777	15431	30
3937	14789	14814	66
3938	14791	15029	66
3939	14792	14795	33
3940	14811	14837	33
3941	14821	14904	33
3942	14836	14974	33
3943	14837	14884	66
3944	14845	14875	33
3945	14845	14928	66
3946	14848	14860	33
3947	14849	14860	33
3948	14863	14895	33
3949	14880	14952	33
3950	14882	14945	33
3951	14884	14967	66
3952	14885	14962	33
3953	14896	14942	33
3954	14914	15039	33
3955	14924	15437	66
3956	14926	14938	33
3957	14941	15015	66
3958	14941	15019	33
3959	14943	14984	33
3960	14945	14985	66
3961	14945	15284	50
3962	14950	15004	33
3963	14959	15040	30
3964	14964	15005	33
3965	14967	14985	33
3966	14998	15087	25
3967	15001	15021	33
3968	15008	15103	33
3969	15016	15119	33
3970	15025	15045	33
3971	15026	15039	33
3972	15026	15049	33
3973	15027	15039	33
3974	15029	15040	33
3975	15061	15104	33
3976	15061	15136	66
3977	15070	15141	33
3978	15074	15110	33
3979	15074	15111	33
3980	15075	15085	33
3981	15075	15127	33
3982	15076	15089	33
3983	15076	15089	33
3984	15076	15132	33
3985	15076	15142	33
3986	15076	15150	33
3987	15085	15105	33
3988	15113	15149	33
3989	15116	15153	33
3990	15116	15153	33
3991	15117	15130	33
3992	15117	15140	33
3993	15117	15149	33
3994	15117	15149	33
3995	15122	16263	30
3996	15128	15200	33
3997	15128	15254	25
3998	15131	15390	33
3999	15144	15472	33
4000	15145	15165	33
4001	15151	15270	66
4002	15176	15195	33
4003	15179	15266	33
4004	15181	15224	33
4005	15181	15256	33
4006	15181	15342	33
4007	15182	15183	33
4008	15182	15191	33
4009	15185	15207	33
4010	15205	15236	33
4011	15211	15267	66
4012	15214	15233	33
4013	15214	15233	33
4014	15214	15233	33
4015	15214	15267	66
4016	15215	15233	33
4017	15215	15233	33
4018	15217	15233	33
4019	15217	15233	33
4020	15217	15241	33
4021	15220	15281	33
4022	15229	15406	66
4023	15241	15244	66
4024	15265	15325	66
4025	15267	15279	33
4026	15269	15280	33
4027	15301	15358	33
4028	15301	15364	25
4029	15304	15339	66
4030	15304	15339	66
4031	15305	15370	33
4032	15305	15376	33
4033	15306	15345	33
4034	15306	15369	66
4035	15307	15331	33
4036	15325	15356	33
4037	15325	15610	33
4038	15331	15523	33
4039	15337	15704	66
4040	15360	15389	33
4041	15361	15404	66
4042	15364	15412	33
4043	15371	15461	33
4044	15371	15485	33
4045	15371	15498	33
4046	15378	15402	33
4047	15381	15402	33
4048	15382	15402	33
4049	15383	15395	33
4050	15384	15402	33
4051	15384	15402	33
4052	15384	15402	33
4053	15384	15402	33
4054	15385	15405	33
4055	15385	15407	33
4056	15385	15412	33
4057	15385	15416	33
4058	15385	15418	33
4059	15394	15432	33
4060	15398	15412	66
4061	15398	15450	66
4062	15409	15417	33
4063	15409	15420	33
4064	15426	16025	33
4065	15443	16452	66
4066	15461	15472	33
4067	15481	15605	33
4068	15481	16128	33
4069	15484	15552	33
4070	15494	15510	33
4071	15495	15503	66
4072	15517	16110	66
4073	15519	15584	66
4074	15541	15563	66
4075	15553	15820	33
4076	15565	15585	33
4077	15565	15590	33
4078	15565	15610	33
4079	15569	15580	33
4080	15604	16397	33
4081	15606	15698	66
4082	15607	15706	33
4083	15633	15642	66
4084	15633	15748	66
4085	15640	15662	33
4086	15643	15662	33
4087	15643	15662	33
4088	15643	15665	33
4089	15643	15667	33
4090	15645	15655	33
4091	15645	15662	33
4092	15645	15662	33
4093	15645	15662	33
4094	15645	15785	66
4095	15646	15657	33
4096	15664	15724	66
4097	15666	15668	66
4098	15685	15705	33
4099	15700	15790	33
4100	15736	15737	33
4101	15753	15983	33
4102	15758	15975	66
4103	15781	16506	33
4104	15790	15816	33
4105	15790	15859	33
4106	15791	15848	33
4107	15791	15869	33
4108	15791	15880	33
4109	15791	15880	33
4110	15791	15880	33
4111	15792	15921	33
4112	15792	16492	33
4113	15793	15859	33
4114	15793	15869	33
4115	15801	15816	33
4116	15843	16230	33
4117	15849	15889	33
4118	15849	15891	25
4119	15849	15905	33
4120	15856	15882	33
4121	15859	15905	33
4122	15865	15885	33
4123	15866	15867	33
4124	15881	15929	33
4125	15883	15949	66
4126	15887	15888	66
4127	15901	16001	66
4128	15902	15941	33
4129	15909	16249	25
4130	15917	15999	30
4131	15945	15991	66
4132	15964	15973	33
4133	15964	15974	66
4134	15965	16214	33
4135	15966	16148	33
4136	15976	16025	33
4137	15990	16142	50
4138	15999	16075	33
4139	16021	16038	33
4140	16025	16092	33
4141	16025	16100	33
4142	16041	16134	30
4143	16048	16059	33
4144	16056	16485	33
4145	16081	16154	33
4146	16081	16225	33
4147	16082	16157	33
4148	16093	16168	66
4149	16096	16271	33
4150	16097	16106	66
4151	16105	16125	33
4152	16113	16165	66
4153	16138	16211	33
4154	16155	16320	66
4155	16157	16158	33
4156	16165	16187	33
4157	16166	16211	33
4158	16168	16179	33
4159	16178	16250	66
4160	16186	16230	33
4161	16193	16218	33
4162	16206	16277	66
4163	16209	16381	33
4164	16212	16264	66
4165	16225	16268	33
4166	16234	16316	30
4167	16239	16289	33
4168	16254	16310	33
4169	16254	16335	30
4170	16255	16317	66
4171	16270	16281	66
4172	16285	16305	33
4173	16300	16317	33
4174	16304	16431	66
4175	16307	16312	30
4176	16308	16367	33
4177	16312	16367	33
4178	16314	16477	33
4179	16321	16334	66
4180	16335	16508	66
4181	16336	16701	25
4182	16342	16450	33
4183	16348	16437	30
4184	16356	16442	30
4185	16387	16395	25
4186	16395	16396	25
4187	16399	16404	33
4188	16400	16415	33
4189	16400	16421	33
4190	16400	16437	33
4191	16400	16457	33
4192	16400	16485	33
4193	16402	16486	33
4194	16403	16415	33
4195	16403	16457	33
4196	16403	16462	66
4197	16403	16485	33
4198	16404	16427	33
4199	16405	16440	33
4200	16411	16546	33
4201	16416	16434	33
4202	16443	16536	66
4203	16443	16665	33
4204	16444	16541	33
4205	16446	16597	33
4206	16452	17778	33
4207	16453	16940	33
4208	16460	16467	33
4209	16460	16674	66
4210	16464	16495	33
4211	16464	17638	33
4212	16466	16486	33
4213	16475	16485	33
4214	16487	16722	66
4215	16489	16498	66
4216	16495	16674	66
4217	16516	16615	33
4218	16523	16534	33
4219	16524	16547	33
4220	16525	16545	33
4221	16525	16557	33
4222	16525	16557	33
4223	16531	16604	66
4224	16537	16543	30
4225	16541	17027	33
4226	16560	16599	66
4227	16561	17269	66
4228	16561	17269	66
4229	16562	16588	66
4230	16564	16696	25
4231	16564	17226	66
4232	16571	16579	33
4233	16571	17111	66
4234	16579	16753	66
4235	16604	16649	33
4236	16612	16647	33
4237	16616	17160	33
4238	16621	16898	33
4239	16622	16650	66
4240	16626	16628	33
4241	16627	16650	33
4242	16628	16727	66
4243	16636	16684	50
4244	16637	17127	33
4245	16643	17685	33
4246	16644	16664	33
4247	16645	16662	33
4248	16648	16660	33
4249	16649	16664	33
4250	16656	16734	66
4251	16667	16929	66
4252	16671	17324	66
4253	16681	16719	66
4254	16681	16777	66
4255	16681	17220	33
4256	16683	16727	66
4257	16683	17324	66
4258	16686	16727	33
4259	16693	17655	33
4260	16696	16803	33
4261	16707	16720	33
4262	16714	16903	66
4263	16726	16732	33
4264	16739	18054	66
4265	16741	16888	66
4266	16744	16775	33
4267	16745	16763	33
4268	16745	17275	33
4269	16751	16778	33
4270	16756	16816	66
4271	16759	16777	66
4272	16766	16805	25
4273	16769	16917	25
4274	16775	18044	66
4275	16777	16794	33
4276	16784	16933	33
4277	16801	16814	66
4278	16801	16853	33
4279	16802	16902	33
4280	16824	16850	33
4281	16833	16892	66
4282	16837	16906	66
4283	16845	17344	66
4284	16845	17344	66
4285	16851	16987	66
4286	16852	16935	30
4287	16856	16890	33
4288	16861	16876	33
4289	16861	16972	33
4290	16861	17148	33
4291	16865	16925	25
4292	16865	17031	50
4293	16882	17015	66
4294	16883	16885	66
4295	16887	17179	33
4296	16897	16984	50
4297	16910	16919	33
4298	16910	16926	33
4299	16919	17007	33
4300	16931	16987	33
4301	16931	18269	33
4302	16935	16959	66
4303	16938	17902	66
4304	16957	16977	66
4305	16958	17028	50
4306	16961	17064	33
4307	16970	16981	66
4308	16972	17000	33
4309	16972	17020	33
4310	16972	17020	33
4311	16972	17037	33
4312	16975	17017	33
4313	16977	17055	30
4314	16977	17215	66
4315	16982	16996	33
4316	16982	17014	33
4317	16983	17008	66
4318	16984	17104	33
4319	16986	16999	66
4320	16986	17079	33
4321	16986	17096	33
4322	16990	17104	66
4323	16994	17037	33
4324	16994	17063	33
4325	16995	17056	33
4326	16997	17037	33
4327	16997	17112	33
4328	17003	17014	33
4329	17003	17037	33
4330	17003	17069	33
4331	17009	17022	33
4332	17012	17028	33
4333	17014	17028	66
4334	17015	17025	66
4335	17015	17096	66
4336	17019	17028	66
4337	17024	17344	66
4338	17032	17052	66
4339	17044	17088	66
4340	17046	17114	33
4341	17047	17089	33
4342	17047	17092	33
4343	17047	17131	33
4344	17051	17070	33
4345	17051	17081	33
4346	17051	17121	33
4347	17064	17090	33
4348	17065	17900	66
4349	17069	17229	33
4350	17071	17190	66
4351	17072	17139	66
4352	17072	17180	33
4353	17076	17104	33
4354	17079	17155	33
4355	17092	17356	66
4356	17101	17139	66
4357	17103	17180	33
4358	17106	17112	33
4359	17118	17120	33
4360	17127	17145	33
4361	17129	17142	33
4362	17143	17236	66
4363	17163	17206	33
4364	17166	17314	66
4365	17168	17211	66
4366	17176	17268	66
4367	17185	17210	33
4368	17185	17213	33
4369	17224	17230	33
4370	17229	17235	33
4371	17231	17255	33
4372	17232	17314	66
4373	17248	17259	33
4374	17248	17260	33
4375	17251	17277	33
4376	17252	17334	33
4377	17253	17330	33
4378	17253	17455	66
4379	17256	17346	33
4380	17256	17397	33
4381	17257	17334	33
4382	17257	17346	33
4383	17257	17384	33
4384	17257	17435	33
4385	17260	17317	33
4386	17285	17296	33
4387	17285	17297	33
4388	17294	17308	33
4389	17295	17308	66
4390	17298	17436	66
4391	17314	17320	66
4392	17319	17359	66
4393	17341	17400	33
4394	17350	17631	33
4395	17354	17365	33
4396	17354	17375	33
4397	17354	17384	33
4398	17355	17384	33
4399	17355	17427	33
4400	17356	17381	66
4401	17356	17384	33
4402	17358	17385	66
4403	17364	17541	33
4404	17365	17385	33
4405	17371	17404	33
4406	17378	17442	66
4407	17379	17448	66
4408	17387	17393	30
4409	17390	17466	66
4410	17401	17640	66
4411	17407	17423	33
4412	17409	17439	33
4413	17410	17423	33
4414	17410	17435	33
4415	17410	17436	33
4416	17410	17443	33
4417	17411	17528	33
4418	17421	17585	66
4419	17425	17445	33
4420	17425	17450	33
4421	17435	17443	33
4422	17435	17500	66
4423	17460	17553	66
4424	17463	17537	33
4425	17463	17564	33
4426	17492	17558	33
4427	17493	17503	33
4428	17493	17564	33
4429	17498	17536	30
4430	17503	18301	33
4431	17521	17572	33
4432	17521	17665	33
4433	17526	17585	66
4434	17526	17593	25
4435	17528	18173	33
4436	17531	17610	25
4437	17538	17540	33
4438	17545	17567	33
4439	17545	17592	33
4440	17551	17641	33
4441	17555	17680	33
4442	17577	17625	33
4443	17584	17663	33
4444	17591	17602	33
4445	17595	18171	33
4446	17603	17640	33
4447	17605	17627	33
4448	17605	17635	33
4449	17621	17652	33
4450	17622	17634	33
4451	17631	17704	66
4452	17639	17650	33
4453	17641	17665	33
4454	17641	17687	66
4455	17644	18198	33
4456	17646	17705	33
4457	17652	17721	33
4458	17658	17661	66
4459	17658	17903	33
4460	17661	18818	33
4461	17670	17671	66
4462	17703	17762	33
4463	17716	17764	66
4464	17717	17877	66
4465	17728	17744	33
4466	17744	17765	33
4467	17761	17775	66
4468	17762	17874	33
4469	17764	17824	33
4470	17769	17832	33
4471	17771	17861	33
4472	17772	17855	33
4473	17772	17952	33
4474	17778	17823	66
4475	17783	17832	33
4476	17783	17832	33
4477	17783	17974	33
4478	17783	17982	33
4479	17784	17820	33
4480	17785	17810	33
4481	17785	17815	33
4482	17800	17833	33
4483	17821	17947	66
4484	17824	18311	33
4485	17825	17930	66
4486	17826	18032	66
4487	17830	17981	66
4488	17841	18160	66
4489	17844	17865	33
4490	17844	17865	33
4491	17846	17981	66
4492	17849	17860	33
4493	17858	17971	66
4494	17868	17877	33
4495	17868	17899	33
4496	17869	17884	33
4497	17869	17890	33
4498	17869	17898	33
4499	17869	17903	33
4500	17869	17936	33
4501	17878	17891	33
4502	17878	17891	33
4503	17881	17895	25
4504	17895	18873	33
4505	17896	17984	66
4506	17904	18925	33
4507	17905	17925	33
4508	17905	17940	33
4509	17907	17969	33
4510	17908	17940	33
4511	17920	17990	66
4512	17930	17944	66
4513	17930	17989	66
4514	17930	17990	66
4515	17932	18017	66
4516	17935	17994	66
4517	17940	17956	33
4518	17945	18021	66
4519	17946	17990	66
4520	17948	18019	33
4521	17948	18021	33
4522	17950	18041	66
4523	17956	18160	66
4524	17960	18245	33
4525	18001	18088	66
4526	18001	18155	66
4527	18004	18666	66
4528	18005	18056	66
4529	18011	18067	33
4530	18018	18054	33
4531	18024	18050	33
4532	18024	18056	33
4533	18025	18045	33
4534	18026	18122	25
4535	18041	18128	33
4536	18042	18160	66
4537	18050	18439	66
4538	18055	18555	33
4539	18061	18900	66
4540	18062	18165	66
4541	18063	18211	66
4542	18065	18100	66
4543	18071	18475	33
4544	18072	18088	33
4545	18074	18103	66
4546	18075	18233	33
4547	18079	18219	66
4548	18087	18178	50
4549	18088	18658	66
4550	18097	18281	66
4551	18098	18189	66
4552	18121	18198	66
4553	18122	18198	66
4554	18123	18133	33
4555	18125	18185	33
4556	18132	18236	33
4557	18134	19013	33
4558	18136	18220	25
4559	18143	18172	33
4560	18144	18180	33
4561	18151	18256	66
4562	18153	18171	33
4563	18155	18168	33
4564	18163	18170	33
4565	18166	18374	66
4566	18181	18202	33
4567	18182	18185	33
4568	18186	18309	66
4569	18186	18309	66
4570	18191	18243	33
4571	18199	18321	33
4572	18204	19385	33
4573	18205	18225	33
4574	18208	18219	33
4575	18208	18225	33
4576	18214	18249	33
4577	18214	18258	33
4578	18218	18219	33
4579	18228	18234	33
4580	18229	18264	33
4581	18231	18427	33
4582	18232	18245	33
4583	18232	18304	66
4584	18247	18343	33
4585	18248	18263	33
4586	18250	18558	33
4587	18255	18374	33
4588	18256	18622	33
4589	18266	18286	40
4590	18271	18343	33
4591	18271	18354	33
4592	18271	18368	33
4593	18272	18364	33
4594	18273	18339	66
4595	18275	18331	33
4596	18275	18371	33
4597	18276	18298	33
4598	18276	18360	33
4599	18277	18286	33
4600	18287	19694	33
4601	18290	18305	33
4602	18292	18304	66
4603	18298	18847	33
4604	18305	18323	33
4605	18305	18429	33
4606	18311	18318	33
4607	18311	18319	33
4608	18329	18365	33
4609	18330	18347	33
4610	18335	18358	66
4611	18338	18425	50
4612	18340	18413	33
4613	18349	18419	33
4614	18351	18384	66
4615	18351	18384	66
4616	18356	18424	33
4617	18359	18366	33
4618	18365	18425	33
4619	18368	18384	33
4620	18373	18381	33
4621	18375	18463	33
4622	18376	18400	33
4623	18376	18422	33
4624	18376	18433	33
4625	18380	18400	33
4626	18380	18411	33
4627	18391	18490	66
4628	18394	19419	66
4629	18402	18415	33
4630	18406	18422	33
4631	18411	18429	66
4632	18414	18434	33
4633	18417	18937	66
4634	18422	18433	33
4635	18429	18458	33
4636	18434	18876	33
4637	18437	18519	66
4638	18451	18469	33
4639	18451	18634	33
4640	18452	18594	66
4641	18458	18469	50
4642	18459	18506	66
4643	18459	18530	66
4644	18465	18472	33
4645	18473	18558	33
4646	18474	18496	33
4647	18474	18507	33
4648	18474	18507	33
4649	18474	18518	33
4650	18480	18486	40
4651	18484	18521	33
4652	18485	18521	33
4653	18488	19196	66
4654	18492	18641	66
4655	18495	18505	33
4656	18495	18635	33
4657	18497	18630	33
4658	18498	18522	33
4659	18502	18509	33
4660	18503	18521	33
4661	18504	18514	66
4662	18504	18523	33
4663	18508	18603	33
4664	18513	18609	66
4665	18526	18531	26
4666	18526	18535	33
4667	18534	18553	33
4668	18537	18546	33
4669	18544	18646	66
4670	18545	18558	33
4671	18547	18554	33
4672	18547	18586	50
4673	18556	18571	66
4674	18570	18579	33
4675	18571	18600	33
4676	18582	18583	33
4677	18590	18618	33
4678	18595	18746	66
4679	18599	18607	30
4680	18600	18646	33
4681	18601	18675	33
4682	18601	18777	66
4683	18612	18681	66
4684	18617	18624	33
4685	18617	18638	66
4686	18623	18630	33
4687	18623	18656	33
4688	18625	18665	33
4689	18625	19207	50
4690	18628	18630	66
4691	18630	18645	33
4692	18630	18850	33
4693	18631	18820	66
4694	18640	18733	33
4695	18653	18660	33
4696	18657	20043	66
4697	18661	18707	66
4698	18663	18679	66
4699	18663	18679	66
4700	18677	18765	66
4701	18686	18694	33
4702	18704	18711	33
4703	18709	18868	66
4704	18711	18718	33
4705	18713	18777	66
4706	18717	18752	66
4707	18720	18858	66
4708	18744	18784	33
4709	18752	18779	33
4710	18753	19075	25
4711	18757	18777	33
4712	18777	18782	30
4713	18778	18860	30
4714	18781	18822	66
4715	18781	18868	33
4716	18785	18818	33
4717	18786	18899	33
4718	18790	19487	33
4719	18791	18802	33
4720	18791	18869	66
4721	18791	18949	33
4722	18800	18840	66
4723	18805	18832	33
4724	18829	19238	33
4725	18852	18962	66
4726	18852	19290	33
4727	18878	18947	50
4728	18884	18935	66
4729	18884	18935	66
4730	18884	19102	66
4731	18902	19104	66
4732	18903	18982	33
4733	18904	18922	33
4734	18911	19724	33
4735	18924	18941	66
4736	18924	18955	33
4737	18925	18950	33
4738	18929	18939	33
4739	18946	19003	66
4740	18946	19807	33
4741	18946	20160	33
4742	18947	18962	33
4743	18947	20160	33
4744	18947	20160	33
4745	18947	20160	33
4746	18947	20160	33
4747	18947	20160	33
4748	18947	20160	33
4749	18948	19147	33
4750	18948	20160	33
4751	18948	20160	33
4752	18948	20160	33
4753	18949	20160	66
4754	18961	18989	33
4755	18961	19059	66
4756	18971	19085	25
4757	18972	19061	33
4758	18988	19002	33
4759	18998	19042	66
4760	19010	19055	33
4761	19021	19095	33
4762	19022	19100	30
4763	19067	20160	33
4764	19071	19214	66
4765	19080	19111	33
4766	19090	19168	33
4767	19095	19204	25
4768	19134	19214	30
4769	19144	19213	66
4770	19145	19177	33
4771	19148	19276	66
4772	19150	19173	33
4773	19151	19393	33
4774	19154	19247	33
4775	19158	19215	66
4776	19165	19185	33
4777	19165	19185	33
4778	19167	19509	33
4779	19176	19193	33
4780	19176	19287	66
4781	19177	19272	50
4782	19193	19293	50
4783	19194	19284	33
4784	19195	19241	33
4785	19200	19231	66
4786	19200	19865	66
4787	19201	19229	50
4788	19204	19329	66
4789	19211	19281	33
4790	19217	19226	66
4791	19217	19371	25
4792	19223	19291	33
4793	19225	19255	33
4794	19225	19279	33
4795	19266	19339	66
4796	19266	19350	66
4797	19266	19360	33
4798	19268	19366	33
4799	19272	19390	33
4800	19275	19324	25
4801	19280	19342	33
4802	19285	19311	33
4803	19288	19300	33
4804	19289	19301	33
4805	19289	19301	33
4806	19289	19325	50
4807	19296	19558	66
4808	19297	19374	33
4809	19321	19367	33
4810	19331	19335	25
4811	19338	19396	33
4812	19347	19352	30
4813	19347	19927	33
4814	19349	19361	33
4815	19352	20160	33
4816	19358	19427	50
4817	19368	19418	66
4818	19375	19484	66
4819	19380	19842	66
4820	19381	19429	66
4821	19382	19427	33
4822	19383	19407	33
4823	19383	19427	33
4824	19389	19456	66
4825	19431	19865	66
4826	19432	19435	33
4827	19433	19495	66
4828	19441	19514	33
4829	19441	19544	66
4830	19442	19534	33
4831	19446	19521	33
4832	19449	19717	33
4833	19460	19494	50
4834	19465	19485	33
4835	19465	19485	33
4836	19466	19476	66
4837	19468	19479	33
4838	19469	19507	33
4839	19470	20160	66
4840	19476	20160	33
4841	19495	20160	33
4842	19496	20160	33
4843	19500	19570	66
4844	19501	19612	66
4845	19505	19528	33
4846	19506	19549	66
4847	19510	19529	33
4848	19510	19564	66
4849	19517	20160	33
4850	19522	20160	33
4851	19522	20160	33
4852	19523	19861	33
4853	19524	19556	33
4854	19524	19809	33
4855	19524	20160	33
4856	19524	20160	33
4857	19528	19590	50
4858	19531	19696	66
4859	19534	19799	33
4860	19536	19599	66
4861	19536	20160	33
4862	19537	19609	50
4863	19537	19678	33
4864	19548	19856	66
4865	19548	19856	66
4866	19563	20160	33
4867	19564	19925	66
4868	19564	20160	33
4869	19565	19659	66
4870	19571	19702	33
4871	19573	19609	33
4872	19585	19605	33
4873	19588	19601	33
4874	19600	19638	33
4875	19624	19630	33
4876	19627	20160	33
4877	19644	19649	66
4878	19645	19676	33
4879	19648	19660	33
4880	19658	19667	66
4881	19673	20160	33
4882	19673	20160	33
4883	19681	19727	66
4884	19681	19727	66
4885	19690	19722	66
4886	19690	19749	33
4887	19691	20160	33
4888	19696	19770	66
4889	19696	20160	66
4890	19699	19730	33
4891	19708	19796	30
4892	19712	19794	30
4893	19716	19789	33
4894	19724	20160	66
4895	19726	19755	66
4896	19726	19777	33
4897	19728	19730	66
4898	19734	19751	33
4899	19734	19755	33
4900	19735	19856	66
4901	19735	19866	66
4902	19739	19744	50
4903	19741	19975	66
4904	19741	20160	66
4905	19745	19924	50
4906	19750	19984	33
4907	19755	20160	33
4908	19763	19807	33
4909	19763	20119	33
4910	19769	19770	33
4911	19779	20160	66
4912	19785	19825	66
4913	19801	19834	33
4914	19802	19845	33
4915	19803	19818	33
4916	19805	19858	33
4917	19805	19941	33
4918	19805	19948	33
4919	19806	20160	66
4920	19808	19921	33
4921	19808	20160	66
4922	19809	19985	33
4923	19809	20160	66
4924	19809	20160	66
4925	19809	20160	66
4926	19810	20160	66
4927	19815	19842	33
4928	19818	19831	66
4929	19831	19832	66
4930	19834	19844	66
4931	19851	19954	66
4932	19854	20046	50
4933	19861	20081	66
4934	19861	20160	33
4935	19875	19952	66
4936	19880	20160	66
4937	19890	20046	50
4938	19903	20160	33
4939	19907	19918	66
4940	19911	20160	66
4941	19918	19959	33
4942	19921	19922	66
4943	19922	20002	33
4944	19922	20160	66
4945	19922	20160	66
4946	19922	20160	66
4947	19924	20160	66
4948	19926	20160	30
4949	19940	19956	33
4950	19947	19966	33
4951	19950	19975	66
4952	19950	19999	66
4953	19955	20160	30
4954	19967	20048	66
4955	19975	19976	25
4956	19975	19999	33
4957	19976	20069	66
4958	19978	20000	33
4959	19978	20064	66
4960	19983	20098	33
4961	19986	19988	50
4962	19991	20160	66
4963	19991	20160	66
4964	19994	20160	66
4965	20001	20002	25
4966	20002	20021	33
4967	20005	20035	33
4968	20009	20054	66
4969	20009	20054	66
4970	20009	20160	66
4971	20011	20050	33
4972	20012	20094	30
4973	20014	20021	33
4974	20025	20047	33
4975	20030	20044	66
4976	20040	20125	66
4977	20042	20084	66
4978	20042	20084	66
4979	20045	20143	66
4980	20056	20160	66
4981	20058	20160	33
4982	20060	20080	33
4983	20060	20090	33
4984	20064	20105	33
4985	20069	20081	33
4986	20069	20160	33
4987	20075	20105	66
4988	20075	20160	66
4989	20075	20160	33
4990	20079	20149	50
4991	20087	20160	25
4992	20092	20116	66
4993	20093	20129	66
4994	20101	20160	33
4995	20101	20160	66
4996	20112	20150	33
4997	20125	20145	33
4998	20127	20159	66
4999	20146	20160	25
