5000	100	0	0
0	0	720	33
1	0	722	33
2	0	723	61
3	0	724	33
4	0	724	33
5	0	727	33
6	0	728	33
7	0	729	33
8	0	735	66
9	0	743	33
10	0	745	33
11	0	747	33
12	0	751	33
13	0	754	33
14	0	755	33
15	0	755	33
16	0	755	33
17	0	755	33
18	0	755	33
19	0	755	33
20	0	755	33
21	0	755	33
22	0	755	33
23	0	755	33
24	0	755	33
25	0	755	33
26	0	755	33
27	0	755	33
28	0	755	33
29	0	755	33
30	0	755	33
31	0	755	33
32	0	755	33
33	0	755	33
34	0	755	33
35	0	755	33
36	0	755	33
37	0	755	33
38	0	755	33
39	0	755	33
40	0	755	33
41	0	755	33
42	0	755	33
43	0	755	33
44	0	755	33
45	0	755	33
46	0	755	33
47	0	755	33
48	0	755	33
49	0	755	33
50	0	755	33
51	0	755	33
52	0	755	33
53	0	755	33
54	0	755	33
55	0	755	33
56	0	755	33
57	0	755	33
58	0	755	33
59	0	755	33
60	0	755	33
61	0	755	33
62	0	755	33
63	0	755	33
64	0	755	33
65	0	755	33
66	0	755	33
67	0	755	33
68	0	755	33
69	0	755	33
70	0	755	33
71	0	755	33
72	0	755	33
73	0	755	33
74	0	755	33
75	0	755	33
76	0	755	33
77	0	755	33
78	0	755	33
79	0	755	33
80	0	755	33
81	0	755	33
82	0	755	33
83	0	755	33
84	0	755	33
85	0	755	33
86	0	755	33
87	0	755	33
88	0	755	33
89	0	755	33
90	0	755	33
91	0	755	33
92	0	755	33
93	0	755	33
94	0	755	33
95	0	755	33
96	0	755	33
97	0	755	33
98	0	755	33
99	0	755	33
100	0	755	33
101	0	755	33
102	0	755	33
103	0	755	33
104	0	755	33
105	0	755	33
106	0	755	33
107	0	755	33
108	0	755	33
109	0	755	33
110	0	755	33
111	0	755	33
112	0	755	33
113	0	755	33
114	0	755	33
115	0	755	33
116	0	755	33
117	0	755	33
118	0	758	66
119	0	758	66
120	0	758	66
121	0	758	66
122	0	764	33
123	0	764	33
124	0	766	33
125	0	766	66
126	0	778	66
127	0	781	33
128	0	783	33
129	0	786	33
130	0	788	66
131	0	818	33
132	0	821	33
133	0	845	33
134	0	846	33
135	0	847	33
136	0	859	33
137	0	859	50
138	0	859	50
139	0	862	33
140	0	862	33
141	0	862	33
142	0	862	33
143	0	866	33
144	0	866	33
145	0	873	66
146	0	877	66
147	0	881	66
148	0	892	33
149	0	892	33
150	0	892	33
151	0	892	33
152	0	899	33
153	0	900	33
154	0	907	50
155	0	917	33
156	0	925	33
157	0	927	66
158	0	935	33
159	0	935	33
160	0	941	33
161	0	942	66
162	0	943	33
163	0	943	33
164	0	950	33
165	0	950	66
166	0	953	66
167	0	956	33
168	0	964	33
169	0	970	33
170	0	972	33
171	0	973	33
172	0	973	33
173	0	988	66
174	0	990	33
175	0	1004	66
176	0	1013	66
177	0	1013	66
178	0	1013	66
179	0	1013	66
180	0	1013	66
181	0	1013	66
182	0	1013	66
183	0	1018	33
184	0	1019	66
185	0	1020	33
186	0	1020	33
187	0	1020	33
188	0	1020	33
189	0	1021	33
190	0	1022	61
191	0	1023	61
192	0	1023	66
193	0	1043	30
194	0	1044	33
195	0	1045	66
196	0	1046	33
197	0	1046	33
198	0	1051	66
199	0	1052	33
200	0	1059	33
201	0	1073	33
202	0	1076	66
203	0	1076	66
204	0	1081	66
205	0	1086	33
206	0	1087	66
207	0	1101	66
208	0	1101	66
209	0	1107	33
210	0	1108	66
211	0	1133	25
212	0	1140	33
213	0	1140	33
214	0	1140	30
215	0	1141	33
216	0	1141	33
217	0	1141	33
218	0	1141	33
219	0	1141	33
220	0	1141	33
221	0	1141	33
222	0	1141	33
223	0	1141	33
224	0	1141	33
225	0	1141	33
226	0	1141	33
227	0	1141	33
228	0	1141	33
229	0	1141	33
230	0	1141	33
231	0	1141	33
232	0	1141	33
233	0	1141	33
234	0	1141	33
235	0	1141	33
236	0	1141	33
237	0	1141	33
238	0	1141	33
239	0	1141	33
240	0	1141	33
241	0	1142	33
242	0	1142	33
243	0	1142	33
244	0	1142	33
245	0	1142	33
246	0	1142	33
247	0	1142	33
248	0	1142	33
249	0	1142	33
250	0	1142	33
251	0	1142	33
252	0	1142	33
253	0	1142	33
254	0	1142	33
255	0	1142	33
256	0	1142	33
257	0	1142	33
258	0	1142	33
259	0	1142	33
260	0	1142	33
261	0	1142	33
262	0	1142	33
263	0	1142	33
264	0	1142	33
265	0	1142	33
266	0	1143	33
267	0	1143	33
268	0	1146	33
269	0	1147	33
270	0	1147	33
271	0	1150	30
272	0	1150	33
273	0	1150	30
274	0	1153	33
275	0	1156	33
276	0	1156	33
277	0	1157	33
278	0	1157	33
279	0	1157	33
280	0	1157	33
281	0	1157	33
282	0	1157	33
283	0	1157	33
284	0	1157	33
285	0	1157	33
286	0	1157	33
287	0	1157	33
288	0	1157	33
289	0	1157	33
290	0	1157	33
291	0	1157	33
292	0	1157	33
293	0	1157	33
294	0	1157	33
295	0	1157	33
296	0	1157	33
297	0	1157	33
298	0	1157	33
299	0	1158	33
300	0	1158	33
301	0	1158	33
302	0	1158	33
303	0	1158	33
304	0	1158	33
305	0	1158	33
306	0	1158	33
307	0	1158	33
308	0	1158	33
309	0	1159	33
310	0	1160	66
311	0	1160	66
312	0	1160	33
313	0	1161	30
314	0	1171	50
315	0	1171	33
316	0	1174	33
317	0	1180	33
318	0	1198	30
319	0	1198	30
320	0	1199	30
321	0	1200	33
322	0	1203	66
323	0	1206	30
324	0	1208	33
325	0	1209	33
326	0	1214	33
327	0	1215	33
328	0	1217	33
329	0	1219	33
330	0	1228	33
331	0	1228	66
332	0	1230	66
333	0	1242	30
334	0	1247	33
335	0	1247	33
336	0	1247	33
337	0	1249	30
338	0	1249	66
339	0	1257	33
340	0	1260	33
341	0	1273	33
342	0	1304	30
343	0	1304	30
344	0	1321	33
345	0	1321	33
346	0	1321	33
347	0	1331	30
348	0	1333	30
349	0	1334	30
350	0	1336	66
351	0	1381	33
352	0	1381	33
353	0	1384	33
354	0	1384	33
355	0	1386	33
356	0	1390	66
357	0	1390	66
358	0	1390	66
359	0	1390	66
360	0	1390	66
361	0	1390	66
362	0	1390	66
363	0	1390	66
364	0	1390	66
365	0	1390	33
366	0	1390	33
367	0	1391	66
368	0	1417	50
369	0	1418	66
370	0	1418	66
371	0	1418	66
372	0	1418	66
373	0	1418	66
374	0	1418	66
375	0	1418	66
376	0	1418	66
377	0	1418	66
378	0	1418	66
379	0	1418	66
380	0	1418	66
381	0	1418	66
382	0	1418	66
383	0	1418	66
384	0	1418	66
385	0	1418	66
386	0	1418	66
387	0	1426	30
388	0	1435	33
389	4	908	33
390	13	1116	33
391	15	1310	66
392	24	854	66
393	44	1476	33
394	60	1447	33
395	61	1311	33
396	61	1311	33
397	61	1311	33
398	73	860	25
399	73	860	50
400	74	860	50
401	74	860	25
402	79	1085	33
403	85	878	33
404	97	932	33
405	100	1203	66
406	100	1203	66
407	104	878	33
408	107	1536	33
409	107	1536	33
410	111	878	33
411	115	1072	33
412	118	878	33
413	120	878	33
414	120	1382	66
415	121	878	33
416	121	878	33
417	121	878	33
418	121	878	33
419	121	878	33
420	121	878	33
421	122	1380	66
422	122	1380	66
423	122	1380	66
424	122	1381	66
425	122	1381	66
426	122	1381	66
427	124	878	33
428	126	937	33
429	126	937	33
430	127	878	33
431	145	1308	33
432	147	937	33
433	151	937	33
434	158	1043	66
435	158	1157	66
436	158	1157	66
437	158	1157	66
438	161	1030	66
439	161	1030	66
440	162	1117	33
441	162	1147	33
442	162	1247	33
443	162	1247	33
444	162	1247	33
445	162	1311	33
446	165	1043	66
447	171	1025	66
448	171	1034	66
449	199	1036	66
450	201	1142	66
451	201	1142	66
452	204	961	33
453	204	990	33
454	212	1473	33
455	213	1473	66
456	214	1045	66
457	214	1142	66
458	214	1142	66
459	214	1145	66
460	215	1037	66
461	215	1129	33
462	215	1193	33
463	216	1141	66
464	216	1141	66
465	216	1141	66
466	216	1141	66
467	216	1141	66
468	216	1141	66
469	216	1142	66
470	216	1142	66
471	216	1142	66
472	216	1142	66
473	216	1142	66
474	217	1156	66
475	218	1158	66
476	218	1160	66
477	221	1138	50
478	222	1147	33
479	222	1311	33
480	222	1311	33
481	222	1311	33
482	223	1043	66
483	223	1043	66
484	223	1157	66
485	247	1043	66
486	247	1043	66
487	248	1660	66
488	249	998	33
489	249	1060	66
490	249	1101	33
491	249	1101	33
492	249	1260	33
493	252	1141	33
494	252	1142	33
495	252	1142	33
496	252	1162	33
497	252	1218	33
498	252	1651	33
499	253	1087	33
500	253	1141	33
501	253	1141	33
502	253	1142	33
503	253	1291	33
504	253	1320	33
505	254	1141	33
506	254	1168	33
507	261	1043	66
508	261	1043	66
509	261	1082	33
510	261	1095	33
511	261	1115	33
512	261	1141	33
513	261	1141	33
514	261	1141	33
515	261	1141	33
516	261	1141	33
517	261	1141	33
518	261	1142	33
519	261	1142	33
520	261	1142	33
521	261	1142	33
522	261	1142	33
523	261	1142	33
524	261	1142	33
525	261	1142	33
526	261	1142	33
527	261	1142	33
528	261	1142	33
529	261	1142	33
530	261	1142	33
531	261	1142	33
532	261	1142	33
533	261	1142	33
534	261	1142	33
535	261	1142	33
536	261	1142	33
537	261	1142	33
538	261	1142	33
539	261	1144	33
540	261	1144	33
541	261	1156	66
542	261	1159	66
543	261	1205	33
544	261	1205	33
545	261	1205	33
546	261	1215	33
547	261	1215	33
548	261	1215	33
549	261	1217	33
550	261	1217	33
551	261	1286	33
552	261	1387	33
553	264	1411	33
554	267	1157	66
555	267	1157	66
556	275	1041	66
557	275	1362	66
558	282	1044	33
559	282	1068	33
560	282	1142	33
561	282	1142	33
562	282	1142	33
563	282	1142	33
564	282	1142	33
565	282	1142	33
566	282	1142	33
567	282	1142	33
568	282	1142	33
569	282	1142	33
570	282	1142	33
571	282	1142	33
572	282	1142	33
573	282	1142	33
574	282	1142	33
575	282	1142	33
576	282	1142	33
577	282	1142	33
578	282	1142	33
579	282	1142	33
580	282	1142	33
581	282	1142	33
582	282	1142	33
583	282	1142	33
584	282	1142	33
585	282	1142	33
586	282	1205	33
587	282	1217	33
588	282	1320	33
589	282	1696	33
590	282	1696	33
591	283	1157	33
592	284	1157	33
593	284	1157	33
594	284	1157	33
595	284	1157	33
596	284	1157	33
597	284	1158	33
598	284	1158	33
599	285	1161	33
600	301	1021	33
601	303	1270	33
602	313	1140	66
603	313	1141	66
604	313	1141	66
605	313	1141	66
606	313	1141	66
607	313	1141	66
608	313	1141	66
609	313	1141	66
610	313	1141	66
611	313	1141	66
612	313	1501	66
613	314	1042	66
614	314	1045	66
615	315	1157	33
616	316	1040	66
617	316	1040	66
618	316	1040	66
619	317	1095	33
620	327	1376	33
621	338	1470	33
622	348	1481	33
623	352	1085	33
624	352	1628	33
625	352	1628	33
626	352	1628	66
627	357	1672	66
628	361	1444	33
629	368	1669	33
630	368	1669	33
631	369	1141	66
632	369	1141	66
633	376	1626	66
634	376	1626	66
635	377	1156	33
636	377	1157	33
637	377	1157	33
638	377	1157	33
639	377	1157	33
640	377	1157	33
641	377	1157	33
642	377	1157	33
643	377	1157	33
644	377	1157	33
645	377	1157	33
646	377	1157	33
647	377	1157	33
648	377	1157	33
649	377	1157	33
650	377	1158	33
651	377	1158	33
652	377	1158	33
653	377	1158	33
654	377	1158	33
655	377	1158	33
656	378	1150	33
657	378	1157	33
658	384	1752	33
659	385	1451	30
660	387	1202	60
661	409	1845	66
662	413	1850	66
663	414	1839	66
664	415	1157	33
665	415	1157	33
666	415	1158	33
667	415	1158	33
668	415	1159	33
669	415	1163	33
670	417	1140	33
671	417	1141	33
672	417	1141	33
673	417	1141	33
674	417	1141	33
675	417	1141	33
676	417	1141	33
677	417	1141	33
678	417	1141	33
679	417	1141	33
680	417	1141	33
681	417	1141	33
682	417	1142	33
683	417	1142	33
684	417	1142	33
685	417	1142	33
686	417	1142	33
687	417	1142	33
688	417	1210	33
689	417	1501	33
690	417	1501	33
691	420	1298	33
692	424	1171	33
693	427	1153	33
694	427	1156	33
695	427	1157	33
696	427	1157	33
697	427	1157	33
698	427	1157	33
699	427	1157	33
700	427	1157	33
701	427	1157	33
702	427	1157	33
703	427	1157	33
704	427	1157	33
705	427	1157	33
706	427	1158	33
707	427	1158	33
708	427	1158	33
709	427	1158	33
710	427	1158	33
711	427	1158	33
712	427	1158	33
713	427	1158	33
714	427	1158	33
715	427	1158	33
716	427	1158	33
717	427	1158	33
718	427	1158	33
719	427	1338	33
720	427	1449	33
721	427	1449	33
722	428	1254	33
723	434	1324	33
724	434	1428	33
725	434	1588	33
726	440	1604	33
727	458	1205	33
728	458	1521	33
729	458	1738	33
730	458	1738	33
731	464	1302	33
732	464	1338	33
733	530	1409	25
734	532	1408	25
735	532	1408	25
736	532	1408	25
737	532	1408	25
738	533	1408	25
739	533	1408	25
740	533	1408	25
741	533	1408	25
742	537	1891	33
743	538	1321	33
744	538	1321	33
745	538	1321	33
746	538	1375	33
747	538	1375	33
748	538	1898	33
749	543	1980	33
750	543	1980	33
751	570	2002	33
752	572	1294	33
753	572	1322	33
754	572	1443	33
755	572	1501	33
756	572	1645	33
757	572	1944	33
758	579	1727	66
759	584	1727	66
760	585	1727	66
761	589	1863	66
762	593	1541	66
763	601	1343	33
764	603	1516	33
765	609	1414	33
766	609	1428	33
767	609	1428	33
768	609	1575	33
769	609	1578	33
770	609	1581	33
771	613	1337	33
772	613	1696	33
773	613	1753	33
774	616	1385	33
775	617	1440	33
776	617	1809	33
777	617	1865	33
778	617	2046	33
779	619	1543	33
780	619	1662	33
781	619	1998	33
782	621	1706	33
783	627	1380	33
784	627	1774	33
785	628	1501	33
786	641	1736	33
787	663	1623	30
788	664	1944	66
789	666	1865	66
790	666	1984	66
791	666	1985	66
792	666	1985	66
793	667	1910	33
794	685	1976	33
795	687	2081	50
796	690	1621	66
797	690	1626	66
798	690	1631	66
799	691	1561	33
800	691	1561	33
801	691	1631	66
802	691	1641	66
803	691	1669	66
804	696	1834	33
805	698	1476	33
806	703	1834	33
807	703	1834	33
808	711	1591	33
809	721	1687	33
810	721	2141	33
811	722	2143	33
812	723	1463	25
813	723	1539	25
814	726	1744	66
815	726	1746	66
816	735	1850	33
817	751	1502	30
818	751	1502	30
819	756	1531	33
820	756	1651	33
821	756	1752	66
822	758	2144	33
823	759	1502	66
824	766	1901	33
825	766	1901	33
826	766	1901	33
827	767	1901	33
828	767	1901	33
829	767	1901	33
830	767	1901	33
831	767	1901	33
832	767	1901	33
833	767	1901	33
834	768	1905	33
835	781	1503	33
836	781	1620	66
837	781	1620	66
838	785	1986	66
839	785	1986	66
840	786	1580	33
841	786	1580	33
842	805	1564	66
843	805	1565	66
844	805	1565	66
845	805	1566	66
846	805	1566	66
847	808	1776	33
848	808	1785	33
849	811	1680	33
850	811	1680	33
851	813	1725	33
852	816	1901	33
853	816	1901	33
854	816	1901	33
855	816	1901	33
856	816	1901	33
857	816	1901	33
858	816	1901	33
859	816	1901	33
860	816	1901	33
861	816	1901	33
862	816	1901	33
863	816	1901	33
864	816	1901	33
865	816	1901	33
866	816	1901	33
867	816	1901	33
868	816	1901	33
869	816	1901	33
870	816	1905	33
871	816	1905	33
872	817	1901	33
873	817	1901	33
874	817	1901	33
875	817	1901	33
876	817	1901	33
877	817	1901	33
878	817	1901	33
879	817	1901	33
880	817	1901	33
881	817	1901	33
882	817	1901	33
883	817	1901	33
884	817	1901	33
885	817	1901	33
886	817	1901	33
887	817	1901	33
888	817	1905	33
889	817	1905	33
890	817	1905	33
891	817	1905	33
892	817	1905	33
893	818	1901	33
894	818	1901	33
895	818	1901	33
896	818	1901	33
897	818	1901	33
898	818	1901	33
899	818	1901	33
900	818	1901	33
901	818	1901	33
902	818	1901	33
903	818	1901	33
904	819	1901	33
905	819	1901	33
906	819	1901	33
907	819	1901	33
908	819	1901	33
909	819	1901	33
910	819	1901	33
911	819	1901	33
912	819	1901	33
913	819	1901	33
914	819	1901	33
915	819	1901	33
916	819	1901	33
917	819	1901	33
918	819	1901	33
919	819	1901	33
920	819	1901	33
921	819	1901	33
922	820	1901	33
923	820	1901	33
924	820	1901	33
925	820	1901	33
926	820	1901	33
927	820	1901	33
928	820	1901	33
929	820	1901	33
930	820	1901	33
931	820	1901	33
932	820	1904	33
933	820	1904	33
934	820	1904	33
935	820	1904	33
936	820	1904	33
937	821	1901	33
938	821	1901	33
939	821	1901	33
940	821	1901	33
941	821	1901	33
942	821	1901	33
943	821	1901	33
944	821	1901	33
945	823	1573	66
946	841	1594	33
947	845	1634	33
948	845	2022	33
949	873	1622	33
950	884	1908	33
951	905	1859	33
952	911	2026	66
953	911	2026	66
954	911	2026	66
955	911	2026	66
956	911	2026	66
957	911	2026	66
958	915	1646	66
959	921	1652	66
960	922	1843	33
961	926	2026	66
962	926	2026	66
963	926	2026	66
964	926	2026	66
965	926	2026	66
966	926	2026	66
967	926	2026	66
968	933	1901	33
969	933	1901	33
970	933	1901	33
971	933	1901	33
972	945	1772	25
973	954	1738	33
974	954	2040	33
975	955	1956	66
976	958	1862	33
977	958	1862	33
978	958	2044	33
979	966	2181	33
980	967	1872	33
981	967	1891	33
982	967	1956	33
983	967	1957	33
984	967	2221	33
985	967	2223	33
986	967	2223	33
987	967	2223	33
988	977	1976	66
989	989	1869	33
990	992	1775	33
991	993	2017	33
992	1001	2013	66
993	1005	2161	33
994	1005	2161	33
995	1006	2224	66
996	1007	2037	66
997	1007	2050	66
998	1007	2283	33
999	1009	2045	33
1000	1009	2207	66
1001	1018	1839	66
1002	1018	1944	66
1003	1019	2130	66
1004	1025	2180	66
1005	1033	2140	33
1006	1034	2086	66
1007	1039	2105	66
1008	1039	2105	66
1009	1045	2203	66
1010	1052	2327	66
1011	1068	1887	33
1012	1068	1887	33
1013	1068	1887	33
1014	1070	2222	66
1015	1070	2391	25
1016	1075	2300	25
1017	1079	1887	33
1018	1079	1887	33
1019	1079	1887	33
1020	1081	1887	33
1021	1094	2132	33
1022	1094	2300	25
1023	1094	2300	25
1024	1100	2140	33
1025	1137	2504	66
1026	1142	1922	33
1027	1142	1950	33
1028	1142	2162	33
1029	1146	2216	33
1030	1146	2293	33
1031	1149	2037	66
1032	1152	2068	33
1033	1152	2098	33
1034	1152	2273	33
1035	1152	2273	33
1036	1156	2155	33
1037	1156	2159	33
1038	1157	1922	33
1039	1157	2282	33
1040	1158	2119	33
1041	1159	2109	33
1042	1159	2119	33
1043	1159	2119	33
1044	1166	2300	25
1045	1166	2301	25
1046	1167	2301	25
1047	1167	2301	25
1048	1168	2301	25
1049	1177	1901	33
1050	1177	1901	33
1051	1177	1901	33
1052	1177	1901	33
1053	1177	1905	33
1054	1177	1905	33
1055	1177	1905	33
1056	1178	1901	33
1057	1178	1901	33
1058	1178	1901	33
1059	1178	1901	33
1060	1178	1905	33
1061	1179	1901	33
1062	1179	1901	33
1063	1179	1901	33
1064	1179	1901	33
1065	1179	1901	33
1066	1179	1901	33
1067	1180	1901	33
1068	1180	1901	33
1069	1180	1901	33
1070	1180	1901	33
1071	1180	1901	33
1072	1181	1901	33
1073	1181	1901	33
1074	1181	1901	33
1075	1181	1901	33
1076	1181	1901	33
1077	1181	1901	33
1078	1181	1901	33
1079	1181	1904	33
1080	1181	1904	33
1081	1191	2129	33
1082	1203	2223	66
1083	1215	2057	33
1084	1219	2041	66
1085	1219	2101	66
1086	1219	2171	66
1087	1219	2222	66
1088	1219	2222	66
1089	1219	2505	66
1090	1222	1951	66
1091	1222	1988	66
1092	1222	1998	66
1093	1222	1998	66
1094	1222	1998	66
1095	1222	2018	66
1096	1222	2018	66
1097	1222	2024	66
1098	1222	2479	66
1099	1222	2494	66
1100	1222	2494	66
1101	1222	2494	66
1102	1222	2494	66
1103	1222	2494	66
1104	1222	2495	66
1105	1222	2495	66
1106	1222	2495	66
1107	1222	2495	66
1108	1224	2029	33
1109	1226	2642	33
1110	1228	2149	66
1111	1240	2173	66
1112	1242	2011	66
1113	1242	2044	66
1114	1242	2433	66
1115	1242	2478	66
1116	1242	2478	66
1117	1242	2478	66
1118	1242	2478	66
1119	1242	2479	66
1120	1242	2494	66
1121	1242	2494	66
1122	1242	2494	66
1123	1242	2494	66
1124	1242	2495	66
1125	1242	2495	66
1126	1242	2495	66
1127	1244	1986	66
1128	1247	2060	33
1129	1247	2060	33
1130	1247	2064	33
1131	1260	2444	66
1132	1263	2280	66
1133	1282	2051	33
1134	1283	2204	33
1135	1297	2098	33
1136	1298	2129	33
1137	1298	2253	33
1138	1299	2099	33
1139	1299	2108	33
1140	1299	2119	33
1141	1299	2119	33
1142	1299	2129	33
1143	1299	2159	33
1144	1299	2159	33
1145	1311	2270	66
1146	1311	2270	66
1147	1311	2270	66
1148	1311	2270	66
1149	1312	2270	66
1150	1312	2270	66
1151	1312	2270	66
1152	1312	2270	66
1153	1312	2270	66
1154	1313	2061	66
1155	1313	2270	66
1156	1313	2270	66
1157	1313	2270	66
1158	1313	2270	66
1159	1313	2270	66
1160	1313	2270	66
1161	1313	2270	66
1162	1313	2270	66
1163	1313	2270	66
1164	1313	2270	66
1165	1313	2270	66
1166	1313	2270	66
1167	1318	2270	66
1168	1318	2270	66
1169	1318	2270	66
1170	1318	2270	66
1171	1318	2270	66
1172	1318	2270	66
1173	1322	2060	66
1174	1322	2060	66
1175	1322	2060	66
1176	1322	2060	66
1177	1322	2060	66
1178	1322	2060	66
1179	1322	2060	66
1180	1322	2060	66
1181	1322	2060	66
1182	1322	2060	66
1183	1322	2060	66
1184	1322	2060	66
1185	1322	2060	66
1186	1322	2060	66
1187	1322	2062	66
1188	1322	2062	66
1189	1322	2062	66
1190	1322	2062	66
1191	1322	2062	66
1192	1322	2062	66
1193	1322	2062	66
1194	1322	2062	66
1195	1322	2062	66
1196	1322	2062	66
1197	1322	2062	66
1198	1322	2062	66
1199	1322	2062	66
1200	1322	2062	66
1201	1322	2062	66
1202	1322	2062	66
1203	1322	2062	66
1204	1322	2062	66
1205	1322	2062	66
1206	1322	2062	66
1207	1322	2063	66
1208	1322	2063	66
1209	1322	2063	66
1210	1322	2063	66
1211	1322	2063	66
1212	1322	2063	66
1213	1322	2063	66
1214	1322	2063	66
1215	1322	2063	66
1216	1322	2063	66
1217	1322	2063	66
1218	1322	2063	66
1219	1322	2063	66
1220	1322	2063	66
1221	1322	2063	66
1222	1322	2063	66
1223	1322	2063	66
1224	1327	2270	66
1225	1327	2270	66
1226	1330	2270	66
1227	1330	2270	66
1228	1330	2270	66
1229	1331	2222	66
1230	1331	2270	66
1231	1331	2270	66
1232	1335	2271	66
1233	1335	2271	66
1234	1335	2271	66
1235	1335	2271	66
1236	1335	2271	66
1237	1335	2271	66
1238	1335	2271	66
1239	1336	2270	66
1240	1336	2270	66
1241	1336	2270	66
1242	1336	2270	66
1243	1336	2270	66
1244	1336	2270	66
1245	1336	2270	66
1246	1336	2270	66
1247	1336	2270	66
1248	1336	2270	66
1249	1342	2270	66
1250	1342	2270	66
1251	1342	2270	66
1252	1342	2270	66
1253	1342	2270	66
1254	1342	2270	66
1255	1342	2270	66
1256	1342	2270	66
1257	1342	2270	66
1258	1343	2403	33
1259	1347	2257	33
1260	1350	2272	66
1261	1350	2272	66
1262	1350	2272	66
1263	1350	2272	66
1264	1350	2272	66
1265	1350	2272	66
1266	1350	2272	66
1267	1350	2272	66
1268	1352	2272	66
1269	1352	2272	66
1270	1352	2272	66
1271	1352	2272	66
1272	1352	2272	66
1273	1353	2272	66
1274	1353	2272	66
1275	1353	2272	66
1276	1353	2272	66
1277	1353	2272	66
1278	1353	2272	66
1279	1360	2272	66
1280	1360	2272	66
1281	1360	2272	66
1282	1360	2272	66
1283	1361	2314	33
1284	1378	2098	33
1285	1378	2129	33
1286	1378	2129	33
1287	1381	2129	33
1288	1383	2341	33
1289	1392	2441	66
1290	1394	2824	33
1291	1394	2824	33
1292	1399	2824	33
1293	1399	2824	33
1294	1411	2270	33
1295	1417	2519	66
1296	1437	2359	33
1297	1441	2289	33
1298	1441	2289	33
1299	1441	2292	33
1300	1441	2300	50
1301	1444	2881	33
1302	1445	2855	33
1303	1467	2556	33
1304	1488	2710	33
1305	1499	2300	25
1306	1544	2888	50
1307	1561	2821	66
1308	1562	2286	66
1309	1562	2820	66
1310	1605	2418	66
1311	1620	2353	66
1312	1622	2421	66
1313	1633	2397	33
1314	1633	2444	33
1315	1634	2814	33
1316	1635	2585	33
1317	1635	2824	33
1318	1635	2894	33
1319	1636	2555	33
1320	1636	2786	33
1321	1636	2882	33
1322	1658	2489	66
1323	1684	2498	33
1324	1684	2717	33
1325	1684	2718	33
1326	1684	2718	33
1327	1684	2741	33
1328	1684	2761	33
1329	1684	3076	33
1330	1695	2489	66
1331	1706	2822	25
1332	1710	2527	33
1333	1710	2546	33
1334	1712	2753	33
1335	1712	2753	33
1336	1712	2753	33
1337	1712	2753	33
1338	1722	2499	66
1339	1726	2504	33
1340	1726	2508	33
1341	1730	2824	33
1342	1730	2824	33
1343	1730	2824	33
1344	1730	2824	33
1345	1730	2824	33
1346	1730	2824	33
1347	1730	2824	33
1348	1738	2650	33
1349	1738	2751	33
1350	1738	2902	33
1351	1738	2902	33
1352	1738	2902	33
1353	1741	2582	30
1354	1741	2582	30
1355	1741	2603	33
1356	1749	2915	66
1357	1749	2915	66
1358	1749	2915	66
1359	1749	2915	66
1360	1784	2712	33
1361	1793	3069	66
1362	1793	3069	33
1363	1793	3069	66
1364	1793	3069	66
1365	1807	2885	33
1366	1810	3005	66
1367	1812	2540	33
1368	1812	2561	33
1369	1816	2591	33
1370	1816	2591	33
1371	1816	3067	66
1372	1816	3067	66
1373	1817	2797	33
1374	1817	2797	33
1375	1817	3045	33
1376	1819	2694	33
1377	1819	2823	33
1378	1820	2672	33
1379	1820	2672	33
1380	1821	3092	33
1381	1822	3216	33
1382	1823	2977	33
1383	1827	2694	33
1384	1828	2707	33
1385	1833	3178	33
1386	1833	3212	33
1387	1835	2819	33
1388	1835	2819	33
1389	1838	3257	33
1390	1844	2704	33
1391	1844	2704	33
1392	1856	3262	33
1393	1857	2675	33
1394	1857	3211	33
1395	1860	2580	33
1396	1867	3058	33
1397	1877	2869	33
1398	1881	2762	33
1399	1915	3142	33
1400	1920	2778	33
1401	1920	2815	33
1402	1920	3063	33
1403	1927	2956	33
1404	1927	2956	33
1405	1935	2885	33
1406	1935	2926	33
1407	1944	3207	66
1408	1951	3299	66
1409	1953	2707	33
1410	1956	2885	33
1411	1964	3121	33
1412	1983	3112	33
1413	1983	3112	33
1414	1984	2962	66
1415	1984	2962	66
1416	1997	2966	33
1417	1997	2966	33
1418	1997	3431	33
1419	2007	3441	33
1420	2008	3323	33
1421	2044	3014	33
1422	2044	3025	33
1423	2044	3025	33
1424	2046	2864	33
1425	2046	3014	33
1426	2046	3014	33
1427	2046	3014	33
1428	2046	3017	33
1429	2046	3021	33
1430	2046	3025	33
1431	2046	3032	33
1432	2057	3309	66
1433	2058	2984	33
1434	2058	3036	33
1435	2058	3087	33
1436	2058	3149	33
1437	2058	3210	33
1438	2058	3474	33
1439	2064	3449	33
1440	2069	3440	33
1441	2075	2834	66
1442	2075	3115	66
1443	2084	3033	33
1444	2084	3103	33
1445	2090	2890	30
1446	2096	3139	33
1447	2101	3121	33
1448	2102	2942	33
1449	2103	3064	66
1450	2103	3065	66
1451	2103	3066	66
1452	2129	3323	33
1453	2130	3094	66
1454	2131	3060	66
1455	2131	3066	66
1456	2131	3066	66
1457	2131	3094	66
1458	2134	3320	33
1459	2156	3051	33
1460	2161	2881	25
1461	2161	2960	33
1462	2162	2883	25
1463	2162	3123	33
1464	2162	3529	33
1465	2162	3529	33
1466	2163	2945	66
1467	2163	2984	25
1468	2166	2957	33
1469	2179	3232	33
1470	2187	3213	66
1471	2194	3353	33
1472	2196	3121	33
1473	2203	3095	33
1474	2203	3095	33
1475	2203	3095	33
1476	2204	3095	33
1477	2210	3166	33
1478	2216	3075	33
1479	2218	2942	33
1480	2220	3120	33
1481	2221	2942	33
1482	2221	3060	66
1483	2221	3061	50
1484	2221	3529	33
1485	2221	3529	33
1486	2222	3529	33
1487	2224	3223	33
1488	2225	3189	25
1489	2226	3392	33
1490	2227	3331	33
1491	2227	3331	33
1492	2252	3163	30
1493	2252	3576	33
1494	2263	3012	66
1495	2270	3396	66
1496	2280	3002	33
1497	2281	3022	33
1498	2281	3061	30
1499	2283	3263	66
1500	2292	3350	33
1501	2302	3447	66
1502	2307	3338	33
1503	2307	3353	33
1504	2308	3299	33
1505	2316	3728	33
1506	2316	3728	33
1507	2327	3502	33
1508	2327	3502	33
1509	2340	3071	33
1510	2340	3071	33
1511	2343	3244	33
1512	2345	3085	66
1513	2353	3075	33
1514	2354	3320	33
1515	2376	3321	33
1516	2379	3453	33
1517	2388	3521	33
1518	2406	3442	33
1519	2410	3241	66
1520	2410	3300	33
1521	2413	3366	66
1522	2422	3447	66
1523	2432	3376	33
1524	2456	3421	66
1525	2458	3601	66
1526	2462	3857	33
1527	2462	3857	33
1528	2464	3779	33
1529	2471	3511	33
1530	2477	3401	33
1531	2495	3446	33
1532	2496	3547	66
1533	2506	3445	66
1534	2508	3774	33
1535	2509	3908	33
1536	2511	3864	33
1537	2511	3864	33
1538	2512	3300	66
1539	2517	3856	33
1540	2517	3856	33
1541	2517	3856	33
1542	2518	3731	33
1543	2518	3864	33
1544	2518	3864	33
1545	2519	3423	66
1546	2519	3589	33
1547	2519	3856	33
1548	2519	3856	33
1549	2526	3676	66
1550	2528	3491	66
1551	2532	3741	50
1552	2534	3741	25
1553	2535	3970	33
1554	2541	3623	66
1555	2546	3495	66
1556	2549	3355	33
1557	2549	3630	66
1558	2553	3351	50
1559	2569	3398	66
1560	2569	3398	66
1561	2569	3398	66
1562	2571	3538	66
1563	2596	3706	33
1564	2596	3706	33
1565	2631	3522	66
1566	2632	3583	66
1567	2635	3740	33
1568	2638	4024	33
1569	2638	4024	33
1570	2641	3448	66
1571	2641	3448	66
1572	2641	3448	66
1573	2641	3448	66
1574	2643	3449	66
1575	2643	3449	66
1576	2643	3449	66
1577	2643	3449	66
1578	2643	3449	66
1579	2643	3449	66
1580	2643	3449	66
1581	2644	3449	66
1582	2644	3449	66
1583	2644	3449	66
1584	2644	3449	66
1585	2647	3449	66
1586	2647	3449	66
1587	2650	3448	66
1588	2650	3448	66
1589	2650	3448	66
1590	2650	3448	66
1591	2650	3448	66
1592	2650	3448	66
1593	2650	3448	66
1594	2650	3448	66
1595	2650	3448	66
1596	2650	3448	66
1597	2650	3448	66
1598	2650	3448	66
1599	2650	3448	66
1600	2650	3449	66
1601	2650	3449	66
1602	2650	3449	66
1603	2650	3449	66
1604	2650	3449	66
1605	2650	3449	66
1606	2650	3449	66
1607	2650	3449	66
1608	2650	3449	66
1609	2650	3449	66
1610	2650	3449	66
1611	2650	3449	66
1612	2650	3449	66
1613	2650	3449	66
1614	2650	3449	66
1615	2650	3449	66
1616	2650	3449	66
1617	2650	3449	66
1618	2650	3449	66
1619	2650	3449	66
1620	2650	3449	66
1621	2650	3449	66
1622	2651	3448	66
1623	2651	3448	66
1624	2651	3448	66
1625	2651	3448	66
1626	2653	3449	66
1627	2653	3449	66
1628	2653	3449	66
1629	2653	3449	66
1630	2670	3579	66
1631	2680	3444	66
1632	2680	3444	66
1633	2680	3444	66
1634	2680	3444	66
1635	2680	3444	66
1636	2680	3444	66
1637	2680	3445	66
1638	2680	3445	66
1639	2680	3445	66
1640	2680	3445	66
1641	2680	3445	66
1642	2680	3445	66
1643	2680	3445	66
1644	2680	3445	66
1645	2681	3444	66
1646	2681	3444	66
1647	2681	3444	66
1648	2682	3445	66
1649	2682	3445	66
1650	2682	3445	66
1651	2682	3445	66
1652	2682	3445	66
1653	2682	3445	66
1654	2682	3786	33
1655	2682	3786	33
1656	2684	3444	66
1657	2684	3444	66
1658	2684	3444	66
1659	2684	3444	66
1660	2684	3444	66
1661	2684	3444	66
1662	2684	3444	66
1663	2735	3606	66
1664	2742	3629	66
1665	2751	4157	33
1666	2824	3783	33
1667	2824	3783	33
1668	2824	3783	33
1669	2824	3783	33
1670	2824	3783	33
1671	2895	4287	66
1672	2895	4334	66
1673	2953	3742	50
1674	2954	3741	25
1675	2962	4384	33
1676	2977	3856	33
1677	2977	3856	33
1678	2977	3857	33
1679	2981	3856	33
1680	2987	3882	33
1681	2988	3849	33
1682	2988	3849	33
1683	2988	3849	33
1684	2988	3864	33
1685	2988	3872	33
1686	2988	4156	33
1687	2989	3781	33
1688	2991	3782	33
1689	2998	3775	66
1690	2998	3779	66
1691	2998	3781	66
1692	2998	3857	66
1693	2998	3857	66
1694	2998	3857	66
1695	2998	3858	66
1696	2998	3858	66
1697	2998	3858	66
1698	2998	3858	66
1699	2998	3858	66
1700	2998	3858	66
1701	2998	3858	66
1702	2998	3858	66
1703	2998	3858	66
1704	2998	3859	66
1705	2998	3859	66
1706	2998	3860	66
1707	2998	3860	66
1708	2998	3863	66
1709	2998	3863	66
1710	2998	3871	66
1711	2998	3871	66
1712	3000	3721	33
1713	3004	3724	33
1714	3004	3724	33
1715	3004	3728	33
1716	3004	3743	33
1717	3004	3781	33
1718	3004	3841	33
1719	3004	3857	33
1720	3004	3872	33
1721	3008	3733	33
1722	3008	3738	33
1723	3008	3738	33
1724	3008	3738	33
1725	3008	3850	33
1726	3008	3876	33
1727	3008	3877	33
1728	3008	3917	33
1729	3008	3979	33
1730	3008	3979	33
1731	3008	3979	33
1732	3008	3979	33
1733	3008	4078	33
1734	3010	4021	33
1735	3010	4021	33
1736	3010	4034	33
1737	3011	3977	33
1738	3030	3856	33
1739	3039	3857	33
1740	3039	3864	33
1741	3042	3780	33
1742	3042	3795	33
1743	3042	3812	33
1744	3042	3857	33
1745	3042	3873	33
1746	3042	3873	33
1747	3042	3901	33
1748	3051	3857	33
1749	3051	3942	33
1750	3057	3782	33
1751	3112	4536	33
1752	3118	4381	33
1753	3126	4086	33
1754	3126	4261	33
1755	3126	4502	33
1756	3126	4502	33
1757	3142	4091	33
1758	3150	4029	66
1759	3160	4047	33
1760	3160	4067	33
1761	3160	4067	33
1762	3178	4290	33
1763	3180	3951	33
1764	3190	4438	66
1765	3221	4167	66
1766	3261	4503	33
1767	3278	4024	33
1768	3332	4124	33
1769	3337	4127	33
1770	3338	4124	33
1771	3338	4127	33
1772	3418	4381	33
1773	3418	4811	33
1774	3419	4506	33
1775	3419	4506	33
1776	3424	4546	33
1777	3425	4810	33
1778	3427	4325	33
1779	3427	4433	33
1780	3427	4812	33
1781	3429	4685	66
1782	3429	4685	66
1783	3429	4687	66
1784	3429	4687	66
1785	3429	4687	66
1786	3438	4470	33
1787	3441	4520	33
1788	3453	4388	33
1789	3453	4388	33
1790	3453	4732	33
1791	3453	4732	33
1792	3453	4812	33
1793	3458	4718	33
1794	3464	4773	33
1795	3486	4217	30
1796	3502	4915	30
1797	3502	4915	30
1798	3537	4809	66
1799	3537	4809	66
1800	3541	4561	33
1801	3544	4624	33
1802	3570	4506	66
1803	3570	4506	66
1804	3571	4511	66
1805	3571	4511	66
1806	3578	4325	33
1807	3578	4325	33
1808	3578	4520	33
1809	3595	4387	50
1810	3603	4444	66
1811	3603	4445	66
1812	3603	4565	66
1813	3608	4677	33
1814	3617	4674	33
1815	3618	5015	33
1816	3629	4718	33
1817	3633	5033	33
1818	3633	5033	33
1819	3656	4684	33
1820	3656	4915	33
1821	3713	4998	33
1822	3738	4930	66
1823	3770	4756	33
1824	3770	4922	33
1825	3776	4654	33
1826	3778	5041	33
1827	3779	4689	33
1828	3780	5209	33
1829	3787	4621	33
1830	3787	4621	33
1831	3790	5127	33
1832	3790	5127	33
1833	3790	5222	33
1834	3806	5161	33
1835	3808	5176	33
1836	3831	4685	33
1837	3832	4807	33
1838	3832	4807	33
1839	3833	4922	33
1840	3846	4953	66
1841	3849	4577	33
1842	3849	5047	33
1843	3850	4931	66
1844	3860	5193	66
1845	3870	4760	66
1846	3873	5311	33
1847	3875	4862	33
1848	3877	4731	33
1849	3877	4731	33
1850	3877	4870	66
1851	3877	4884	33
1852	3877	4884	33
1853	3882	5053	66
1854	3887	4921	33
1855	3889	5010	66
1856	3893	4974	66
1857	3898	5030	66
1858	3915	4812	33
1859	3917	4756	33
1860	3917	4810	33
1861	3917	5047	33
1862	3923	4748	33
1863	3924	5161	33
1864	3924	5238	33
1865	3927	4910	33
1866	3933	4791	33
1867	3935	5323	33
1868	3936	5053	66
1869	3937	5375	33
1870	3940	4898	33
1871	3940	5375	33
1872	3944	4797	33
1873	3952	4987	33
1874	3961	5383	33
1875	3969	4804	33
1876	3990	5043	33
1877	3990	5410	33
1878	3991	4765	33
1879	3998	4756	33
1880	4004	4806	33
1881	4004	5443	33
1882	4004	5443	33
1883	4010	5449	33
1884	4010	5449	33
1885	4010	5449	33
1886	4010	5449	33
1887	4010	5449	33
1888	4010	5449	33
1889	4010	5449	33
1890	4010	5449	33
1891	4010	5449	33
1892	4010	5449	33
1893	4010	5449	33
1894	4010	5449	33
1895	4010	5449	33
1896	4010	5449	33
1897	4010	5449	33
1898	4010	5449	33
1899	4010	5449	33
1900	4010	5449	33
1901	4010	5449	33
1902	4010	5449	33
1903	4010	5449	33
1904	4010	5449	33
1905	4010	5449	33
1906	4010	5449	33
1907	4010	5449	33
1908	4010	5449	33
1909	4010	5449	33
1910	4010	5449	33
1911	4010	5449	33
1912	4010	5449	33
1913	4010	5449	33
1914	4010	5449	33
1915	4010	5449	33
1916	4010	5449	33
1917	4010	5449	33
1918	4010	5449	33
1919	4010	5449	33
1920	4010	5449	33
1921	4010	5449	33
1922	4010	5449	33
1923	4023	5443	33
1924	4028	5375	33
1925	4029	4961	66
1926	4029	5043	33
1927	4029	5305	33
1928	4031	5383	33
1929	4031	5383	33
1930	4031	5383	33
1931	4031	5383	33
1932	4031	5383	33
1933	4031	5383	33
1934	4031	5383	33
1935	4031	5383	33
1936	4031	5383	33
1937	4031	5449	33
1938	4031	5449	33
1939	4031	5449	33
1940	4031	5449	33
1941	4041	5476	33
1942	4041	5476	33
1943	4044	5045	33
1944	4044	5479	33
1945	4044	5479	33
1946	4045	4809	33
1947	4045	4811	33
1948	4045	4811	33
1949	4045	5288	33
1950	4045	5288	33
1951	4049	5316	33
1952	4049	5316	33
1953	4049	5488	33
1954	4049	5488	33
1955	4049	5488	33
1956	4062	5032	66
1957	4070	5403	33
1958	4076	5072	66
1959	4089	5008	66
1960	4090	4969	33
1961	4090	5488	33
1962	4090	5488	33
1963	4090	5488	33
1964	4090	5488	33
1965	4090	5488	33
1966	4090	5488	33
1967	4090	5488	33
1968	4090	5488	33
1969	4090	5488	33
1970	4091	5410	33
1971	4091	5410	33
1972	4091	5488	33
1973	4092	5488	33
1974	4092	5488	33
1975	4092	5488	33
1976	4092	5488	33
1977	4092	5488	33
1978	4092	5488	33
1979	4092	5488	33
1980	4092	5488	33
1981	4092	5488	33
1982	4092	5488	33
1983	4092	5488	33
1984	4093	5488	33
1985	4093	5488	33
1986	4095	5519	33
1987	4095	5519	33
1988	4095	5519	33
1989	4095	5519	33
1990	4095	5519	33
1991	4095	5519	33
1992	4095	5519	33
1993	4095	5519	33
1994	4095	5519	33
1995	4101	5161	33
1996	4118	5092	66
1997	4135	5057	33
1998	4135	5059	33
1999	4143	5026	66
2000	4209	5034	66
2001	4209	5034	66
2002	4232	5066	66
2003	4232	5327	33
2004	4234	5317	66
2005	4249	5044	33
2006	4249	5046	33
2007	4249	5046	33
2008	4249	5102	33
2009	4249	5127	33
2010	4249	5127	33
2011	4249	5127	33
2012	4249	5127	33
2013	4249	5216	33
2014	4249	5282	33
2015	4249	5282	33
2016	4249	5298	33
2017	4249	5298	33
2018	4249	5298	33
2019	4249	5303	33
2020	4249	5303	33
2021	4251	5046	33
2022	4251	5122	33
2023	4251	5161	33
2024	4251	5161	33
2025	4251	5477	33
2026	4252	5101	33
2027	4252	5315	33
2028	4253	5048	33
2029	4253	5048	33
2030	4253	5048	33
2031	4253	5151	33
2032	4253	5477	33
2033	4253	5477	33
2034	4256	5046	33
2035	4256	5046	33
2036	4256	5046	33
2037	4256	5127	33
2038	4256	5127	33
2039	4256	5127	33
2040	4256	5127	33
2041	4256	5132	33
2042	4256	5132	33
2043	4256	5222	33
2044	4271	5488	33
2045	4291	5174	33
2046	4297	5250	33
2047	4297	5311	33
2048	4297	5311	33
2049	4297	5311	33
2050	4321	5488	33
2051	4322	5519	33
2052	4397	5831	33
2053	4402	5834	33
2054	4402	5834	33
2055	4409	5245	33
2056	4475	5759	33
2057	4475	5759	33
2058	4488	5522	33
2059	4489	5522	33
2060	4489	5522	33
2061	4502	5383	33
2062	4502	5726	33
2063	4502	5726	33
2064	4502	5726	33
2065	4503	5233	33
2066	4536	5581	33
2067	4536	5581	33
2068	4536	5883	33
2069	4536	5885	33
2070	4536	5956	33
2071	4540	5581	33
2072	4540	5581	33
2073	4545	5269	33
2074	4545	5299	33
2075	4545	5315	33
2076	4545	5331	33
2077	4554	5680	66
2078	4577	5415	66
2079	4578	5746	33
2080	4688	6124	33
2081	4688	6124	33
2082	4697	5871	66
2083	4701	5708	33
2084	4711	6136	66
2085	4713	5762	33
2086	4713	5767	33
2087	4713	5767	33
2088	4713	6124	33
2089	4715	5762	33
2090	4717	5882	33
2091	4741	6114	66
2092	4744	5543	25
2093	4745	5943	33
2094	4745	5943	33
2095	4745	6075	33
2096	4746	5908	33
2097	4746	5943	33
2098	4746	5943	33
2099	4746	5943	33
2100	4747	5656	33
2101	4749	6013	33
2102	4750	5529	33
2103	4750	6002	33
2104	4750	6181	33
2105	4754	5911	33
2106	4768	5887	33
2107	4768	5887	33
2108	4811	6166	33
2109	4811	6197	33
2110	4811	6197	33
2111	4811	6197	33
2112	4811	6197	33
2113	4816	5764	33
2114	4816	5983	33
2115	4816	6189	33
2116	4816	6189	33
2117	4816	6197	33
2118	4816	6197	33
2119	4822	6197	33
2120	4847	6159	33
2121	4865	6055	33
2122	4876	5886	66
2123	4876	5886	66
2124	4877	6309	33
2125	4942	6229	33
2126	4942	6229	33
2127	4981	5822	50
2128	5043	6063	33
2129	5044	5994	33
2130	5048	5934	33
2131	5048	5934	33
2132	5048	6031	33
2133	5065	6486	33
2134	5066	5941	50
2135	5068	6342	33
2136	5093	6093	33
2137	5103	6185	66
2138	5118	5925	33
2139	5134	6445	66
2140	5146	5873	33
2141	5146	5971	25
2142	5160	6038	66
2143	5171	5900	33
2144	5173	6115	33
2145	5173	6115	33
2146	5223	6123	33
2147	5267	6700	33
2148	5293	6313	66
2149	5293	6426	66
2150	5294	6241	33
2151	5294	6348	33
2152	5296	6180	33
2153	5296	6180	33
2154	5299	6071	33
2155	5299	6131	33
2156	5299	6195	33
2157	5299	6543	33
2158	5300	6247	66
2159	5300	6262	33
2160	5300	6596	33
2161	5302	6291	33
2162	5302	6484	33
2163	5303	6379	33
2164	5304	6163	33
2165	5304	6379	33
2166	5304	6379	33
2167	5305	6231	33
2168	5305	6231	33
2169	5305	6316	33
2170	5305	6426	33
2171	5305	6556	33
2172	5305	6556	33
2173	5305	6683	33
2174	5305	6683	33
2175	5305	6683	33
2176	5305	6683	33
2177	5310	6294	66
2178	5313	6410	66
2179	5325	6395	66
2180	5329	6592	66
2181	5341	6753	33
2182	5346	6208	33
2183	5349	6472	33
2184	5350	6628	33
2185	5350	6706	33
2186	5353	6364	33
2187	5354	6229	33
2188	5358	6365	33
2189	5358	6406	33
2190	5378	6215	33
2191	5379	6219	33
2192	5380	6202	33
2193	5383	6727	33
2194	5383	6727	33
2195	5385	6160	33
2196	5388	6188	33
2197	5395	6223	33
2198	5395	6402	33
2199	5395	6406	33
2200	5395	6406	33
2201	5423	6257	33
2202	5439	6510	66
2203	5440	6288	30
2204	5444	6541	33
2205	5444	6696	33
2206	5444	6827	33
2207	5444	6881	33
2208	5444	6881	33
2209	5445	6836	33
2210	5446	6845	33
2211	5447	6470	33
2212	5447	6481	33
2213	5447	6481	33
2214	5447	6499	33
2215	5447	6845	33
2216	5450	6845	33
2217	5450	6845	33
2218	5452	6365	33
2219	5452	6365	33
2220	5452	6365	33
2221	5452	6402	33
2222	5452	6402	33
2223	5452	6410	33
2224	5452	6410	33
2225	5464	6255	33
2226	5477	6893	66
2227	5477	6893	66
2228	5480	6542	33
2229	5483	6376	66
2230	5487	6255	33
2231	5487	6257	33
2232	5487	6257	33
2233	5497	6616	33
2234	5501	6539	66
2235	5512	6456	66
2236	5514	6379	33
2237	5514	6387	33
2238	5514	6421	33
2239	5514	6606	33
2240	5514	6875	33
2241	5515	6393	33
2242	5515	6414	33
2243	5515	6422	33
2244	5515	6422	33
2245	5515	6423	33
2246	5515	6425	33
2247	5515	6426	33
2248	5515	6426	33
2249	5515	6427	33
2250	5515	6470	33
2251	5515	6485	33
2252	5515	6543	33
2253	5515	6702	33
2254	5515	6729	33
2255	5515	6845	33
2256	5515	6910	33
2257	5515	6917	33
2258	5516	6393	33
2259	5516	6425	33
2260	5516	6426	33
2261	5516	6437	33
2262	5516	6437	33
2263	5516	6437	33
2264	5516	6571	33
2265	5516	6573	33
2266	5516	6573	33
2267	5516	6671	33
2268	5516	6683	33
2269	5516	6683	33
2270	5516	6733	33
2271	5516	6733	33
2272	5516	6734	33
2273	5516	6836	33
2274	5516	6845	33
2275	5516	6845	33
2276	5516	6845	33
2277	5516	6845	33
2278	5516	6845	33
2279	5516	6902	33
2280	5516	6914	33
2281	5516	6914	33
2282	5516	6917	33
2283	5516	6922	33
2284	5516	6922	33
2285	5516	6922	33
2286	5516	6922	33
2287	5516	6922	33
2288	5516	6922	33
2289	5516	6922	33
2290	5516	6922	33
2291	5516	6922	33
2292	5516	6922	33
2293	5516	6922	33
2294	5516	6922	33
2295	5516	6922	33
2296	5516	6922	33
2297	5516	6922	33
2298	5516	6922	33
2299	5516	6922	33
2300	5516	6922	33
2301	5516	6922	33
2302	5516	6922	33
2303	5516	6922	33
2304	5516	6922	33
2305	5516	6922	33
2306	5516	6922	33
2307	5516	6922	33
2308	5516	6922	33
2309	5516	6923	33
2310	5516	6923	33
2311	5516	6931	33
2312	5519	6956	33
2313	5519	6956	33
2314	5519	6956	33
2315	5519	6956	33
2316	5519	6956	33
2317	5519	6956	33
2318	5519	6956	33
2319	5519	6956	33
2320	5520	6249	33
2321	5520	6249	33
2322	5520	6421	33
2323	5520	6556	33
2324	5520	6670	33
2325	5520	6671	33
2326	5520	6731	33
2327	5520	6917	33
2328	5520	6922	33
2329	5520	6922	33
2330	5520	6922	33
2331	5520	6922	33
2332	5520	6922	33
2333	5520	6956	33
2334	5520	6956	33
2335	5520	6956	33
2336	5520	6956	33
2337	5520	6956	33
2338	5520	6956	33
2339	5520	6956	33
2340	5520	6956	33
2341	5520	6956	33
2342	5520	6956	33
2343	5520	6956	33
2344	5520	6956	33
2345	5520	6956	33
2346	5520	6956	33
2347	5520	6956	33
2348	5520	6956	33
2349	5520	6956	33
2350	5520	6956	33
2351	5520	6956	33
2352	5520	6956	33
2353	5520	6956	33
2354	5520	6956	33
2355	5520	6956	33
2356	5520	6956	33
2357	5520	6956	33
2358	5520	6956	33
2359	5520	6956	33
2360	5520	6956	33
2361	5520	6956	33
2362	5520	6956	33
2363	5520	6956	33
2364	5520	6956	33
2365	5520	6956	33
2366	5520	6956	33
2367	5520	6956	33
2368	5520	6956	33
2369	5520	6956	33
2370	5520	6956	33
2371	5520	6956	33
2372	5520	6956	33
2373	5520	6956	33
2374	5520	6956	33
2375	5520	6956	33
2376	5520	6956	33
2377	5520	6956	33
2378	5520	6956	33
2379	5520	6956	33
2380	5520	6956	33
2381	5520	6956	33
2382	5520	6956	33
2383	5520	6956	33
2384	5520	6956	33
2385	5520	6956	33
2386	5520	6956	33
2387	5520	6956	33
2388	5520	6956	33
2389	5520	6956	33
2390	5520	6956	33
2391	5520	6956	33
2392	5520	6956	33
2393	5520	6956	33
2394	5520	6956	33
2395	5520	6956	33
2396	5520	6956	33
2397	5520	6956	33
2398	5520	6956	33
2399	5520	6956	33
2400	5520	6956	33
2401	5520	6956	33
2402	5520	6956	33
2403	5520	6956	33
2404	5520	6956	33
2405	5520	6956	33
2406	5520	6956	33
2407	5520	6956	33
2408	5520	6956	33
2409	5520	6956	33
2410	5520	6956	33
2411	5520	6956	33
2412	5520	6956	33
2413	5520	6956	33
2414	5520	6956	33
2415	5520	6956	33
2416	5520	6956	33
2417	5520	6956	33
2418	5520	6956	33
2419	5520	6956	33
2420	5520	6956	33
2421	5520	6956	33
2422	5520	6956	33
2423	5520	6956	33
2424	5520	6956	33
2425	5520	6956	33
2426	5520	6956	33
2427	5520	6956	33
2428	5520	6956	33
2429	5520	6956	33
2430	5520	6956	33
2431	5520	6956	33
2432	5520	6956	33
2433	5520	6956	33
2434	5520	6956	33
2435	5520	6956	33
2436	5520	6956	33
2437	5520	6956	33
2438	5520	6956	33
2439	5520	6956	33
2440	5520	6956	33
2441	5520	6956	33
2442	5520	6956	33
2443	5520	6956	33
2444	5520	6956	33
2445	5520	6956	33
2446	5520	6956	33
2447	5520	6956	33
2448	5520	6956	33
2449	5520	6956	33
2450	5520	6956	33
2451	5520	6956	33
2452	5520	6956	33
2453	5520	6956	33
2454	5520	6956	33
2455	5520	6957	33
2456	5520	6957	33
2457	5520	6957	33
2458	5520	6957	33
2459	5520	6957	33
2460	5520	6957	33
2461	5520	6957	33
2462	5520	6957	33
2463	5520	6957	33
2464	5520	6957	33
2465	5520	6957	33
2466	5520	6957	33
2467	5520	6957	33
2468	5520	6957	33
2469	5520	6957	33
2470	5520	6957	33
2471	5520	6957	33
2472	5520	6957	33
2473	5520	6957	33
2474	5520	6957	33
2475	5520	6957	33
2476	5520	6957	33
2477	5520	6957	33
2478	5520	6957	33
2479	5520	6957	33
2480	5520	6957	33
2481	5520	6957	33
2482	5520	6957	33
2483	5520	6957	33
2484	5520	6957	33
2485	5520	6957	33
2486	5520	6957	33
2487	5520	6957	33
2488	5520	6957	33
2489	5520	6957	33
2490	5520	6957	33
2491	5520	6957	33
2492	5520	6957	33
2493	5520	6957	33
2494	5520	6957	33
2495	5520	6957	33
2496	5520	6957	33
2497	5520	6957	33
2498	5520	6957	33
2499	5520	6957	33
2500	5520	6957	33
2501	5520	6957	33
2502	5520	6957	33
2503	5520	6957	33
2504	5520	6957	33
2505	5526	6957	33
2506	5526	6957	33
2507	5526	6957	33
2508	5526	6957	33
2509	5526	6957	33
2510	5526	6957	33
2511	5526	6957	33
2512	5526	6957	33
2513	5526	6957	33
2514	5526	6957	33
2515	5526	6957	33
2516	5526	6957	33
2517	5526	6957	33
2518	5526	6957	33
2519	5529	6956	33
2520	5534	6460	66
2521	5537	6379	66
2522	5542	6456	66
2523	5544	6500	66
2524	5552	6581	66
2525	5571	6908	66
2526	5571	6911	66
2527	5581	6502	66
2528	5584	6347	33
2529	5584	6347	33
2530	5584	6347	33
2531	5584	6347	33
2532	5604	7026	33
2533	5627	7031	33
2534	5717	6679	66
2535	5722	6827	33
2536	5722	6827	33
2537	5722	6827	33
2538	5722	6921	33
2539	5722	6921	33
2540	5731	6475	66
2541	5731	6475	66
2542	5731	6475	66
2543	5731	6475	66
2544	5731	6475	66
2545	5731	6475	66
2546	5731	6475	66
2547	5732	6476	66
2548	5732	6476	66
2549	5732	6476	66
2550	5732	6476	66
2551	5732	6476	66
2552	5732	6476	66
2553	5732	6476	66
2554	5732	6476	66
2555	5734	6475	66
2556	5734	6475	66
2557	5734	6475	66
2558	5734	6475	66
2559	5734	6475	66
2560	5735	6957	33
2561	5735	6957	33
2562	5736	6476	66
2563	5736	6476	66
2564	5736	6476	66
2565	5736	6476	66
2566	5736	6476	66
2567	5736	6476	66
2568	5736	6476	66
2569	5736	6476	66
2570	5736	6476	66
2571	5736	6476	66
2572	5736	6476	66
2573	5736	6476	66
2574	5736	6476	66
2575	5736	6476	66
2576	5736	6476	66
2577	5736	6476	66
2578	5736	6476	66
2579	5736	6476	66
2580	5742	6475	66
2581	5742	6475	66
2582	5742	6475	66
2583	5742	6475	66
2584	5742	6475	66
2585	5743	6476	66
2586	5743	6476	66
2587	5743	6476	66
2588	5743	6476	66
2589	5743	6476	66
2590	5743	6476	66
2591	5743	6476	66
2592	5743	6476	66
2593	5744	6475	66
2594	5744	6475	66
2595	5744	6475	66
2596	5744	6475	66
2597	5744	6475	66
2598	5744	6475	66
2599	5744	6475	66
2600	5744	6475	66
2601	5744	6475	66
2602	5744	6475	66
2603	5744	6475	66
2604	5744	6475	66
2605	5744	6475	66
2606	5744	6476	66
2607	5744	6476	66
2608	5744	6476	66
2609	5750	6476	66
2610	5750	6476	66
2611	5750	6476	66
2612	5750	6476	66
2613	5750	6476	66
2614	5750	6476	66
2615	5750	6476	66
2616	5750	6476	66
2617	5750	6476	66
2618	5762	6956	33
2619	5820	7256	33
2620	5868	6588	66
2621	5868	6589	66
2622	5868	7001	66
2623	5868	7002	66
2624	5876	6872	33
2625	5881	7142	66
2626	5882	6678	33
2627	5882	6678	33
2628	5882	7140	66
2629	5882	7142	66
2630	5882	7142	66
2631	5882	7301	33
2632	5883	7151	33
2633	5883	7207	33
2634	5884	6604	33
2635	5884	6604	33
2636	5884	6604	33
2637	5884	6604	33
2638	5884	6604	33
2639	5887	6891	33
2640	5887	7192	33
2641	5893	6727	33
2642	5893	6987	33
2643	5893	7002	33
2644	5893	7015	33
2645	5895	6736	33
2646	5895	6845	33
2647	5895	6845	33
2648	5895	6845	33
2649	5895	6845	33
2650	5895	7177	33
2651	5896	6845	33
2652	5896	6845	33
2653	5896	7158	33
2654	5896	7158	33
2655	5896	7158	33
2656	5896	7158	33
2657	5896	7158	33
2658	5896	7160	33
2659	5896	7160	33
2660	5896	7160	33
2661	5896	7174	33
2662	5896	7174	33
2663	5896	7175	33
2664	5896	7175	33
2665	5896	7175	33
2666	5897	6917	33
2667	5897	6917	33
2668	5897	6917	33
2669	5897	7175	33
2670	5897	7175	33
2671	5897	7175	33
2672	5897	7178	33
2673	5901	6844	33
2674	5901	6909	33
2675	5901	6920	33
2676	5901	7158	33
2677	5901	7174	33
2678	5915	6833	33
2679	5925	6772	33
2680	5926	6773	33
2681	5927	6752	50
2682	5931	6689	33
2683	5942	7360	66
2684	5942	7360	66
2685	5956	6950	33
2686	5966	6956	33
2687	5990	7414	33
2688	6001	6946	33
2689	6003	7441	33
2690	6006	7087	33
2691	6006	7087	33
2692	6016	7386	66
2693	6051	7425	33
2694	6113	7387	66
2695	6113	7387	66
2696	6131	6931	33
2697	6137	7566	33
2698	6148	7166	33
2699	6151	7175	33
2700	6187	6948	33
2701	6187	7484	33
2702	6214	7229	50
2703	6227	6977	33
2704	6227	6977	33
2705	6227	6979	33
2706	6232	6979	33
2707	6232	7465	40
2708	6232	7628	33
2709	6253	7679	30
2710	6256	7081	66
2711	6299	7701	30
2712	6300	7701	30
2713	6308	7741	33
2714	6316	7407	33
2715	6316	7452	33
2716	6316	7452	33
2717	6325	7063	33
2718	6325	7080	33
2719	6327	7188	33
2720	6327	7370	33
2721	6327	7370	33
2722	6328	7395	33
2723	6329	7178	33
2724	6333	7442	33
2725	6336	7151	33
2726	6336	7151	33
2727	6336	7151	33
2728	6351	7678	33
2729	6352	7791	33
2730	6352	7791	33
2731	6352	7791	33
2732	6352	7791	33
2733	6352	7791	33
2734	6352	7791	33
2735	6352	7791	33
2736	6352	7791	33
2737	6352	7791	33
2738	6352	7791	33
2739	6352	7791	33
2740	6352	7791	33
2741	6352	7791	33
2742	6352	7791	33
2743	6352	7791	33
2744	6352	7791	33
2745	6352	7791	33
2746	6352	7791	33
2747	6352	7791	33
2748	6352	7791	33
2749	6352	7791	33
2750	6352	7791	33
2751	6352	7791	33
2752	6352	7791	33
2753	6352	7791	33
2754	6352	7791	33
2755	6353	7175	33
2756	6353	7791	33
2757	6353	7791	33
2758	6353	7791	33
2759	6353	7791	33
2760	6353	7791	33
2761	6353	7791	33
2762	6353	7791	33
2763	6353	7791	33
2764	6353	7791	33
2765	6353	7791	33
2766	6353	7791	33
2767	6353	7791	33
2768	6353	7791	33
2769	6353	7791	33
2770	6353	7791	33
2771	6353	7791	33
2772	6353	7791	33
2773	6353	7791	33
2774	6353	7791	33
2775	6353	7791	33
2776	6353	7791	33
2777	6353	7791	33
2778	6353	7791	33
2779	6353	7791	33
2780	6353	7791	33
2781	6353	7791	33
2782	6353	7791	33
2783	6353	7791	33
2784	6353	7791	33
2785	6353	7791	33
2786	6353	7791	33
2787	6353	7791	33
2788	6353	7791	33
2789	6353	7791	33
2790	6353	7791	33
2791	6353	7791	33
2792	6353	7791	33
2793	6353	7791	33
2794	6353	7791	33
2795	6354	7112	33
2796	6355	7145	33
2797	6355	7145	33
2798	6356	7794	33
2799	6356	7794	33
2800	6356	7794	33
2801	6356	7794	33
2802	6356	7794	33
2803	6356	7794	33
2804	6359	7115	33
2805	6362	7155	33
2806	6362	7336	33
2807	6362	7349	33
2808	6363	7276	33
2809	6366	7416	25
2810	6367	7152	33
2811	6367	7169	33
2812	6367	7169	33
2813	6367	7336	33
2814	6367	7340	33
2815	6367	7349	33
2816	6367	7360	33
2817	6368	7349	33
2818	6368	7518	33
2819	6377	7101	33
2820	6377	7371	33
2821	6378	7340	33
2822	6378	7349	33
2823	6378	7545	33
2824	6378	7545	33
2825	6379	7131	33
2826	6379	7213	33
2827	6379	7406	33
2828	6379	7438	33
2829	6386	7587	33
2830	6387	7452	33
2831	6387	7452	33
2832	6387	7611	33
2833	6394	7314	66
2834	6395	7290	33
2835	6395	7317	33
2836	6395	7322	33
2837	6395	7353	33
2838	6395	7357	33
2839	6395	7404	33
2840	6395	7405	33
2841	6395	7457	33
2842	6396	7179	33
2843	6406	7170	33
2844	6406	7202	33
2845	6406	7202	33
2846	6406	7220	33
2847	6406	7236	33
2848	6406	7304	33
2849	6406	7304	33
2850	6409	7677	33
2851	6410	7210	30
2852	6412	7349	33
2853	6412	7380	33
2854	6412	7445	33
2855	6422	7441	33
2856	6423	7483	33
2857	6424	7744	66
2858	6424	7805	66
2859	6441	7174	33
2860	6441	7175	33
2861	6441	7175	33
2862	6441	7175	33
2863	6441	7175	33
2864	6441	7175	33
2865	6441	7175	33
2866	6441	7175	33
2867	6441	7175	33
2868	6441	7175	33
2869	6441	7178	33
2870	6441	7178	33
2871	6441	7178	33
2872	6441	7178	33
2873	6441	7178	33
2874	6441	7178	33
2875	6441	7492	33
2876	6441	7492	33
2877	6441	7492	33
2878	6442	7395	33
2879	6442	7395	33
2880	6443	7882	33
2881	6443	7882	33
2882	6443	7882	33
2883	6443	7882	33
2884	6443	7882	33
2885	6443	7882	33
2886	6443	7882	33
2887	6443	7882	33
2888	6443	7882	33
2889	6443	7882	33
2890	6443	7882	33
2891	6443	7882	33
2892	6443	7882	33
2893	6443	7882	33
2894	6443	7882	33
2895	6443	7882	33
2896	6443	7882	33
2897	6443	7882	33
2898	6443	7882	33
2899	6443	7882	33
2900	6443	7882	33
2901	6443	7882	33
2902	6443	7882	33
2903	6443	7882	33
2904	6443	7882	33
2905	6443	7882	33
2906	6443	7882	33
2907	6443	7882	33
2908	6443	7882	33
2909	6443	7882	33
2910	6443	7882	33
2911	6443	7882	33
2912	6443	7882	33
2913	6443	7882	33
2914	6443	7882	33
2915	6443	7882	33
2916	6443	7882	33
2917	6443	7882	33
2918	6443	7882	33
2919	6443	7882	33
2920	6443	7882	33
2921	6445	7574	33
2922	6445	7882	33
2923	6445	7882	33
2924	6445	7882	33
2925	6445	7882	33
2926	6445	7882	33
2927	6445	7882	33
2928	6445	7882	33
2929	6445	7882	33
2930	6446	7175	33
2931	6446	7175	33
2932	6446	7177	33
2933	6446	7177	33
2934	6446	7882	33
2935	6446	7882	33
2936	6446	7882	33
2937	6446	7882	33
2938	6446	7882	33
2939	6446	7882	33
2940	6446	7882	33
2941	6446	7882	33
2942	6446	7882	33
2943	6446	7882	33
2944	6446	7882	33
2945	6446	7882	33
2946	6446	7882	33
2947	6446	7882	33
2948	6446	7882	33
2949	6446	7882	33
2950	6446	7882	33
2951	6446	7882	33
2952	6446	7882	33
2953	6446	7882	33
2954	6446	7882	33
2955	6446	7882	33
2956	6446	7882	33
2957	6446	7882	33
2958	6446	7882	33
2959	6446	7882	33
2960	6446	7882	33
2961	6446	7882	33
2962	6446	7882	33
2963	6446	7882	33
2964	6446	7882	33
2965	6446	7882	33
2966	6446	7882	33
2967	6446	7882	33
2968	6446	7882	33
2969	6446	7882	33
2970	6446	7882	33
2971	6446	7882	33
2972	6446	7882	33
2973	6446	7882	33
2974	6446	7884	33
2975	6446	7884	33
2976	6446	7884	33
2977	6446	7884	33
2978	6446	7884	33
2979	6446	7884	33
2980	6446	7884	33
2981	6446	7884	33
2982	6447	7882	33
2983	6447	7882	33
2984	6447	7882	33
2985	6447	7882	33
2986	6447	7882	33
2987	6447	7882	33
2988	6447	7882	33
2989	6447	7882	33
2990	6447	7882	33
2991	6447	7882	33
2992	6447	7882	33
2993	6447	7882	33
2994	6447	7882	33
2995	6447	7882	33
2996	6447	7882	33
2997	6447	7882	33
2998	6447	7882	33
2999	6447	7882	33
3000	6447	7882	33
3001	6451	7261	66
3002	6451	7381	66
3003	6451	7386	66
3004	6451	7396	66
3005	6451	7401	66
3006	6454	7412	66
3007	6475	7442	33
3008	6475	7492	33
3009	6480	7260	33
3010	6482	7329	33
3011	6483	7224	25
3012	6483	7275	25
3013	6484	7226	25
3014	6485	7882	33
3015	6490	7221	33
3016	6494	7441	33
3017	6513	7683	33
3018	6514	7263	30
3019	6519	7323	33
3020	6541	7380	66
3021	6541	7380	66
3022	6541	7381	50
3023	6552	7311	66
3024	6573	7381	33
3025	6582	7333	66
3026	6582	7792	33
3027	6583	7414	25
3028	6601	7380	33
3029	6602	7382	25
3030	6603	7381	25
3031	6619	8047	33
3032	6640	7631	33
3033	6643	7655	33
3034	6646	7586	33
3035	6663	7563	33
3036	6666	7411	66
3037	6676	7406	66
3038	6692	7425	33
3039	6694	7502	66
3040	6705	7440	33
3041	6733	7810	66
3042	6734	7810	66
3043	6739	7563	33
3044	6739	7563	33
3045	6739	7645	33
3046	6743	7816	33
3047	6743	7816	33
3048	6743	7926	33
3049	6743	7928	33
3050	6743	7928	33
3051	6745	7936	33
3052	6749	7681	33
3053	6749	7681	33
3054	6749	7926	33
3055	6749	7926	33
3056	6749	7928	33
3057	6749	7981	33
3058	6749	8043	33
3059	6751	7481	66
3060	6756	7582	33
3061	6761	7809	33
3062	6761	8076	66
3063	6775	7499	33
3064	6776	7902	66
3065	6781	7672	33
3066	6781	7881	33
3067	6788	8004	30
3068	6791	7882	33
3069	6793	8098	66
3070	6797	8232	33
3071	6797	8232	33
3072	6797	8232	33
3073	6801	7722	66
3074	6804	7879	66
3075	6805	7954	66
3076	6818	7826	66
3077	6822	7812	66
3078	6828	7687	66
3079	6837	7889	66
3080	6853	8059	50
3081	6853	8059	50
3082	6890	7707	66
3083	6890	7708	66
3084	6890	7708	66
3085	6890	7708	66
3086	6890	7708	66
3087	6890	7724	66
3088	6891	8234	33
3089	6902	7675	66
3090	6904	7719	66
3091	6908	8214	66
3092	6910	7814	66
3093	6911	7933	33
3094	6916	7930	33
3095	6916	7932	33
3096	6918	7882	33
3097	6922	7882	33
3098	6934	8319	66
3099	6964	8120	33
3100	6965	8000	33
3101	6965	8354	33
3102	6979	7898	33
3103	6979	7898	33
3104	6988	7820	33
3105	6995	7820	33
3106	6995	7820	33
3107	7006	8213	66
3108	7006	8213	66
3109	7006	8215	66
3110	7006	8215	66
3111	7007	8214	66
3112	7009	8165	33
3113	7017	7998	66
3114	7019	8043	33
3115	7019	8043	33
3116	7058	7952	66
3117	7075	8059	25
3118	7088	7930	33
3119	7088	7930	33
3120	7088	7930	33
3121	7091	7928	33
3122	7091	7928	33
3123	7103	8512	33
3124	7103	8512	33
3125	7124	7960	33
3126	7129	7958	33
3127	7130	7958	33
3128	7158	7882	33
3129	7158	7882	33
3130	7158	7882	33
3131	7158	7882	33
3132	7158	7882	33
3133	7158	7884	33
3134	7158	7930	33
3135	7170	8159	33
3136	7203	8230	33
3137	7204	7980	40
3138	7204	8428	25
3139	7234	8284	33
3140	7261	8382	33
3141	7270	8427	33
3142	7274	8059	25
3143	7287	8213	66
3144	7322	8580	66
3145	7322	8580	66
3146	7322	8580	66
3147	7322	8580	66
3148	7322	8581	66
3149	7322	8581	66
3150	7322	8581	66
3151	7322	8581	66
3152	7322	8581	66
3153	7322	8581	66
3154	7322	8581	66
3155	7322	8581	66
3156	7322	8581	66
3157	7340	8206	33
3158	7357	8369	33
3159	7376	8203	33
3160	7376	8797	33
3161	7386	8107	33
3162	7386	8138	33
3163	7386	8138	33
3164	7386	8154	33
3165	7386	8154	33
3166	7386	8170	33
3167	7386	8202	33
3168	7386	8216	33
3169	7386	8216	33
3170	7386	8232	33
3171	7397	8226	66
3172	7397	8226	66
3173	7397	8226	66
3174	7397	8227	66
3175	7397	8227	66
3176	7397	8227	66
3177	7397	8227	66
3178	7398	8226	66
3179	7413	8673	66
3180	7420	8702	50
3181	7432	8762	33
3182	7443	8881	33
3183	7452	8193	33
3184	7469	8859	33
3185	7517	8399	25
3186	7552	8828	66
3187	7561	8644	33
3188	7561	8644	33
3189	7577	8367	66
3190	7577	8367	66
3191	7578	8991	33
3192	7583	8509	33
3193	7595	8762	33
3194	7611	8920	33
3195	7667	9100	33
3196	7678	8570	33
3197	7678	8584	33
3198	7681	8446	33
3199	7689	8711	33
3200	7689	8814	33
3201	7754	8482	30
3202	7802	8775	33
3203	7802	8790	33
3204	7803	8717	33
3205	7805	8775	33
3206	7805	9050	33
3207	7806	9124	33
3208	7806	9124	33
3209	7806	9138	33
3210	7806	9232	33
3211	7811	8684	33
3212	7811	8750	33
3213	7811	8760	33
3214	7811	8811	33
3215	7811	8868	33
3216	7811	9053	33
3217	7812	8598	33
3218	7818	9120	30
3219	7831	9215	33
3220	7832	8780	33
3221	7832	8807	33
3222	7832	8928	33
3223	7832	8940	33
3224	7832	9085	33
3225	7832	9145	33
3226	7833	8853	33
3227	7850	8650	30
3228	7856	8724	40
3229	7861	8881	33
3230	7861	8881	33
3231	7863	9125	66
3232	7863	9185	66
3233	7863	9244	66
3234	7865	8612	33
3235	7865	8944	33
3236	7865	8944	33
3237	7865	8945	33
3238	7876	8963	66
3239	7888	8949	33
3240	7891	8825	66
3241	7891	8831	66
3242	7891	8836	66
3243	7891	8852	66
3244	7908	9072	33
3245	7920	8662	25
3246	7921	8717	33
3247	7921	8923	33
3248	7921	8923	33
3249	7922	8712	25
3250	7923	8821	33
3251	7923	8824	66
3252	7923	8884	66
3253	7923	8944	66
3254	7924	8764	25
3255	7925	8822	30
3256	7932	8747	33
3257	7938	9199	33
3258	7940	9065	33
3259	7947	8822	50
3260	7952	8702	30
3261	7952	8882	25
3262	7958	8702	66
3263	7958	8702	66
3264	7969	9389	33
3265	7974	9392	33
3266	7975	8993	33
3267	7975	9389	33
3268	7979	8777	25
3269	7981	8701	25
3270	7981	8822	50
3271	7982	8820	66
3272	7982	8820	66
3273	7988	8766	33
3274	7989	8784	33
3275	7989	8786	33
3276	8004	8777	33
3277	8007	8762	33
3278	8009	9199	33
3279	8011	8763	66
3280	8033	8960	33
3281	8041	8958	33
3282	8041	9065	33
3283	8046	9153	33
3284	8048	8963	33
3285	8048	8964	33
3286	8054	8838	66
3287	8056	9274	33
3288	8066	8976	33
3289	8071	9095	33
3290	8082	9074	33
3291	8097	9082	33
3292	8106	8846	66
3293	8114	8942	33
3294	8116	8846	66
3295	8143	9062	66
3296	8166	9151	33
3297	8182	9248	66
3298	8194	9261	66
3299	8202	9324	66
3300	8209	9088	25
3301	8210	9628	33
3302	8219	9560	66
3303	8219	9560	66
3304	8230	9380	33
3305	8241	9402	33
3306	8285	9188	66
3307	8288	9470	33
3308	8291	9190	33
3309	8293	9502	50
3310	8298	9410	30
3311	8299	9427	33
3312	8304	9051	30
3313	8318	9202	50
3314	8318	9755	66
3315	8323	9657	66
3316	8345	9442	33
3317	8347	9343	33
3318	8348	9343	33
3319	8358	9588	33
3320	8358	9639	33
3321	8378	9360	66
3322	8388	9344	66
3323	8392	9508	66
3324	8398	9353	66
3325	8402	9477	66
3326	8406	9427	33
3327	8420	9310	66
3328	8437	9612	33
3329	8450	9381	66
3330	8465	9494	66
3331	8494	9432	33
3332	8499	9558	66
3333	8499	9758	66
3334	8501	9394	66
3335	8509	9544	33
3336	8516	9432	33
3337	8516	9468	33
3338	8516	9648	33
3339	8517	9443	33
3340	8517	9443	33
3341	8517	9555	33
3342	8517	9589	33
3343	8517	9663	33
3344	8518	9522	33
3345	8521	9545	33
3346	8521	9588	33
3347	8522	9443	33
3348	8522	9589	33
3349	8522	9649	33
3350	8522	9663	33
3351	8524	9338	33
3352	8527	9338	33
3353	8528	9545	33
3354	8528	9556	33
3355	8551	9494	66
3356	8551	9494	66
3357	8574	9338	33
3358	8576	9494	66
3359	8585	9405	66
3360	8593	9446	40
3361	8611	9520	33
3362	8616	9987	33
3363	8637	9482	40
3364	8673	9661	33
3365	8673	9661	33
3366	8673	9661	33
3367	8673	9661	33
3368	8673	9661	33
3369	8673	9661	33
3370	8675	9704	66
3371	8707	10086	33
3372	8713	9502	25
3373	8716	9671	33
3374	8718	9588	33
3375	8728	9866	33
3376	8729	9839	50
3377	8731	9551	33
3378	8757	9550	33
3379	8757	9850	33
3380	8762	10021	66
3381	8762	10021	66
3382	8850	9990	25
3383	8857	9597	33
3384	8857	9597	33
3385	8857	9613	33
3386	8857	9613	33
3387	8857	9613	33
3388	8863	10249	33
3389	8886	9966	33
3390	8886	9967	33
3391	8922	10261	66
3392	8935	10369	33
3393	8947	9939	33
3394	8974	9755	66
3395	8992	10274	66
3396	8992	10274	66
3397	9018	10225	33
3398	9037	10096	33
3399	9056	10266	66
3400	9060	9953	60
3401	9061	10266	66
3402	9105	10081	50
3403	9111	10425	33
3404	9116	10097	33
3405	9157	9896	33
3406	9157	10000	33
3407	9157	10040	33
3408	9157	10048	33
3409	9163	10110	33
3410	9183	10200	33
3411	9207	10411	33
3412	9211	10252	33
3413	9225	10200	33
3414	9243	10156	25
3415	9243	10156	50
3416	9243	10156	33
3417	9246	10008	66
3418	9256	9987	30
3419	9256	10301	33
3420	9260	10563	33
3421	9261	10041	33
3422	9261	10105	33
3423	9261	10141	33
3424	9268	10352	66
3425	9268	10353	66
3426	9268	10353	66
3427	9268	10654	33
3428	9269	10062	33
3429	9269	10076	33
3430	9269	10079	33
3431	9269	10128	33
3432	9269	10139	33
3433	9269	10290	33
3434	9269	10640	33
3435	9272	10044	33
3436	9272	10102	33
3437	9274	10443	66
3438	9274	10443	66
3439	9292	10708	66
3440	9292	10708	66
3441	9301	10022	50
3442	9302	10141	50
3443	9302	10577	33
3444	9303	10631	33
3445	9303	10631	33
3446	9303	10631	33
3447	9304	10565	66
3448	9304	10625	66
3449	9306	10631	33
3450	9312	10745	33
3451	9331	10260	66
3452	9331	10265	66
3453	9331	10290	66
3454	9361	10353	33
3455	9362	10503	30
3456	9363	10383	33
3457	9371	10152	33
3458	9376	10615	33
3459	9391	10142	30
3460	9391	10142	30
3461	9397	10239	33
3462	9418	10530	66
3463	9420	10320	33
3464	9438	10786	33
3465	9445	10208	33
3466	9445	10238	33
3467	9451	10769	33
3468	9466	10291	25
3469	9472	10413	33
3470	9480	10202	33
3471	9481	10242	33
3472	9481	10711	66
3473	9485	10206	33
3474	9487	10376	33
3475	9489	10425	33
3476	9511	10628	50
3477	9515	10312	33
3478	9518	10584	33
3479	9520	10342	66
3480	9529	10607	33
3481	9529	10769	33
3482	9537	10549	33
3483	9543	10443	33
3484	9546	10280	66
3485	9548	10413	66
3486	9551	10572	33
3487	9551	10706	33
3488	9558	10390	66
3489	9573	10293	33
3490	9574	10562	66
3491	9575	10564	66
3492	9579	10620	66
3493	9654	10755	33
3494	9655	10611	66
3495	9656	10755	33
3496	9656	10755	33
3497	9656	10755	33
3498	9656	10755	33
3499	9657	10715	66
3500	9678	10755	33
3501	9679	10645	33
3502	9679	10671	33
3503	9698	10447	66
3504	9710	10654	66
3505	9724	10672	66
3506	9733	10940	50
3507	9739	10467	33
3508	9762	10776	66
3509	9767	10633	66
3510	9786	11194	33
3511	9816	10876	66
3512	9820	10896	66
3513	9848	10728	66
3514	9884	11199	66
3515	9901	10718	66
3516	9938	11149	66
3517	9963	10905	33
3518	9965	10875	33
3519	10009	10785	25
3520	10027	11012	33
3521	10027	11012	33
3522	10027	11012	33
3523	10027	11012	33
3524	10027	11012	33
3525	10083	10905	33
3526	10126	11026	30
3527	10152	10940	50
3528	10152	10940	25
3529	10184	10940	33
3530	10202	11460	66
3531	10202	11460	66
3532	10218	11084	33
3533	10227	11402	66
3534	10237	11015	33
3535	10237	11092	33
3536	10248	11368	33
3537	10261	11448	33
3538	10267	11012	66
3539	10306	11709	33
3540	10309	11642	33
3541	10311	11407	66
3542	10311	11409	66
3543	10311	11409	66
3544	10319	11611	66
3545	10319	11611	66
3546	10321	11611	66
3547	10327	11407	33
3548	10360	11765	33
3549	10382	11222	30
3550	10382	11222	30
3551	10382	11222	30
3552	10429	11262	33
3553	10449	11300	66
3554	10501	11504	66
3555	10502	11262	33
3556	10511	11684	33
3557	10593	11446	30
3558	10593	11446	30
3559	10604	11797	66
3560	10639	11368	30
3561	10655	11494	25
3562	10674	11957	30
3563	10683	11596	25
3564	10688	11655	33
3565	10688	11672	33
3566	10693	11968	33
3567	10695	11500	33
3568	10702	11702	33
3569	10702	12000	33
3570	10702	12000	33
3571	10706	11834	33
3572	10706	11964	33
3573	10706	12061	33
3574	10709	11443	33
3575	10736	11777	33
3576	10737	11772	33
3577	10743	11825	33
3578	10743	11825	33
3579	10743	11825	33
3580	10744	12004	66
3581	10756	11650	25
3582	10765	11953	33
3583	10771	11641	33
3584	10771	11709	33
3585	10801	11784	33
3586	10801	11803	33
3587	10802	11650	33
3588	10802	11943	30
3589	10803	11645	66
3590	10803	11764	66
3591	10803	11823	33
3592	10810	12025	33
3593	10810	12025	33
3594	10810	12025	33
3595	10813	12207	33
3596	10817	11846	33
3597	10827	11583	33
3598	10827	11583	33
3599	10829	12200	33
3600	10832	11581	30
3601	10832	11581	30
3602	10836	11731	33
3603	10837	12146	30
3604	10837	12242	33
3605	10861	11581	25
3606	10861	11583	33
3607	10861	11700	66
3608	10861	11700	66
3609	10866	11850	33
3610	10874	11615	33
3611	10874	11615	33
3612	10881	11823	25
3613	10883	11780	33
3614	10888	11613	66
3615	10888	11613	66
3616	10888	11613	66
3617	10888	11614	66
3618	10888	11614	66
3619	10888	11614	66
3620	10888	11614	66
3621	10888	11614	66
3622	10915	11846	33
3623	10921	11660	33
3624	10937	11938	33
3625	10940	11990	33
3626	10946	12246	33
3627	10955	11845	33
3628	10966	11940	33
3629	10972	11805	33
3630	10973	11847	66
3631	10977	11700	33
3632	10983	11717	33
3633	10986	11819	33
3634	11010	12428	33
3635	11017	11846	33
3636	11022	12038	66
3637	11025	12308	66
3638	11027	12222	66
3639	11037	12080	66
3640	11038	12080	66
3641	11039	12339	33
3642	11051	11953	33
3643	11061	12124	66
3644	11061	12125	66
3645	11062	12004	66
3646	11070	12079	66
3647	11074	12044	66
3648	11074	12044	66
3649	11074	12044	66
3650	11079	12062	66
3651	11096	12380	25
3652	11097	12226	66
3653	11099	11942	66
3654	11124	12176	33
3655	11127	11940	33
3656	11127	12049	66
3657	11128	12050	33
3658	11129	11862	33
3659	11132	12380	50
3660	11132	12380	25
3661	11137	12380	25
3662	11138	11886	66
3663	11145	12262	66
3664	11155	12094	66
3665	11161	12173	33
3666	11161	12173	33
3667	11162	12023	66
3668	11175	12581	33
3669	11181	12339	33
3670	11182	12339	33
3671	11182	12339	33
3672	11183	12339	33
3673	11204	12380	25
3674	11210	12265	66
3675	11247	12223	66
3676	11250	12210	66
3677	11259	12276	66
3678	11267	12210	66
3679	11276	12339	33
3680	11289	12287	66
3681	11290	12233	66
3682	11334	12206	66
3683	11382	12731	33
3684	11383	12339	33
3685	11385	12381	50
3686	11387	12339	33
3687	11387	12339	33
3688	11387	12339	33
3689	11387	12339	33
3690	11387	12339	33
3691	11387	12339	33
3692	11387	12341	33
3693	11388	12339	33
3694	11388	12339	33
3695	11388	12341	33
3696	11388	12341	33
3697	11388	12341	33
3698	11391	12339	33
3699	11391	12339	33
3700	11391	12339	33
3701	11391	12339	33
3702	11391	12339	33
3703	11391	12339	33
3704	11391	12339	33
3705	11391	12339	33
3706	11391	12339	33
3707	11391	12339	33
3708	11391	12339	33
3709	11392	12339	33
3710	11392	12340	33
3711	11392	12341	33
3712	11392	12341	33
3713	11392	12341	33
3714	11392	12380	25
3715	11392	12380	25
3716	11393	12380	50
3717	11401	12788	33
3718	11408	12381	25
3719	11427	12339	33
3720	11427	12341	33
3721	11435	12380	25
3722	11437	12785	33
3723	11476	12339	33
3724	11476	12339	33
3725	11476	12339	33
3726	11476	12339	33
3727	11476	12340	33
3728	11476	12340	33
3729	11476	12340	33
3730	11476	12340	33
3731	11477	12339	33
3732	11477	12339	33
3733	11477	12339	33
3734	11477	12339	33
3735	11477	12339	33
3736	11477	12339	33
3737	11477	12339	33
3738	11477	12341	33
3739	11477	12341	33
3740	11507	12339	33
3741	11507	12339	33
3742	11507	12341	33
3743	11507	12341	33
3744	11507	12341	33
3745	11521	12549	33
3746	11524	12380	25
3747	11524	12380	50
3748	11524	12962	33
3749	11531	12847	33
3750	11531	12847	33
3751	11531	12852	33
3752	11531	12852	33
3753	11531	12862	33
3754	11531	12862	33
3755	11531	12862	33
3756	11531	12867	33
3757	11598	13024	66
3758	11598	13024	66
3759	11598	13024	66
3760	11598	13025	66
3761	11632	12447	66
3762	11640	12904	66
3763	11641	12902	66
3764	11642	12901	66
3765	11642	12901	66
3766	11642	12901	66
3767	11670	12870	25
3768	11692	12412	33
3769	11692	12427	33
3770	11692	12443	33
3771	11692	12536	33
3772	11695	13035	66
3773	11748	12472	33
3774	11761	12511	33
3775	11764	12743	33
3776	11764	12973	33
3777	11764	12973	33
3778	11764	12973	33
3779	11767	12848	33
3780	11767	12848	33
3781	11778	12773	30
3782	11779	12773	30
3783	11802	12551	33
3784	11802	12551	33
3785	11811	12551	33
3786	11816	12995	33
3787	11820	12973	33
3788	11821	12940	33
3789	11825	12562	33
3790	11835	12730	66
3791	11859	12963	33
3792	11873	13149	66
3793	11881	12961	33
3794	11883	12837	33
3795	11884	13262	50
3796	11919	13146	66
3797	11957	13025	66
3798	11957	13025	66
3799	11965	12960	33
3800	11965	12975	33
3801	11965	12990	33
3802	11990	12965	25
3803	12065	12840	66
3804	12072	12800	33
3805	12072	12800	33
3806	12073	13438	33
3807	12088	13526	33
3808	12088	13526	33
3809	12105	13080	33
3810	12124	13105	33
3811	12124	13105	33
3812	12126	13169	33
3813	12136	12947	33
3814	12137	12922	33
3815	12137	12987	33
3816	12137	13004	33
3817	12137	13202	33
3818	12137	13322	33
3819	12137	13421	33
3820	12137	13466	33
3821	12146	13034	33
3822	12146	13146	33
3823	12146	13293	33
3824	12146	13316	33
3825	12146	13433	33
3826	12146	13440	33
3827	12154	13219	33
3828	12167	13022	33
3829	12167	13022	33
3830	12182	13022	33
3831	12182	13173	33
3832	12184	13146	66
3833	12184	13205	66
3834	12184	13206	66
3835	12186	13264	33
3836	12186	13265	33
3837	12211	13082	33
3838	12218	13587	30
3839	12220	13126	33
3840	12234	13390	33
3841	12240	12969	33
3842	12242	12963	25
3843	12243	12963	25
3844	12243	13064	25
3845	12244	12964	66
3846	12246	13095	33
3847	12253	13142	30
3848	12253	13389	33
3849	12254	13021	33
3850	12254	13053	33
3851	12254	13084	33
3852	12254	13130	33
3853	12254	13130	33
3854	12267	13645	33
3855	12268	13327	33
3856	12268	13468	33
3857	12272	13022	30
3858	12273	13022	33
3859	12276	13007	33
3860	12276	13710	50
3861	12297	13665	66
3862	12298	13304	33
3863	12300	13021	25
3864	12300	13200	33
3865	12300	13200	33
3866	12302	13544	33
3867	12304	13190	33
3868	12310	13383	33
3869	12310	13391	33
3870	12310	13596	33
3871	12310	13670	33
3872	12310	13670	33
3873	12316	13463	33
3874	12316	13463	33
3875	12325	13427	66
3876	12330	13350	26
3877	12332	13086	30
3878	12340	13271	33
3879	12340	13551	33
3880	12351	13647	33
3881	12360	13082	33
3882	12361	13386	33
3883	12388	13180	33
3884	12411	13321	30
3885	12420	13411	33
3886	12420	13426	33
3887	12420	13457	33
3888	12424	13660	33
3889	12424	13660	33
3890	12424	13660	33
3891	12424	13660	33
3892	12424	13660	33
3893	12425	13660	33
3894	12425	13660	33
3895	12425	13660	33
3896	12425	13660	33
3897	12425	13660	33
3898	12451	13172	33
3899	12468	13374	33
3900	12468	13551	33
3901	12475	13358	33
3902	12479	13250	50
3903	12484	13373	60
3904	12490	13637	66
3905	12507	13261	25
3906	12508	13531	66
3907	12532	13446	50
3908	12533	13677	66
3909	12538	13559	66
3910	12550	13358	33
3911	12550	13358	33
3912	12550	13358	33
3913	12560	13743	33
3914	12560	13743	33
3915	12560	13743	33
3916	12561	13490	30
3917	12564	13625	66
3918	12567	13740	33
3919	12570	13526	66
3920	12572	13411	33
3921	12575	13736	66
3922	12591	13717	33
3923	12605	13473	33
3924	12605	13820	50
3925	12612	13520	33
3926	12616	13820	25
3927	12638	13649	33
3928	12645	13755	66
3929	12657	14046	25
3930	12660	13550	33
3931	12669	13486	33
3932	12670	13632	66
3933	12681	13641	66
3934	12695	13662	25
3935	12696	13780	66
3936	12738	13673	66
3937	12758	13687	66
3938	12947	14310	33
3939	12948	14006	33
3940	12967	14377	33
3941	12975	14058	66
3942	12994	14233	33
3943	13033	13820	50
3944	13111	13852	33
3945	13121	13987	33
3946	13121	14002	33
3947	13121	14032	33
3948	13121	14048	33
3949	13121	14048	33
3950	13121	14078	33
3951	13132	13885	30
3952	13132	13888	30
3953	13186	14252	33
3954	13376	14179	33
3955	13527	14254	30
3956	13529	14256	30
3957	13531	14552	33
3958	13617	14643	33
3959	13622	14613	33
3960	13623	14707	33
3961	13624	14706	33
3962	13625	14704	33
3963	13625	14704	33
3964	13626	14704	33
3965	13626	14704	33
3966	13642	14780	33
3967	13650	14590	66
3968	13650	14590	66
3969	13650	14595	66
3970	13650	14595	66
3971	13662	14607	33
3972	13684	14703	33
3973	13691	15116	33
3974	13693	15079	33
3975	13693	15081	33
3976	13693	15091	33
3977	13711	15118	33
3978	13716	14570	33
3979	13744	14874	33
3980	13747	14484	33
3981	13757	14571	33
3982	13759	15166	33
3983	13768	14703	66
3984	13782	15083	33
3985	13782	15083	33
3986	13801	14521	33
3987	13801	14826	33
3988	13841	14924	33
3989	13890	14800	33
3990	13900	14949	66
3991	13918	15078	66
3992	13921	15006	66
3993	13924	14869	66
3994	13926	14678	33
3995	13928	15281	66
3996	13947	15078	66
3997	13964	15067	66
3998	13970	15235	66
3999	13972	15088	66
4000	13977	15030	66
4001	13983	14931	66
4002	13985	15064	66
4003	13998	15038	66
4004	14022	14824	33
4005	14022	15205	66
4006	14054	15016	30
4007	14059	15261	66
4008	14068	14844	33
4009	14071	15031	66
4010	14085	15100	66
4011	14086	15091	66
4012	14102	15139	66
4013	14128	15086	66
4014	14136	15255	33
4015	14161	15241	66
4016	14191	15577	33
4017	14217	15147	66
4018	14233	15012	33
4019	14237	15012	33
4020	14356	15494	66
4021	14356	15494	66
4022	14517	15358	33
4023	14581	15314	25
4024	14594	15398	33
4025	14594	15430	33
4026	14594	15443	33
4027	14594	15443	33
4028	14594	15522	33
4029	14701	15466	66
4030	14701	15466	66
4031	14775	16010	30
4032	14777	15723	30
4033	14779	16146	30
4034	14795	15602	60
4035	14820	15664	66
4036	14836	16046	33
4037	14837	16036	33
4038	14837	16036	33
4039	14837	16041	33
4040	14848	16036	33
4041	14855	16038	33
4042	14860	16038	33
4043	14860	16041	33
4044	14862	16064	33
4045	14866	15782	66
4046	14910	16346	30
4047	14911	15990	30
4048	14911	15990	30
4049	14947	15676	33
4050	14958	16381	33
4051	14959	16392	33
4052	14970	15697	30
4053	15061	16081	33
4054	15105	16239	33
4055	15109	16019	33
4056	15109	16019	33
4057	15121	15869	66
4058	15121	15869	66
4059	15121	15869	66
4060	15121	15869	66
4061	15121	15869	66
4062	15121	15870	66
4063	15121	15870	66
4064	15121	15870	66
4065	15121	15870	66
4066	15121	15870	66
4067	15121	15870	66
4068	15122	16263	30
4069	15130	16560	33
4070	15135	16161	33
4071	15180	16080	33
4072	15181	15986	66
4073	15182	16606	33
4074	15183	16123	33
4075	15184	16386	66
4076	15192	16105	66
4077	15192	16105	66
4078	15231	16204	33
4079	15278	16189	33
4080	15283	16553	33
4081	15284	16022	33
4082	15296	16047	66
4083	15302	16449	33
4084	15305	16374	66
4085	15308	16273	33
4086	15323	16067	30
4087	15343	16471	66
4088	15343	16577	33
4089	15347	16077	66
4090	15347	16077	66
4091	15359	16264	33
4092	15373	16181	33
4093	15373	16181	33
4094	15373	16181	33
4095	15373	16181	33
4096	15373	16181	33
4097	15376	16341	33
4098	15376	16733	66
4099	15389	16400	66
4100	15392	16331	66
4101	15394	16374	66
4102	15409	16134	33
4103	15424	16464	33
4104	15424	16497	33
4105	15425	16421	66
4106	15431	16331	66
4107	15447	16379	66
4108	15449	16260	33
4109	15458	16684	66
4110	15471	16441	66
4111	15476	16734	66
4112	15477	16494	66
4113	15481	16608	66
4114	15484	16433	66
4115	15501	16393	66
4116	15507	16335	30
4117	15511	16460	66
4118	15541	16593	66
4119	15545	16397	33
4120	15546	16402	33
4121	15546	16402	33
4122	15547	16320	33
4123	15553	16627	66
4124	15553	16627	66
4125	15559	16482	66
4126	15569	16606	66
4127	15576	16472	66
4128	15576	16703	33
4129	15591	16400	33
4130	15604	16397	33
4131	15613	16549	33
4132	15613	16549	33
4133	15615	16407	33
4134	15615	16412	33
4135	15627	16400	33
4136	15668	16513	33
4137	15721	16540	33
4138	15721	16540	33
4139	15729	16483	33
4140	15729	16483	33
4141	15736	16570	30
4142	15742	16652	33
4143	15781	16511	33
4144	15781	16511	33
4145	15782	16516	33
4146	15843	16564	33
4147	15843	16564	33
4148	15900	16655	66
4149	15915	17002	66
4150	15949	16884	33
4151	15956	17162	33
4152	15960	17223	66
4153	15962	17220	66
4154	15962	17220	66
4155	15962	17221	66
4156	15962	17221	66
4157	15962	17221	66
4158	15962	17222	66
4159	15962	17222	66
4160	15976	17050	66
4161	16034	16756	33
4162	16034	16834	33
4163	16081	16911	66
4164	16082	16914	66
4165	16085	16914	66
4166	16087	17168	33
4167	16141	17057	33
4168	16143	16981	30
4169	16164	17116	33
4170	16164	17570	33
4171	16211	16966	25
4172	16214	17034	33
4173	16214	17066	33
4174	16214	17066	33
4175	16216	17134	66
4176	16216	17466	66
4177	16221	17127	33
4178	16221	17161	33
4179	16221	17241	33
4180	16221	17256	33
4181	16221	17292	33
4182	16221	17466	66
4183	16231	17466	66
4184	16237	17395	33
4185	16241	17205	33
4186	16263	16991	66
4187	16307	17114	33
4188	16321	17602	33
4189	16351	17682	33
4190	16358	17123	66
4191	16358	17604	66
4192	16364	17487	33
4193	16369	17401	33
4194	16370	17182	33
4195	16399	17244	33
4196	16399	17512	33
4197	16402	17138	66
4198	16402	17138	66
4199	16405	17740	33
4200	16408	17842	33
4201	16443	17356	33
4202	16443	17617	33
4203	16446	17185	33
4204	16446	17421	33
4205	16446	17424	33
4206	16446	17424	33
4207	16446	17765	33
4208	16447	17464	33
4209	16447	17471	33
4210	16452	17257	33
4211	16453	17728	66
4212	16453	17728	66
4213	16463	17754	33
4214	16464	17358	33
4215	16464	17373	33
4216	16464	17382	33
4217	16464	17421	33
4218	16464	17421	33
4219	16464	17424	33
4220	16464	17444	33
4221	16464	17543	33
4222	16464	17660	33
4223	16464	17717	66
4224	16464	17717	66
4225	16464	17734	33
4226	16464	17805	33
4227	16464	17832	33
4228	16464	17876	33
4229	16472	17701	33
4230	16477	17397	33
4231	16477	17631	33
4232	16490	17290	30
4233	16495	17340	50
4234	16501	17341	50
4235	16501	17521	33
4236	16503	17251	33
4237	16504	17826	66
4238	16504	17886	66
4239	16531	17401	33
4240	16536	17791	33
4241	16538	17378	33
4242	16538	17968	30
4243	16555	17344	50
4244	16560	17342	33
4245	16564	17826	66
4246	16565	17374	33
4247	16566	17564	33
4248	16566	17564	33
4249	16566	17823	33
4250	16573	17619	33
4251	16590	17417	33
4252	16600	17441	66
4253	16607	17351	66
4254	16616	17830	33
4255	16616	17830	33
4256	16616	17832	33
4257	16616	17832	33
4258	16620	17520	33
4259	16620	17575	33
4260	16627	17864	33
4261	16630	17604	66
4262	16630	17604	66
4263	16630	17606	66
4264	16631	17444	33
4265	16635	17851	30
4266	16635	17851	30
4267	16636	17986	66
4268	16643	17548	33
4269	16645	18030	66
4270	16646	17633	33
4271	16649	17589	33
4272	16649	17690	33
4273	16650	17670	26
4274	16684	17838	33
4275	16685	17838	33
4276	16687	17407	33
4277	16693	17540	33
4278	16693	17548	33
4279	16709	17881	33
4280	16712	17486	33
4281	16712	17486	33
4282	16719	17838	66
4283	16723	17527	33
4284	16724	17838	33
4285	16724	17838	33
4286	16739	18054	66
4287	16740	18053	66
4288	16741	17554	33
4289	16741	17770	33
4290	16752	18054	66
4291	16755	17495	66
4292	16767	17537	33
4293	16767	17913	33
4294	16767	17913	33
4295	16774	17879	66
4296	16774	17879	66
4297	16775	18044	66
4298	16789	17983	33
4299	16805	17858	66
4300	16809	18101	66
4301	16810	17795	66
4302	16811	17784	66
4303	16811	17867	66
4304	16811	17893	66
4305	16811	17937	66
4306	16811	17937	66
4307	16819	17637	33
4308	16819	17795	33
4309	16837	17764	66
4310	16847	17773	66
4311	16884	18010	66
4312	16890	17803	66
4313	16901	18162	33
4314	16901	18162	33
4315	16912	17979	66
4316	16915	17840	66
4317	16931	18269	33
4318	16931	18269	33
4319	16931	18271	33
4320	16933	18140	25
4321	16933	18140	25
4322	16941	18271	33
4323	16942	17990	66
4324	16967	17847	66
4325	16973	17829	66
4326	16986	17990	66
4327	16990	17832	66
4328	17004	18121	33
4329	17033	17808	66
4330	17055	18003	66
4331	17056	18057	33
4332	17057	17900	66
4333	17059	17927	66
4334	17075	18422	33
4335	17076	18022	33
4336	17076	18022	66
4337	17093	18003	33
4338	17093	18003	33
4339	17093	18003	33
4340	17093	18003	33
4341	17093	18003	33
4342	17113	17889	33
4343	17124	17962	33
4344	17130	17976	33
4345	17130	17976	33
4346	17138	18057	33
4347	17138	18057	33
4348	17173	18595	33
4349	17180	17936	33
4350	17181	17936	33
4351	17202	18249	33
4352	17219	18253	33
4353	17221	18103	66
4354	17279	18071	66
4355	17279	18651	30
4356	17280	18353	33
4357	17280	18353	33
4358	17281	18304	33
4359	17288	18507	30
4360	17292	18723	33
4361	17296	18140	50
4362	17296	18142	50
4363	17393	18719	33
4364	17397	18555	66
4365	17397	18555	66
4366	17397	18555	66
4367	17397	18555	66
4368	17397	18555	66
4369	17399	18555	66
4370	17400	18664	66
4371	17402	18660	66
4372	17402	18661	66
4373	17402	18661	66
4374	17419	18284	66
4375	17424	18176	33
4376	17443	18342	66
4377	17450	18188	33
4378	17450	18218	33
4379	17450	18280	33
4380	17450	18295	33
4381	17450	18295	33
4382	17450	18295	33
4383	17460	18183	33
4384	17481	18231	33
4385	17492	18261	33
4386	17492	18261	33
4387	17503	18301	33
4388	17511	18843	33
4389	17514	18272	25
4390	17521	18554	33
4391	17522	18554	33
4392	17525	18325	66
4393	17527	18608	33
4394	17527	18608	33
4395	17595	18404	66
4396	17595	18404	66
4397	17619	18576	33
4398	17624	18420	66
4399	17661	18655	33
4400	17661	18704	33
4401	17661	18754	33
4402	17661	18818	33
4403	17701	19078	66
4404	17702	18897	66
4405	17702	18897	66
4406	17704	18811	33
4407	17709	19146	33
4408	17719	18488	33
4409	17719	18488	33
4410	17801	19205	33
4411	17816	18872	33
4412	17883	18796	33
4413	17888	19148	33
4414	17892	18866	33
4415	17893	18827	33
4416	17893	19076	33
4417	17893	19300	33
4418	17893	19300	33
4419	17895	18932	33
4420	17902	19011	33
4421	17902	19051	33
4422	17902	19116	33
4423	17902	19217	33
4424	17906	18765	33
4425	17906	18831	33
4426	17906	18835	33
4427	17906	18846	33
4428	17906	18853	33
4429	17906	18940	33
4430	17906	19136	33
4431	17906	19318	33
4432	17914	18857	33
4433	17942	19024	33
4434	17943	18780	33
4435	17943	19026	33
4436	17947	18723	33
4437	17947	19201	33
4438	17947	19201	33
4439	17971	18841	33
4440	17974	18904	66
4441	17974	18909	66
4442	17974	18914	66
4443	17974	18935	66
4444	17978	18818	33
4445	18003	19024	33
4446	18004	18726	66
4447	18004	18726	66
4448	18004	18903	33
4449	18004	19144	66
4450	18011	18767	33
4451	18011	18817	33
4452	18011	19426	33
4453	18014	18870	33
4454	18018	18786	33
4455	18019	19102	66
4456	18024	18785	33
4457	18024	19073	33
4458	18027	18902	50
4459	18027	19347	30
4460	18027	19347	30
4461	18031	18782	30
4462	18031	18782	30
4463	18032	18961	33
4464	18048	18785	66
4465	18048	18785	66
4466	18048	18785	66
4467	18048	18785	66
4468	18048	18785	66
4469	18048	19232	66
4470	18049	19410	33
4471	18061	18781	50
4472	18061	18783	33
4473	18061	18900	66
4474	18061	18900	66
4475	18063	18902	50
4476	18063	19025	66
4477	18063	19057	33
4478	18063	19057	33
4479	18066	18930	33
4480	18066	19183	33
4481	18066	19264	33
4482	18083	18893	33
4483	18084	19144	33
4484	18084	19321	33
4485	18106	18931	25
4486	18111	18848	33
4487	18116	19301	33
4488	18116	19301	33
4489	18120	19039	33
4490	18121	18874	33
4491	18121	18941	33
4492	18122	18842	33
4493	18123	19473	66
4494	18124	18847	33
4495	18125	19088	33
4496	18130	19295	33
4497	18134	18887	33
4498	18136	18885	50
4499	18140	19043	33
4500	18140	19089	33
4501	18140	19089	33
4502	18140	19105	33
4503	18140	19121	33
4504	18160	19518	33
4505	18168	18902	33
4506	18184	18924	66
4507	18185	19473	66
4508	18190	18938	66
4509	18193	19003	66
4510	18204	19103	33
4511	18208	18940	66
4512	18208	19118	66
4513	18208	19119	66
4514	18208	19119	66
4515	18208	19539	66
4516	18249	19264	66
4517	18250	19540	66
4518	18261	19590	66
4519	18279	19691	33
4520	18280	19157	66
4521	18281	19293	66
4522	18283	19456	33
4523	18283	19456	33
4524	18284	19691	33
4525	18287	19694	33
4526	18289	19340	66
4527	18291	19458	33
4528	18299	19327	66
4529	18336	19492	33
4530	18354	19108	33
4531	18362	19488	33
4532	18370	19488	33
4533	18370	19488	33
4534	18371	19267	33
4535	18373	19336	66
4536	18379	19568	66
4537	18384	19209	25
4538	18395	19158	33
4539	18417	19230	66
4540	18441	19407	66
4541	18441	19407	66
4542	18452	19196	66
4543	18456	19589	33
4544	18459	19433	66
4545	18463	19487	33
4546	18463	19487	33
4547	18482	19384	66
4548	18485	19540	66
4549	18489	19261	33
4550	18489	19388	66
4551	18489	19462	33
4552	18504	19338	66
4553	18510	19473	66
4554	18555	19527	66
4555	18575	19493	66
4556	18578	19321	66
4557	18607	19482	66
4558	18607	19482	66
4559	18611	19460	66
4560	18664	19478	33
4561	18670	19429	33
4562	18670	19429	33
4563	18712	19434	33
4564	18722	19736	33
4565	18736	20160	33
4566	18758	19685	33
4567	18759	19686	33
4568	18762	20160	66
4569	18788	20118	30
4570	18788	20160	25
4571	18792	20160	25
4572	18792	20160	25
4573	18802	20160	66
4574	18822	20160	33
4575	18828	20160	33
4576	18841	20103	66
4577	18841	20103	66
4578	18841	20160	66
4579	18842	20100	66
4580	18852	20160	33
4581	18855	20160	66
4582	18856	20160	33
4583	18859	19725	33
4584	18861	20160	33
4585	18866	20160	33
4586	18866	20160	33
4587	18866	20160	33
4588	18866	20160	33
4589	18866	20160	33
4590	18866	20160	33
4591	18866	20160	33
4592	18866	20160	33
4593	18866	20160	33
4594	18866	20160	33
4595	18866	20160	33
4596	18866	20160	33
4597	18866	20160	33
4598	18866	20160	33
4599	18866	20160	33
4600	18866	20160	33
4601	18866	20160	33
4602	18866	20160	33
4603	18866	20160	33
4604	18866	20160	33
4605	18866	20160	33
4606	18866	20160	33
4607	18866	20160	33
4608	18866	20160	33
4609	18866	20160	33
4610	18866	20160	33
4611	18866	20160	33
4612	18866	20160	33
4613	18866	20160	33
4614	18866	20160	33
4615	18866	20160	33
4616	18868	20160	33
4617	18868	20160	66
4618	18888	20160	33
4619	18907	20160	66
4620	18907	20160	66
4621	18907	20160	66
4622	18909	20160	25
4623	18911	19661	33
4624	18911	19694	33
4625	18911	19694	33
4626	18911	19708	33
4627	18911	19786	33
4628	18911	19786	33
4629	18915	20160	66
4630	18915	20160	66
4631	18917	19646	33
4632	18917	19646	33
4633	18935	19752	33
4634	18935	19752	33
4635	18935	19752	33
4636	18935	19752	33
4637	18935	19752	33
4638	18935	19752	33
4639	18935	19752	33
4640	18935	19752	33
4641	18935	19754	33
4642	18935	19754	33
4643	18940	20160	66
4644	18940	20160	66
4645	18946	19807	33
4646	18946	20160	33
4647	18946	20160	33
4648	18946	20160	33
4649	18946	20160	33
4650	18946	20160	33
4651	18946	20160	33
4652	18946	20160	33
4653	18946	20160	33
4654	18946	20160	33
4655	18946	20160	33
4656	18946	20160	33
4657	18946	20160	33
4658	18946	20160	33
4659	18946	20160	33
4660	18946	20160	33
4661	18946	20160	33
4662	18946	20160	33
4663	18946	20160	33
4664	18946	20160	33
4665	18946	20160	33
4666	18947	19683	33
4667	18947	19806	33
4668	18947	19806	33
4669	18947	19806	33
4670	18947	19806	33
4671	18947	19806	33
4672	18947	19806	33
4673	18947	19806	33
4674	18947	19806	33
4675	18947	19806	33
4676	18947	19806	33
4677	18947	19806	33
4678	18947	19806	33
4679	18947	19806	33
4680	18947	19806	33
4681	18947	19806	33
4682	18947	19806	33
4683	18947	19806	33
4684	18947	19806	33
4685	18947	19806	33
4686	18947	19807	33
4687	18947	19807	33
4688	18947	19807	33
4689	18947	19807	33
4690	18947	19807	33
4691	18947	19807	33
4692	18947	19808	33
4693	18947	19811	33
4694	18947	20074	33
4695	18947	20074	33
4696	18947	20160	33
4697	18947	20160	33
4698	18947	20160	33
4699	18947	20160	33
4700	18947	20160	33
4701	18947	20160	33
4702	18947	20160	33
4703	18947	20160	33
4704	18947	20160	33
4705	18947	20160	33
4706	18947	20160	33
4707	18947	20160	33
4708	18947	20160	33
4709	18947	20160	33
4710	18947	20160	33
4711	18947	20160	33
4712	18947	20160	33
4713	18947	20160	33
4714	18947	20160	33
4715	18947	20160	33
4716	18947	20160	33
4717	18947	20160	33
4718	18947	20160	33
4719	18947	20160	33
4720	18947	20160	33
4721	18947	20160	33
4722	18947	20160	33
4723	18947	20160	33
4724	18947	20160	33
4725	18947	20160	33
4726	18947	20160	33
4727	18947	20160	33
4728	18947	20160	33
4729	18947	20160	33
4730	18947	20160	33
4731	18947	20160	33
4732	18947	20160	33
4733	18947	20160	33
4734	18947	20160	33
4735	18947	20160	33
4736	18947	20160	33
4737	18947	20160	33
4738	18947	20160	33
4739	18947	20160	33
4740	18947	20160	33
4741	18947	20160	33
4742	18947	20160	33
4743	18947	20160	33
4744	18947	20160	33
4745	18947	20160	33
4746	18947	20160	33
4747	18947	20160	33
4748	18947	20160	33
4749	18947	20160	33
4750	18947	20160	33
4751	18947	20160	33
4752	18947	20160	33
4753	18947	20160	33
4754	18947	20160	33
4755	18947	20160	33
4756	18947	20160	33
4757	18947	20160	33
4758	18947	20160	33
4759	18947	20160	33
4760	18947	20160	33
4761	18947	20160	33
4762	18947	20160	33
4763	18947	20160	33
4764	18947	20160	33
4765	18947	20160	33
4766	18947	20160	33
4767	18947	20160	33
4768	18947	20160	33
4769	18947	20160	33
4770	18947	20160	33
4771	18947	20160	33
4772	18947	20160	33
4773	18947	20160	33
4774	18947	20160	33
4775	18947	20160	33
4776	18947	20160	33
4777	18947	20160	33
4778	18947	20160	33
4779	18947	20160	33
4780	18947	20160	33
4781	18947	20160	33
4782	18947	20160	33
4783	18947	20160	33
4784	18947	20160	33
4785	18947	20160	33
4786	18947	20160	33
4787	18947	20160	33
4788	18947	20160	33
4789	18947	20160	33
4790	18947	20160	33
4791	18947	20160	33
4792	18947	20160	33
4793	18947	20160	33
4794	18947	20160	33
4795	18947	20160	33
4796	18947	20160	33
4797	18947	20160	33
4798	18947	20160	33
4799	18947	20160	33
4800	18947	20160	33
4801	18947	20160	33
4802	18947	20160	33
4803	18947	20160	33
4804	18947	20160	33
4805	18947	20160	33
4806	18947	20160	33
4807	18947	20160	33
4808	18948	19809	33
4809	18948	19809	33
4810	18948	19809	33
4811	18948	19809	33
4812	18948	19809	33
4813	18948	19816	33
4814	18948	19927	33
4815	18948	20160	33
4816	18948	20160	33
4817	18948	20160	33
4818	18948	20160	33
4819	18948	20160	33
4820	18948	20160	33
4821	18948	20160	33
4822	18948	20160	33
4823	18948	20160	33
4824	18948	20160	33
4825	18948	20160	33
4826	18948	20160	33
4827	18948	20160	33
4828	18948	20160	33
4829	18948	20160	33
4830	18948	20160	33
4831	18948	20160	33
4832	18948	20160	33
4833	18948	20160	33
4834	18948	20160	33
4835	18948	20160	33
4836	18948	20160	33
4837	18948	20160	33
4838	18948	20160	33
4839	18948	20160	33
4840	18948	20160	33
4841	18948	20160	33
4842	18948	20160	33
4843	18948	20160	33
4844	18948	20160	33
4845	18948	20160	33
4846	18948	20160	33
4847	18948	20160	33
4848	18948	20160	33
4849	18948	20160	33
4850	18948	20160	33
4851	18948	20160	33
4852	18948	20160	33
4853	18949	19913	66
4854	18949	20160	66
4855	18952	20160	66
4856	18957	19923	33
4857	18963	20160	33
4858	18964	20160	66
4859	18968	20160	33
4860	18968	20160	33
4861	18968	20160	33
4862	18982	20160	33
4863	19000	20160	66
4864	19011	20160	33
4865	19021	20160	33
4866	19021	20160	33
4867	19021	20160	33
4868	19021	20160	33
4869	19022	19862	30
4870	19022	20160	33
4871	19023	19782	66
4872	19026	20160	33
4873	19030	20091	33
4874	19047	20160	33
4875	19047	20160	33
4876	19047	20160	33
4877	19047	20160	33
4878	19049	20160	33
4879	19049	20160	33
4880	19049	20160	33
4881	19058	20160	33
4882	19081	19816	66
4883	19081	20160	66
4884	19081	20160	66
4885	19082	20160	33
4886	19102	20160	66
4887	19107	20160	33
4888	19107	20160	33
4889	19107	20160	33
4890	19107	20160	33
4891	19112	20160	33
4892	19123	19922	60
4893	19139	20140	33
4894	19139	20140	33
4895	19139	20140	33
4896	19140	20160	33
4897	19140	20160	33
4898	19140	20160	33
4899	19140	20160	33
4900	19140	20160	33
4901	19140	20160	33
4902	19140	20160	33
4903	19140	20160	33
4904	19146	20149	33
4905	19151	20160	33
4906	19167	20160	33
4907	19172	20160	33
4908	19172	20160	33
4909	19172	20160	33
4910	19173	20160	33
4911	19177	20160	33
4912	19190	20160	33
4913	19190	20160	33
4914	19191	20160	33
4915	19193	20160	33
4916	19213	20160	25
4917	19222	20160	33
4918	19231	20160	33
4919	19237	20160	33
4920	19267	20160	33
4921	19267	20160	33
4922	19267	20160	33
4923	19268	20152	66
4924	19269	20160	33
4925	19272	20160	33
4926	19277	20046	66
4927	19277	20046	66
4928	19293	20160	33
4929	19294	20144	33
4930	19294	20144	33
4931	19294	20144	33
4932	19294	20160	33
4933	19306	20160	33
4934	19306	20160	30
4935	19308	20159	33
4936	19308	20160	33
4937	19309	20160	33
4938	19310	20160	33
4939	19311	20146	33
4940	19314	20160	33
4941	19321	20160	33
4942	19321	20160	33
4943	19321	20160	33
4944	19323	20160	50
4945	19323	20160	33
4946	19326	20160	33
4947	19327	20160	66
4948	19328	20160	33
4949	19328	20160	33
4950	19331	20160	33
4951	19332	20089	33
4952	19332	20089	33
4953	19332	20160	33
4954	19332	20160	33
4955	19332	20160	33
4956	19332	20160	33
4957	19332	20160	33
4958	19347	20160	33
4959	19347	20160	33
4960	19348	20102	33
4961	19348	20160	33
4962	19348	20160	33
4963	19348	20160	33
4964	19348	20160	33
4965	19348	20160	33
4966	19348	20160	33
4967	19348	20160	33
4968	19348	20160	33
4969	19348	20160	33
4970	19351	20160	50
4971	19352	20160	33
4972	19355	20160	33
4973	19357	20160	33
4974	19357	20160	33
4975	19359	20160	33
4976	19359	20160	66
4977	19364	20160	33
4978	19368	20160	33
4979	19376	20160	33
4980	19376	20160	33
4981	19379	20160	33
4982	19381	20105	33
4983	19381	20112	33
4984	19384	20160	66
4985	19384	20160	66
4986	19386	20160	33
4987	19387	20160	33
4988	19387	20160	33
4989	19388	20160	33
4990	19408	20160	66
4991	19414	20160	66
4992	19414	20160	66
4993	19414	20160	33
4994	19414	20160	66
4995	19414	20160	66
4996	19417	20160	33
4997	19432	20160	33
4998	19432	20160	33
4999	19435	20160	33
