5000	100	0	0
0	0	720	33
1	0	720	33
2	0	721	33
3	0	722	33
4	0	722	61
5	0	723	33
6	0	724	33
7	0	729	33
8	0	741	33
9	0	743	33
10	0	747	33
11	0	747	33
12	0	747	33
13	0	749	66
14	0	753	33
15	0	755	33
16	0	755	33
17	0	755	33
18	0	755	33
19	0	755	33
20	0	755	33
21	0	755	33
22	0	755	33
23	0	755	33
24	0	755	33
25	0	755	33
26	0	755	33
27	0	755	33
28	0	755	33
29	0	755	33
30	0	755	33
31	0	755	33
32	0	755	33
33	0	755	33
34	0	755	33
35	0	755	33
36	0	755	33
37	0	755	33
38	0	755	33
39	0	755	33
40	0	755	33
41	0	755	33
42	0	755	33
43	0	755	33
44	0	755	33
45	0	755	33
46	0	755	33
47	0	755	33
48	0	755	33
49	0	755	33
50	0	755	33
51	0	755	33
52	0	755	33
53	0	755	33
54	0	755	33
55	0	755	33
56	0	755	33
57	0	755	33
58	0	755	33
59	0	755	33
60	0	755	33
61	0	755	33
62	0	755	33
63	0	755	33
64	0	755	33
65	0	755	33
66	0	755	33
67	0	755	33
68	0	755	33
69	0	755	33
70	0	755	33
71	0	755	33
72	0	755	33
73	0	755	33
74	0	755	33
75	0	755	33
76	0	755	33
77	0	755	33
78	0	755	33
79	0	755	33
80	0	755	33
81	0	755	33
82	0	755	33
83	0	755	33
84	0	755	33
85	0	755	33
86	0	755	33
87	0	755	33
88	0	755	33
89	0	755	33
90	0	755	33
91	0	755	33
92	0	755	33
93	0	755	33
94	0	755	33
95	0	755	33
96	0	755	33
97	0	755	33
98	0	755	33
99	0	755	33
100	0	755	33
101	0	755	33
102	0	755	33
103	0	755	33
104	0	755	33
105	0	755	33
106	0	755	33
107	0	755	33
108	0	755	33
109	0	755	33
110	0	755	33
111	0	755	33
112	0	755	33
113	0	755	33
114	0	755	33
115	0	755	33
116	0	755	33
117	0	755	33
118	0	755	33
119	0	755	33
120	0	755	33
121	0	755	33
122	0	755	33
123	0	755	33
124	0	755	33
125	0	755	33
126	0	755	33
127	0	755	33
128	0	755	33
129	0	755	33
130	0	755	33
131	0	755	33
132	0	755	33
133	0	755	33
134	0	755	33
135	0	755	33
136	0	755	33
137	0	755	33
138	0	755	33
139	0	755	33
140	0	755	33
141	0	755	33
142	0	755	33
143	0	755	33
144	0	758	66
145	0	758	33
146	0	758	33
147	0	764	33
148	0	764	33
149	0	764	33
150	0	764	33
151	0	765	66
152	0	781	33
153	0	783	33
154	0	794	33
155	0	813	33
156	0	817	66
157	0	818	33
158	0	818	66
159	0	821	33
160	0	829	33
161	0	833	66
162	0	833	66
163	0	845	33
164	0	845	33
165	0	850	30
166	0	851	30
167	0	854	33
168	0	854	25
169	0	859	50
170	0	859	50
171	0	863	33
172	0	872	33
173	0	872	33
174	0	872	33
175	0	877	66
176	0	877	33
177	0	889	66
178	0	892	33
179	0	892	33
180	0	892	33
181	0	899	33
182	0	899	33
183	0	900	33
184	0	900	33
185	0	900	33
186	0	900	33
187	0	901	33
188	0	925	33
189	0	925	33
190	0	935	33
191	0	940	33
192	0	942	66
193	0	943	33
194	0	943	33
195	0	945	66
196	0	945	66
197	0	945	66
198	0	948	66
199	0	955	33
200	0	956	50
201	0	966	30
202	0	972	33
203	0	1004	66
204	0	1013	66
205	0	1013	66
206	0	1013	66
207	0	1013	66
208	0	1013	66
209	0	1013	66
210	0	1013	66
211	0	1013	66
212	0	1013	66
213	0	1020	33
214	0	1020	33
215	0	1021	30
216	0	1021	30
217	0	1021	33
218	0	1022	33
219	0	1023	66
220	0	1023	33
221	0	1024	61
222	0	1026	66
223	0	1033	33
224	0	1042	66
225	0	1045	66
226	0	1046	33
227	0	1051	33
228	0	1059	33
229	0	1060	33
230	0	1062	33
231	0	1070	33
232	0	1071	33
233	0	1075	66
234	0	1075	66
235	0	1075	66
236	0	1088	66
237	0	1088	66
238	0	1106	33
239	0	1107	33
240	0	1108	66
241	0	1108	66
242	0	1108	66
243	0	1108	66
244	0	1131	33
245	0	1136	33
246	0	1140	33
247	0	1141	33
248	0	1141	33
249	0	1141	33
250	0	1141	33
251	0	1141	33
252	0	1141	33
253	0	1141	33
254	0	1141	33
255	0	1141	33
256	0	1141	33
257	0	1141	33
258	0	1141	33
259	0	1141	33
260	0	1141	33
261	0	1141	33
262	0	1141	33
263	0	1141	33
264	0	1141	33
265	0	1141	33
266	0	1142	33
267	0	1142	33
268	0	1142	33
269	0	1142	33
270	0	1142	33
271	0	1142	33
272	0	1142	33
273	0	1142	33
274	0	1142	33
275	0	1142	33
276	0	1142	33
277	0	1142	33
278	0	1142	33
279	0	1142	33
280	0	1142	33
281	0	1142	33
282	0	1142	33
283	0	1142	33
284	0	1142	33
285	0	1142	33
286	0	1142	33
287	0	1143	33
288	0	1143	33
289	0	1144	33
290	0	1144	33
291	0	1144	33
292	0	1147	33
293	0	1150	30
294	0	1150	33
295	0	1153	33
296	0	1156	33
297	0	1156	33
298	0	1157	33
299	0	1157	33
300	0	1157	33
301	0	1157	33
302	0	1157	33
303	0	1157	33
304	0	1157	33
305	0	1157	33
306	0	1157	33
307	0	1157	33
308	0	1157	33
309	0	1157	33
310	0	1157	33
311	0	1157	33
312	0	1157	33
313	0	1157	33
314	0	1157	33
315	0	1157	33
316	0	1157	33
317	0	1157	33
318	0	1157	33
319	0	1157	33
320	0	1157	33
321	0	1158	33
322	0	1158	33
323	0	1158	33
324	0	1158	33
325	0	1158	33
326	0	1158	33
327	0	1158	33
328	0	1158	66
329	0	1158	33
330	0	1158	33
331	0	1158	33
332	0	1162	30
333	0	1163	30
334	0	1163	30
335	0	1167	30
336	0	1168	30
337	0	1171	33
338	0	1175	33
339	0	1175	33
340	0	1180	33
341	0	1180	33
342	0	1187	66
343	0	1194	33
344	0	1198	30
345	0	1201	30
346	0	1201	30
347	0	1201	30
348	0	1202	30
349	0	1202	33
350	0	1202	33
351	0	1205	33
352	0	1206	33
353	0	1214	33
354	0	1215	33
355	0	1218	33
356	0	1218	33
357	0	1228	33
358	0	1230	66
359	0	1235	33
360	0	1243	30
361	0	1246	30
362	0	1247	33
363	0	1247	33
364	0	1248	30
365	0	1248	30
366	0	1253	30
367	0	1261	30
368	0	1264	33
369	0	1265	33
370	0	1273	33
371	0	1275	33
372	0	1293	66
373	0	1294	40
374	0	1310	66
375	0	1321	33
376	0	1321	33
377	0	1329	33
378	0	1330	33
379	0	1331	30
380	0	1333	30
381	0	1334	30
382	0	1336	66
383	0	1351	33
384	0	1365	33
385	0	1375	33
386	0	1379	33
387	0	1381	33
388	0	1381	33
389	0	1384	33
390	0	1390	66
391	0	1390	66
392	0	1390	66
393	0	1390	33
394	0	1390	33
395	0	1394	66
396	0	1394	33
397	0	1396	30
398	0	1396	66
399	0	1402	33
400	0	1405	25
401	0	1418	66
402	0	1418	66
403	0	1418	66
404	0	1418	66
405	0	1418	66
406	0	1418	66
407	0	1418	66
408	0	1418	66
409	0	1418	66
410	0	1418	66
411	0	1418	66
412	0	1418	66
413	0	1418	66
414	0	1418	66
415	0	1418	66
416	0	1418	66
417	0	1418	66
418	0	1418	66
419	0	1418	66
420	0	1418	66
421	0	1419	30
422	0	1431	33
423	0	1432	33
424	0	1432	33
425	0	1437	66
426	0	1437	66
427	2	850	33
428	11	754	33
429	17	1445	33
430	36	770	66
431	44	1476	33
432	52	1476	33
433	60	1447	33
434	61	1311	33
435	67	870	33
436	73	860	25
437	73	860	25
438	73	860	50
439	74	860	50
440	75	1027	66
441	85	878	33
442	97	932	33
443	100	1203	66
444	100	1203	66
445	104	878	33
446	104	878	33
447	111	878	33
448	118	878	33
449	120	878	33
450	120	878	33
451	120	878	33
452	121	878	33
453	121	878	33
454	121	878	33
455	121	878	33
456	121	878	33
457	121	878	33
458	121	878	33
459	122	937	33
460	122	1380	66
461	122	1381	66
462	122	1381	66
463	122	1381	66
464	124	878	33
465	125	937	33
466	126	937	33
467	129	937	33
468	138	1563	33
469	140	937	33
470	151	937	33
471	151	937	33
472	151	937	33
473	151	937	33
474	151	937	33
475	151	937	33
476	160	1060	66
477	161	1030	66
478	162	1247	33
479	165	1010	66
480	165	1019	66
481	167	992	50
482	171	1034	66
483	192	1397	66
484	199	1036	66
485	200	1145	66
486	201	1142	66
487	201	1246	66
488	204	929	33
489	204	929	33
490	204	961	33
491	206	1142	66
492	212	1473	33
493	212	1473	33
494	212	1473	33
495	214	1044	66
496	214	1141	66
497	214	1142	66
498	214	1142	66
499	214	1145	66
500	215	1158	66
501	215	1501	33
502	216	1051	66
503	216	1051	66
504	216	1141	66
505	216	1142	66
506	216	1142	66
507	216	1142	66
508	216	1142	66
509	217	1038	66
510	217	1143	66
511	218	1218	66
512	222	1147	33
513	223	1043	66
514	247	1043	66
515	247	1157	66
516	247	1561	33
517	248	1561	33
518	249	993	33
519	249	998	33
520	252	1005	33
521	252	1141	33
522	252	1142	33
523	252	1157	33
524	252	1157	33
525	252	1645	33
526	261	1043	66
527	261	1082	33
528	261	1082	33
529	261	1140	33
530	261	1141	33
531	261	1141	33
532	261	1142	33
533	261	1142	33
534	261	1142	33
535	261	1142	33
536	261	1142	33
537	261	1142	33
538	261	1142	33
539	261	1142	33
540	261	1142	33
541	261	1142	33
542	261	1142	33
543	261	1142	33
544	261	1142	33
545	261	1142	33
546	261	1142	33
547	261	1142	33
548	261	1142	33
549	261	1142	33
550	261	1142	33
551	261	1142	33
552	261	1156	66
553	261	1181	33
554	261	1205	33
555	261	1205	33
556	261	1214	33
557	261	1214	33
558	261	1214	33
559	261	1214	33
560	261	1215	33
561	261	1217	33
562	261	1217	33
563	261	1217	33
564	261	1321	33
565	261	1382	33
566	261	1387	33
567	261	1395	33
568	261	1441	33
569	261	1622	33
570	267	1157	66
571	267	1350	66
572	267	1381	25
573	268	1043	66
574	273	1094	33
575	278	1074	66
576	282	1142	33
577	282	1142	33
578	282	1142	33
579	282	1142	33
580	282	1142	33
581	282	1142	33
582	282	1142	33
583	282	1142	33
584	282	1142	33
585	282	1142	33
586	282	1142	33
587	282	1142	33
588	282	1142	33
589	282	1142	33
590	282	1142	33
591	282	1142	33
592	282	1214	33
593	282	1217	33
594	282	1696	33
595	283	1157	33
596	284	1157	33
597	284	1157	33
598	284	1157	33
599	284	1157	33
600	284	1157	33
601	284	1157	33
602	284	1157	33
603	284	1157	33
604	284	1158	33
605	284	1158	33
606	284	1158	33
607	284	1158	33
608	285	1157	33
609	285	1157	33
610	285	1157	33
611	285	1158	33
612	285	1158	33
613	285	1158	33
614	285	1161	33
615	298	1072	33
616	310	1078	66
617	310	1078	66
618	313	1140	66
619	313	1141	66
620	313	1141	66
621	313	1141	66
622	313	1141	66
623	313	1501	66
624	316	1040	66
625	316	1040	66
626	316	1040	66
627	316	1040	66
628	316	1045	66
629	316	1103	66
630	345	1561	33
631	352	1085	33
632	352	1628	66
633	352	1629	66
634	361	1444	33
635	372	1626	66
636	377	1156	33
637	377	1157	33
638	377	1157	33
639	377	1157	33
640	377	1157	33
641	377	1157	33
642	377	1157	33
643	377	1157	33
644	377	1157	33
645	377	1157	33
646	377	1157	33
647	377	1157	33
648	377	1157	33
649	377	1157	33
650	377	1157	33
651	377	1158	33
652	377	1158	33
653	377	1158	33
654	377	1158	33
655	378	1157	33
656	385	1451	30
657	387	1202	60
658	413	1850	66
659	415	1157	33
660	415	1158	33
661	415	1158	33
662	415	1159	33
663	417	1140	33
664	417	1141	33
665	417	1141	33
666	417	1141	33
667	417	1141	33
668	417	1141	33
669	417	1141	33
670	417	1141	33
671	417	1142	33
672	417	1142	33
673	417	1142	33
674	417	1142	33
675	417	1142	33
676	417	1142	33
677	417	1142	33
678	417	1142	33
679	417	1142	33
680	417	1219	33
681	417	1382	33
682	417	1501	33
683	417	1501	33
684	422	1626	66
685	422	1796	66
686	427	1156	33
687	427	1157	33
688	427	1157	33
689	427	1157	33
690	427	1157	33
691	427	1157	33
692	427	1157	33
693	427	1157	33
694	427	1157	33
695	427	1157	33
696	427	1158	33
697	427	1158	33
698	427	1158	33
699	427	1158	33
700	427	1158	33
701	427	1159	33
702	427	1338	33
703	427	1449	66
704	427	1449	33
705	434	1324	33
706	434	1460	33
707	434	1555	33
708	438	1799	66
709	458	1338	33
710	458	1521	33
711	464	1338	33
712	464	1338	33
713	464	1860	33
714	501	1272	33
715	518	1381	66
716	518	1381	66
717	518	1513	66
718	520	1322	66
719	520	1738	66
720	531	1408	25
721	531	1723	33
722	531	1902	33
723	532	1408	25
724	532	1408	25
725	532	1408	25
726	533	1408	25
727	533	1408	25
728	533	1408	25
729	538	1375	33
730	538	1381	33
731	538	1381	33
732	538	1441	33
733	538	1738	33
734	543	1562	50
735	543	1980	33
736	563	1995	33
737	571	1396	33
738	572	1294	33
739	572	1322	33
740	572	1443	33
741	572	1443	33
742	572	1456	33
743	572	1501	33
744	572	1645	33
745	572	1740	33
746	572	1816	33
747	572	1944	33
748	583	1465	33
749	587	2013	33
750	589	1411	66
751	589	1806	66
752	589	1863	66
753	593	1541	66
754	593	1891	66
755	597	1876	66
756	597	1958	66
757	601	1343	33
758	603	1516	25
759	603	1516	50
760	609	1361	33
761	609	1581	33
762	609	1581	33
763	609	1645	33
764	613	1392	33
765	613	1737	33
766	616	1385	33
767	616	1428	25
768	617	1389	33
769	617	1681	33
770	617	1956	33
771	617	1956	33
772	619	1897	33
773	619	1998	33
774	627	1380	33
775	627	1774	33
776	627	1945	33
777	629	1916	30
778	661	1681	33
779	666	1726	33
780	666	1924	66
781	666	1925	66
782	666	2044	66
783	667	1910	33
784	668	1814	33
785	668	1836	33
786	668	1947	33
787	668	2005	33
788	685	1728	33
789	690	1621	66
790	690	1631	66
791	691	1641	66
792	691	1641	66
793	691	1641	66
794	698	1476	33
795	711	1591	33
796	711	1627	33
797	716	1473	33
798	721	1688	33
799	721	1688	33
800	722	1513	25
801	722	1627	33
802	722	1724	33
803	723	1463	25
804	723	1724	33
805	723	1724	33
806	727	1929	33
807	736	2159	33
808	741	1682	33
809	746	1622	50
810	751	1502	30
811	751	1502	30
812	755	1611	33
813	756	1752	66
814	756	1752	66
815	756	1752	66
816	757	1502	33
817	759	1502	66
818	766	1901	33
819	766	1901	33
820	766	1901	33
821	766	1901	33
822	766	1901	33
823	766	1901	33
824	767	1901	33
825	767	1901	33
826	767	1901	33
827	767	1901	33
828	767	1901	33
829	767	1901	33
830	767	1901	33
831	767	1901	33
832	767	1904	33
833	767	1904	33
834	768	1901	33
835	768	1901	33
836	768	1901	33
837	781	1503	33
838	781	1680	33
839	784	1551	33
840	784	1906	33
841	786	1580	33
842	803	1995	33
843	805	1564	66
844	805	1564	66
845	805	1564	66
846	805	1565	66
847	805	1565	66
848	805	1653	25
849	811	1562	66
850	811	1680	33
851	814	1950	33
852	815	1901	33
853	815	1901	33
854	815	1901	33
855	816	1901	33
856	816	1901	33
857	816	1901	33
858	816	1901	33
859	816	1901	33
860	816	1901	33
861	816	1901	33
862	816	1901	33
863	816	1901	33
864	816	1901	33
865	816	1901	33
866	816	1901	33
867	816	1901	33
868	816	1905	33
869	816	1905	33
870	816	1905	33
871	817	1901	33
872	817	1901	33
873	817	1901	33
874	817	1901	33
875	817	1901	33
876	817	1901	33
877	817	1901	33
878	817	1901	33
879	817	1901	33
880	817	1901	33
881	817	1901	33
882	817	1905	33
883	817	1905	33
884	817	1905	33
885	817	1905	33
886	817	1905	33
887	817	1905	33
888	817	1905	33
889	818	1901	33
890	818	1901	33
891	818	1901	33
892	818	1901	33
893	818	1901	33
894	818	1901	33
895	818	1901	33
896	818	1901	33
897	818	1901	33
898	818	1901	33
899	818	1901	33
900	818	1901	33
901	818	1901	33
902	818	1901	33
903	818	1901	33
904	818	1901	33
905	818	1901	33
906	818	1901	33
907	818	1901	33
908	819	1901	33
909	819	1901	33
910	819	1901	33
911	819	1901	33
912	819	1901	33
913	819	1901	33
914	819	1901	33
915	819	1901	33
916	819	1901	33
917	819	1901	33
918	819	1901	33
919	819	1901	33
920	819	1901	33
921	819	1901	33
922	819	1901	33
923	819	1901	33
924	819	1901	33
925	819	1901	33
926	819	1901	33
927	820	1901	33
928	820	1901	33
929	820	1901	33
930	820	1901	33
931	820	1901	33
932	820	1901	33
933	820	1901	33
934	820	1901	33
935	821	1901	33
936	821	1901	33
937	821	1901	33
938	821	1901	33
939	821	1901	33
940	821	1901	33
941	821	1901	33
942	829	1590	33
943	830	1952	33
944	841	1692	33
945	841	1865	33
946	845	1634	33
947	845	1634	33
948	852	1627	66
949	873	1622	33
950	895	2161	33
951	901	1841	33
952	901	2142	33
953	911	2026	66
954	911	2026	66
955	911	2026	66
956	911	2026	66
957	911	2026	66
958	926	2026	66
959	926	2026	66
960	926	2026	66
961	926	2026	66
962	926	2026	66
963	926	2026	66
964	926	2026	66
965	933	1901	33
966	933	1901	33
967	933	2121	33
968	945	1772	25
969	954	1681	33
970	954	1996	33
971	955	1898	33
972	955	1956	66
973	966	2046	33
974	966	2181	33
975	967	1776	33
976	967	1872	33
977	967	1877	33
978	967	1891	33
979	967	2054	33
980	967	2185	66
981	967	2221	33
982	967	2224	33
983	967	2297	33
984	967	2300	66
985	974	2155	66
986	976	2183	66
987	977	1976	66
988	996	2083	66
989	998	1901	66
990	1007	2037	66
991	1007	2061	33
992	1018	1839	66
993	1018	1944	66
994	1032	2140	33
995	1034	2086	66
996	1037	2214	66
997	1044	1821	33
998	1060	2212	66
999	1068	1887	33
1000	1068	1887	33
1001	1075	2300	25
1002	1078	1887	66
1003	1079	1887	33
1004	1081	1887	33
1005	1081	1887	33
1006	1093	2300	25
1007	1093	2300	50
1008	1095	2300	25
1009	1137	2504	66
1010	1140	2523	33
1011	1142	1870	33
1012	1142	2348	33
1013	1142	2348	33
1014	1144	2058	66
1015	1146	2216	33
1016	1146	2293	33
1017	1146	2386	33
1018	1147	2256	33
1019	1149	2101	66
1020	1152	2273	33
1021	1152	2273	33
1022	1156	2119	33
1023	1156	2130	33
1024	1156	2159	33
1025	1157	1950	33
1026	1158	2098	33
1027	1158	2109	33
1028	1159	2098	33
1029	1159	2119	33
1030	1159	2129	33
1031	1159	2159	33
1032	1166	2300	50
1033	1166	2300	25
1034	1166	2300	50
1035	1166	2301	50
1036	1171	2301	50
1037	1177	1901	33
1038	1177	1901	33
1039	1177	1901	33
1040	1177	1901	33
1041	1178	1901	33
1042	1178	1901	33
1043	1178	1901	33
1044	1178	1901	33
1045	1178	1901	33
1046	1178	1905	33
1047	1178	1905	33
1048	1179	1901	33
1049	1179	1901	33
1050	1179	1901	33
1051	1179	1901	33
1052	1179	1901	33
1053	1180	1901	33
1054	1180	1901	33
1055	1180	1901	33
1056	1180	1901	33
1057	1181	1901	33
1058	1181	1901	33
1059	1181	1901	33
1060	1181	1901	33
1061	1181	1901	33
1062	1181	1901	33
1063	1181	1904	33
1064	1182	2263	66
1065	1184	2116	66
1066	1191	2119	33
1067	1203	1937	30
1068	1219	1982	66
1069	1219	1996	66
1070	1219	2041	66
1071	1219	2161	66
1072	1219	2171	66
1073	1219	2222	66
1074	1219	2505	66
1075	1222	1945	66
1076	1222	1988	66
1077	1222	1996	66
1078	1222	1998	66
1079	1222	2024	66
1080	1222	2353	66
1081	1222	2494	66
1082	1222	2494	66
1083	1222	2494	66
1084	1222	2495	66
1085	1222	2495	66
1086	1222	2495	66
1087	1222	2495	66
1088	1222	2495	66
1089	1222	2495	66
1090	1222	2495	66
1091	1222	2495	66
1092	1224	2166	50
1093	1226	2642	33
1094	1242	2011	66
1095	1242	2478	66
1096	1242	2494	66
1097	1242	2494	66
1098	1242	2495	66
1099	1242	2495	66
1100	1271	2055	66
1101	1283	2057	33
1102	1283	2057	33
1103	1283	2204	33
1104	1299	2098	33
1105	1299	2119	33
1106	1299	2159	33
1107	1303	2098	66
1108	1304	2058	66
1109	1306	2711	33
1110	1311	2058	66
1111	1311	2058	66
1112	1311	2270	66
1113	1311	2270	66
1114	1312	2270	66
1115	1312	2270	66
1116	1312	2270	66
1117	1312	2270	66
1118	1312	2270	66
1119	1312	2270	66
1120	1312	2270	66
1121	1312	2270	66
1122	1313	2056	66
1123	1313	2270	66
1124	1313	2270	66
1125	1313	2270	66
1126	1313	2270	66
1127	1313	2270	66
1128	1313	2270	66
1129	1313	2270	66
1130	1313	2270	66
1131	1313	2270	66
1132	1318	2065	66
1133	1318	2270	66
1134	1318	2270	66
1135	1318	2270	66
1136	1318	2270	66
1137	1318	2270	66
1138	1322	2060	66
1139	1322	2060	66
1140	1322	2060	66
1141	1322	2060	66
1142	1322	2060	66
1143	1322	2060	66
1144	1322	2060	66
1145	1322	2060	66
1146	1322	2060	66
1147	1322	2060	66
1148	1322	2060	66
1149	1322	2060	66
1150	1322	2060	66
1151	1322	2060	66
1152	1322	2062	66
1153	1322	2062	66
1154	1322	2062	66
1155	1322	2062	66
1156	1322	2062	66
1157	1322	2062	66
1158	1322	2062	66
1159	1322	2062	66
1160	1322	2062	66
1161	1322	2062	66
1162	1322	2062	66
1163	1322	2062	66
1164	1322	2062	66
1165	1322	2062	66
1166	1322	2062	66
1167	1322	2062	66
1168	1322	2062	66
1169	1322	2062	66
1170	1322	2062	66
1171	1322	2062	66
1172	1322	2062	66
1173	1322	2062	66
1174	1322	2062	66
1175	1322	2062	66
1176	1322	2063	66
1177	1322	2063	66
1178	1322	2063	66
1179	1322	2063	66
1180	1322	2063	66
1181	1322	2063	66
1182	1322	2063	66
1183	1322	2063	66
1184	1322	2063	66
1185	1322	2063	66
1186	1322	2063	66
1187	1322	2063	66
1188	1322	2063	66
1189	1323	2158	33
1190	1323	2158	33
1191	1323	2158	33
1192	1327	2270	66
1193	1327	2270	66
1194	1327	2270	66
1195	1330	2270	66
1196	1330	2270	66
1197	1330	2270	66
1198	1330	2270	66
1199	1331	2270	66
1200	1335	2271	66
1201	1335	2271	66
1202	1335	2271	66
1203	1335	2271	66
1204	1335	2271	66
1205	1335	2271	66
1206	1335	2271	66
1207	1335	2271	66
1208	1335	2271	66
1209	1336	2270	66
1210	1336	2270	66
1211	1336	2270	66
1212	1336	2270	66
1213	1336	2270	66
1214	1336	2270	66
1215	1336	2270	66
1216	1342	2270	66
1217	1342	2270	66
1218	1342	2270	66
1219	1342	2270	66
1220	1342	2270	66
1221	1342	2270	66
1222	1347	2257	33
1223	1347	2257	33
1224	1350	2272	66
1225	1350	2272	66
1226	1350	2272	66
1227	1350	2272	66
1228	1350	2272	66
1229	1350	2272	66
1230	1350	2272	66
1231	1350	2272	66
1232	1352	2272	66
1233	1352	2272	66
1234	1352	2272	66
1235	1353	2272	66
1236	1353	2272	66
1237	1353	2272	66
1238	1353	2272	66
1239	1353	2272	66
1240	1353	2272	66
1241	1360	2272	66
1242	1360	2272	66
1243	1360	2272	66
1244	1361	2314	33
1245	1378	2098	33
1246	1378	2139	33
1247	1404	2300	50
1248	1417	2519	66
1249	1441	2289	33
1250	1441	2289	33
1251	1441	2292	33
1252	1441	2300	50
1253	1444	2881	33
1254	1445	2855	33
1255	1471	2522	33
1256	1488	2209	33
1257	1488	2257	33
1258	1531	2303	50
1259	1550	2780	30
1260	1562	2820	66
1261	1562	2820	66
1262	1562	2822	66
1263	1562	2822	66
1264	1563	2821	66
1265	1570	2591	66
1266	1580	2518	66
1267	1590	2790	25
1268	1607	2433	50
1269	1614	3006	66
1270	1633	2427	33
1271	1633	2444	33
1272	1633	2444	33
1273	1633	2458	33
1274	1633	2458	33
1275	1633	2458	33
1276	1634	2824	33
1277	1634	2867	33
1278	1636	2498	33
1279	1636	2550	33
1280	1636	2555	33
1281	1636	2647	33
1282	1638	2619	66
1283	1645	2718	33
1284	1645	2741	33
1285	1645	2741	33
1286	1653	2913	33
1287	1659	3002	33
1288	1684	2717	33
1289	1684	2717	33
1290	1684	2717	33
1291	1684	2718	33
1292	1684	2718	33
1293	1684	2741	33
1294	1684	2761	33
1295	1684	2761	33
1296	1684	3076	33
1297	1710	2527	33
1298	1712	2753	33
1299	1712	2753	33
1300	1712	2753	33
1301	1726	2504	33
1302	1730	2823	33
1303	1730	2824	33
1304	1730	2824	33
1305	1730	2824	33
1306	1738	2650	33
1307	1738	2650	33
1308	1749	2915	66
1309	1749	2915	66
1310	1793	3069	33
1311	1796	2941	33
1312	1797	2726	33
1313	1799	2559	33
1314	1799	2718	33
1315	1807	2885	33
1316	1810	3005	66
1317	1816	2591	33
1318	1816	2591	33
1319	1816	2591	33
1320	1816	3122	33
1321	1817	2784	33
1322	1817	2797	33
1323	1817	2882	30
1324	1819	2823	33
1325	1823	2977	33
1326	1827	2718	33
1327	1827	3116	33
1328	1835	2753	33
1329	1835	2885	33
1330	1839	3262	33
1331	1840	2664	25
1332	1840	2674	33
1333	1840	2823	33
1334	1840	2823	33
1335	1840	2823	33
1336	1850	2977	66
1337	1856	3262	33
1338	1857	2675	33
1339	1857	3211	33
1340	1862	3067	66
1341	1867	3058	33
1342	1877	2869	33
1343	1877	2933	33
1344	1893	2762	33
1345	1908	2650	33
1346	1915	2762	33
1347	1915	3084	33
1348	1915	3084	33
1349	1917	3013	33
1350	1920	2798	33
1351	1920	2815	33
1352	1927	2956	33
1353	1927	2956	33
1354	1928	2735	33
1355	1930	2761	33
1356	1930	2956	33
1357	1930	2956	33
1358	1930	2956	33
1359	1930	2956	33
1360	1930	2956	33
1361	1933	3356	30
1362	1934	3221	33
1363	1935	2926	33
1364	1936	2758	33
1365	1942	3299	66
1366	1950	3256	33
1367	1951	3299	66
1368	1951	3299	66
1369	1952	2761	33
1370	1963	2797	66
1371	1972	3151	33
1372	1984	2942	50
1373	1985	2962	66
1374	1993	3421	33
1375	1997	2966	33
1376	2005	3424	33
1377	2008	3323	33
1378	2008	3442	33
1379	2023	2787	33
1380	2025	3000	33
1381	2039	3326	33
1382	2043	3285	33
1383	2044	3025	33
1384	2046	3014	33
1385	2046	3014	33
1386	2046	3017	33
1387	2046	3276	33
1388	2046	3456	33
1389	2047	2883	33
1390	2048	2976	33
1391	2049	3202	33
1392	2049	3262	33
1393	2057	3017	33
1394	2058	3036	33
1395	2058	3087	33
1396	2058	3096	33
1397	2058	3134	33
1398	2058	3149	33
1399	2058	3159	33
1400	2058	3301	33
1401	2058	3387	33
1402	2058	3419	33
1403	2058	3474	33
1404	2075	2834	66
1405	2078	3480	66
1406	2080	2823	66
1407	2080	2823	66
1408	2080	2823	66
1409	2084	3033	33
1410	2090	2890	30
1411	2097	3123	33
1412	2103	3004	66
1413	2103	3063	66
1414	2129	3320	33
1415	2129	3323	33
1416	2130	3094	66
1417	2131	3060	66
1418	2131	3066	66
1419	2131	3071	66
1420	2131	3081	66
1421	2134	3320	33
1422	2134	3323	33
1423	2134	3323	33
1424	2135	3323	33
1425	2156	3066	33
1426	2161	2881	25
1427	2161	2960	33
1428	2163	2884	66
1429	2163	2885	66
1430	2163	2911	25
1431	2163	2935	25
1432	2163	2945	66
1433	2163	3183	33
1434	2165	2886	25
1435	2165	3224	33
1436	2165	3320	33
1437	2166	2977	33
1438	2168	3165	33
1439	2174	2942	33
1440	2187	3213	66
1441	2191	2941	30
1442	2191	2941	30
1443	2191	2941	30
1444	2203	3095	33
1445	2203	3095	33
1446	2204	3095	33
1447	2205	3163	33
1448	2221	2943	33
1449	2221	3060	66
1450	2222	3529	33
1451	2222	3529	33
1452	2223	3427	66
1453	2227	2991	33
1454	2249	3210	66
1455	2251	3006	30
1456	2252	3576	33
1457	2254	3251	33
1458	2263	3012	66
1459	2266	3091	25
1460	2280	3002	33
1461	2281	3305	33
1462	2282	3529	33
1463	2283	3405	33
1464	2291	3036	33
1465	2291	3036	33
1466	2307	3306	33
1467	2309	3061	33
1468	2311	3283	33
1469	2313	3281	33
1470	2316	3724	33
1471	2319	3212	33
1472	2319	3233	33
1473	2326	3756	33
1474	2327	3301	33
1475	2327	3301	33
1476	2340	3071	33
1477	2340	3071	33
1478	2340	3071	33
1479	2344	3601	33
1480	2345	3085	66
1481	2350	3782	33
1482	2354	3266	33
1483	2364	3539	33
1484	2365	3403	33
1485	2365	3403	33
1486	2375	3591	33
1487	2376	3457	33
1488	2390	3623	33
1489	2401	3239	66
1490	2403	3288	33
1491	2405	3447	66
1492	2419	3271	33
1493	2431	3329	33
1494	2464	3730	33
1495	2476	3440	33
1496	2476	3770	33
1497	2476	3872	33
1498	2480	3587	66
1499	2494	3469	66
1500	2494	3606	66
1501	2506	3445	66
1502	2509	3857	33
1503	2509	3908	33
1504	2511	3864	33
1505	2513	3558	33
1506	2515	3725	66
1507	2517	3856	33
1508	2517	3856	33
1509	2518	3731	33
1510	2518	3731	33
1511	2519	3466	66
1512	2522	3310	66
1513	2522	3310	66
1514	2522	3738	66
1515	2522	3738	66
1516	2524	3727	33
1517	2525	3703	66
1518	2526	3676	66
1519	2534	3741	25
1520	2548	3581	66
1521	2549	3355	33
1522	2569	3398	66
1523	2597	3888	30
1524	2601	3338	33
1525	2608	3506	66
1526	2633	3405	33
1527	2638	4024	33
1528	2638	4024	33
1529	2641	3448	66
1530	2641	3448	66
1531	2641	3448	66
1532	2641	3448	66
1533	2643	3449	66
1534	2643	3449	66
1535	2643	3449	66
1536	2643	3449	66
1537	2643	3449	66
1538	2644	3449	66
1539	2644	3449	66
1540	2644	3449	66
1541	2644	3449	66
1542	2644	3449	66
1543	2644	3449	66
1544	2647	3449	66
1545	2650	3448	66
1546	2650	3448	66
1547	2650	3448	66
1548	2650	3448	66
1549	2650	3448	66
1550	2650	3448	66
1551	2650	3448	66
1552	2650	3448	66
1553	2650	3448	66
1554	2650	3448	66
1555	2650	3448	66
1556	2650	3448	66
1557	2650	3448	66
1558	2650	3448	66
1559	2650	3448	66
1560	2650	3448	66
1561	2650	3448	66
1562	2650	3448	66
1563	2650	3449	66
1564	2650	3449	66
1565	2650	3449	66
1566	2650	3449	66
1567	2650	3449	66
1568	2650	3449	66
1569	2650	3449	66
1570	2650	3449	66
1571	2650	3449	66
1572	2650	3449	66
1573	2650	3449	66
1574	2650	3449	66
1575	2650	3449	66
1576	2650	3449	66
1577	2650	3449	66
1578	2650	3449	66
1579	2650	3449	66
1580	2650	3449	66
1581	2650	3449	66
1582	2650	3449	66
1583	2650	3449	66
1584	2650	3449	66
1585	2650	3449	66
1586	2650	3449	66
1587	2650	3449	66
1588	2650	3449	66
1589	2650	3449	66
1590	2651	3448	66
1591	2651	3448	66
1592	2651	3448	66
1593	2653	3449	66
1594	2653	3449	66
1595	2653	3449	66
1596	2653	3449	66
1597	2653	3449	66
1598	2656	3533	66
1599	2667	3648	66
1600	2680	3444	66
1601	2680	3444	66
1602	2680	3444	66
1603	2680	3444	66
1604	2680	3444	66
1605	2680	3444	66
1606	2680	3444	66
1607	2680	3444	66
1608	2680	3444	66
1609	2680	3444	66
1610	2680	3445	66
1611	2680	3445	66
1612	2680	3445	66
1613	2680	3445	66
1614	2680	3445	66
1615	2680	3445	66
1616	2681	3444	66
1617	2681	3444	66
1618	2681	3444	66
1619	2681	3444	66
1620	2681	3444	66
1621	2681	3444	66
1622	2681	3517	66
1623	2682	3445	66
1624	2682	3445	66
1625	2682	3445	66
1626	2682	3445	66
1627	2682	3445	66
1628	2682	3445	66
1629	2682	3786	33
1630	2682	3786	33
1631	2684	3444	66
1632	2684	3444	66
1633	2684	3444	66
1634	2705	3915	33
1635	2707	3565	66
1636	2742	3629	66
1637	2751	4157	33
1638	2761	3560	33
1639	2814	3629	66
1640	2824	3783	33
1641	2895	3672	33
1642	2895	4287	66
1643	2895	4287	66
1644	2895	4334	66
1645	2953	3741	50
1646	2953	3741	25
1647	2954	3741	25
1648	2954	3741	25
1649	2977	3783	33
1650	2977	3784	33
1651	2980	3728	33
1652	2980	3856	33
1653	2981	3856	33
1654	2987	3857	33
1655	2988	3783	33
1656	2988	3783	33
1657	2988	3783	33
1658	2988	3849	33
1659	2988	3864	33
1660	2988	3872	33
1661	2988	3872	33
1662	2988	4091	33
1663	2988	4091	33
1664	2988	4156	33
1665	2988	4156	33
1666	2989	3780	33
1667	2989	3872	33
1668	2989	4321	33
1669	2989	4321	33
1670	2991	3781	33
1671	2991	3782	33
1672	2998	3775	66
1673	2998	3775	66
1674	2998	3775	66
1675	2998	3779	66
1676	2998	3781	66
1677	2998	3781	66
1678	2998	3857	66
1679	2998	3858	66
1680	2998	3858	66
1681	2998	3858	66
1682	2998	3858	66
1683	2998	3859	66
1684	2998	3860	66
1685	2998	3863	66
1686	2998	3863	66
1687	2998	3864	66
1688	2998	3871	66
1689	2999	3781	33
1690	2999	3842	33
1691	2999	3849	33
1692	3000	3849	33
1693	3000	3849	33
1694	3004	3734	33
1695	3004	3743	33
1696	3004	3743	33
1697	3004	3841	33
1698	3004	3857	33
1699	3004	3872	33
1700	3004	3872	33
1701	3004	4328	33
1702	3004	4388	33
1703	3005	3907	33
1704	3005	3907	33
1705	3008	3738	33
1706	3008	3738	33
1707	3008	3779	33
1708	3008	3780	33
1709	3008	3780	33
1710	3008	3782	33
1711	3008	3850	33
1712	3008	3850	33
1713	3008	3850	33
1714	3008	3876	33
1715	3008	3877	33
1716	3008	3917	33
1717	3008	3979	33
1718	3008	3979	33
1719	3008	3979	33
1720	3008	3992	33
1721	3008	4078	33
1722	3008	4322	33
1723	3010	3768	33
1724	3010	4259	33
1725	3011	3975	33
1726	3039	3857	33
1727	3039	3857	33
1728	3039	3901	33
1729	3039	3906	33
1730	3039	4276	33
1731	3039	4321	33
1732	3042	3766	33
1733	3042	3780	33
1734	3042	3780	33
1735	3042	3812	33
1736	3042	3841	33
1737	3042	3857	33
1738	3042	3873	33
1739	3048	4370	33
1740	3051	3849	33
1741	3051	3942	33
1742	3054	3883	33
1743	3055	3867	33
1744	3057	3782	33
1745	3057	3858	33
1746	3124	4561	33
1747	3124	4561	33
1748	3126	4086	33
1749	3126	4261	33
1750	3126	4261	33
1751	3142	4091	33
1752	3160	4067	33
1753	3164	4167	66
1754	3168	4167	66
1755	3173	3951	33
1756	3173	3951	33
1757	3180	3951	33
1758	3180	3953	33
1759	3261	4291	33
1760	3261	4388	33
1761	3261	4581	33
1762	3289	4052	33
1763	3332	4124	33
1764	3338	4127	33
1765	3424	4652	33
1766	3427	4325	33
1767	3427	4325	33
1768	3427	4325	33
1769	3429	4685	66
1770	3429	4685	66
1771	3429	4687	66
1772	3429	4687	66
1773	3437	4871	33
1774	3438	4470	33
1775	3438	4470	33
1776	3441	4520	33
1777	3453	4732	33
1778	3453	4732	33
1779	3453	4812	33
1780	3453	4879	33
1781	3464	4773	33
1782	3484	4485	33
1783	3486	4219	30
1784	3500	4441	33
1785	3502	4915	30
1786	3503	4930	33
1787	3533	4442	33
1788	3537	4809	66
1789	3537	4809	66
1790	3538	4643	33
1791	3541	4561	33
1792	3543	4563	66
1793	3557	4568	33
1794	3571	4506	66
1795	3571	4511	66
1796	3578	4520	33
1797	3578	4520	33
1798	3602	4743	30
1799	3603	4402	30
1800	3603	4564	66
1801	3610	5028	33
1802	3629	4718	33
1803	3633	5033	33
1804	3660	4560	33
1805	3680	5108	33
1806	3711	5142	33
1807	3713	4998	33
1808	3714	5043	33
1809	3714	5043	33
1810	3714	5043	33
1811	3720	4811	66
1812	3721	4441	33
1813	3723	4930	66
1814	3729	4520	33
1815	3730	4813	33
1816	3770	5161	33
1817	3776	4654	33
1818	3776	4808	33
1819	3781	4639	66
1820	3787	4539	33
1821	3790	5127	33
1822	3790	5222	33
1823	3790	5222	33
1824	3831	4685	33
1825	3843	4690	33
1826	3843	4690	33
1827	3843	4690	33
1828	3843	4690	33
1829	3844	4773	33
1830	3850	4931	66
1831	3850	4931	66
1832	3851	4621	33
1833	3865	4936	33
1834	3866	5161	33
1835	3866	5176	33
1836	3870	4667	33
1837	3870	4760	66
1838	3872	4930	33
1839	3873	4930	33
1840	3877	4884	33
1841	3882	5053	66
1842	3886	4679	33
1843	3886	5302	33
1844	3887	4621	33
1845	3887	4621	33
1846	3887	4897	66
1847	3912	5122	66
1848	3915	4812	33
1849	3915	4832	33
1850	3924	4898	33
1851	3924	5116	33
1852	3924	5116	33
1853	3924	5238	33
1854	3926	4997	66
1855	3928	4868	33
1856	3937	5375	33
1857	3937	5375	33
1858	3940	5375	33
1859	3940	5375	33
1860	3940	5375	33
1861	3957	4828	33
1862	3961	5383	33
1863	3963	4937	33
1864	3965	4809	33
1865	3969	4777	33
1866	3969	4804	33
1867	3972	4882	33
1868	3972	4882	33
1869	3990	4998	33
1870	3991	4765	33
1871	3996	4773	33
1872	3996	4987	33
1873	4004	5443	33
1874	4010	5449	33
1875	4010	5449	33
1876	4010	5449	33
1877	4010	5449	33
1878	4010	5449	33
1879	4010	5449	33
1880	4010	5449	33
1881	4010	5449	33
1882	4010	5449	33
1883	4010	5449	33
1884	4010	5449	33
1885	4010	5449	33
1886	4010	5449	33
1887	4010	5449	33
1888	4010	5449	33
1889	4010	5449	33
1890	4010	5449	33
1891	4010	5449	33
1892	4010	5449	33
1893	4010	5449	33
1894	4010	5449	33
1895	4010	5449	33
1896	4010	5449	33
1897	4010	5449	33
1898	4010	5449	33
1899	4010	5449	33
1900	4010	5449	33
1901	4010	5449	33
1902	4010	5449	33
1903	4010	5449	33
1904	4010	5449	33
1905	4010	5449	33
1906	4010	5449	33
1907	4010	5449	33
1908	4010	5449	33
1909	4010	5449	33
1910	4010	5449	33
1911	4022	5443	33
1912	4028	4937	33
1913	4028	5375	33
1914	4029	4810	33
1915	4029	5101	33
1916	4029	5417	33
1917	4031	5383	33
1918	4031	5383	33
1919	4031	5383	33
1920	4031	5383	33
1921	4031	5383	33
1922	4031	5449	33
1923	4031	5449	33
1924	4041	4995	66
1925	4041	5476	33
1926	4041	5476	33
1927	4041	5476	33
1928	4044	5479	33
1929	4045	4809	33
1930	4045	4811	33
1931	4046	4936	33
1932	4049	5488	33
1933	4049	5488	33
1934	4056	5187	33
1935	4090	4899	33
1936	4090	4906	33
1937	4090	4942	33
1938	4090	4969	33
1939	4090	5488	33
1940	4090	5488	33
1941	4090	5488	33
1942	4090	5488	33
1943	4090	5488	33
1944	4090	5488	33
1945	4091	5488	33
1946	4091	5488	33
1947	4091	5488	33
1948	4091	5488	33
1949	4091	5488	33
1950	4091	5488	33
1951	4091	5488	33
1952	4091	5488	33
1953	4092	5161	33
1954	4092	5488	33
1955	4092	5488	33
1956	4092	5488	33
1957	4092	5488	33
1958	4092	5488	33
1959	4093	5488	33
1960	4093	5488	33
1961	4095	5081	66
1962	4095	5519	33
1963	4095	5519	33
1964	4095	5519	33
1965	4095	5519	33
1966	4095	5519	33
1967	4095	5519	33
1968	4095	5519	33
1969	4095	5519	33
1970	4095	5519	33
1971	4095	5519	33
1972	4095	5519	33
1973	4095	5519	33
1974	4095	5519	33
1975	4095	5519	33
1976	4095	5519	33
1977	4095	5519	33
1978	4095	5519	33
1979	4101	5161	33
1980	4105	4898	33
1981	4135	5057	33
1982	4135	5057	33
1983	4135	5059	33
1984	4141	5057	33
1985	4143	5026	66
1986	4143	5057	33
1987	4186	5591	33
1988	4204	5233	33
1989	4220	5041	66
1990	4221	5529	66
1991	4221	5529	66
1992	4225	5241	33
1993	4232	5066	66
1994	4232	5326	33
1995	4249	5046	33
1996	4249	5102	33
1997	4249	5118	33
1998	4249	5118	33
1999	4249	5127	33
2000	4249	5127	33
2001	4249	5127	33
2002	4249	5127	33
2003	4249	5216	33
2004	4249	5282	33
2005	4249	5298	33
2006	4249	5298	33
2007	4251	5043	33
2008	4251	5090	33
2009	4251	5122	33
2010	4252	5101	33
2011	4252	5315	33
2012	4252	5315	33
2013	4253	5048	33
2014	4253	5048	33
2015	4253	5477	33
2016	4254	5068	66
2017	4254	5317	33
2018	4256	5046	33
2019	4256	5127	33
2020	4256	5127	33
2021	4256	5127	33
2022	4256	5127	33
2023	4256	5127	33
2024	4256	5132	33
2025	4256	5298	33
2026	4274	5488	33
2027	4297	5101	33
2028	4315	5488	33
2029	4321	5726	33
2030	4321	5726	33
2031	4351	5756	33
2032	4370	5256	66
2033	4380	5801	33
2034	4396	5831	33
2035	4402	5618	66
2036	4402	5834	33
2037	4402	5834	33
2038	4402	5834	33
2039	4402	5834	33
2040	4435	5858	33
2041	4456	5884	33
2042	4466	5238	33
2043	4475	5758	33
2044	4475	5759	33
2045	4475	5759	33
2046	4484	5387	33
2047	4485	5529	33
2048	4502	5383	33
2049	4502	5383	33
2050	4502	5726	33
2051	4526	5945	33
2052	4536	5581	33
2053	4540	5581	33
2054	4540	5581	33
2055	4545	5269	33
2056	4545	5299	33
2057	4545	5299	33
2058	4545	5315	33
2059	4545	5315	33
2060	4554	5680	66
2061	4563	6001	33
2062	4577	5415	66
2063	4577	5415	66
2064	4582	5624	33
2065	4623	5670	33
2066	4628	5835	33
2067	4629	5358	33
2068	4688	6125	33
2069	4713	5767	33
2070	4713	5911	33
2071	4715	5762	33
2072	4721	5888	33
2073	4741	5581	33
2074	4746	5631	33
2075	4746	5943	33
2076	4747	5656	33
2077	4747	5656	33
2078	4747	5656	33
2079	4749	6013	33
2080	4750	5656	33
2081	4750	6181	33
2082	4750	6188	33
2083	4768	5887	33
2084	4768	6067	33
2085	4770	5975	33
2086	4811	6166	33
2087	4811	6197	33
2088	4811	6197	33
2089	4811	6197	33
2090	4811	6197	33
2091	4813	6244	30
2092	4813	6244	30
2093	4816	5983	33
2094	4816	6197	33
2095	4816	6197	33
2096	4847	6160	33
2097	4872	6311	33
2098	4879	5793	66
2099	4879	5811	66
2100	4880	5932	66
2101	4881	5811	66
2102	4884	5862	66
2103	4926	6198	33
2104	4926	6198	33
2105	4926	6229	33
2106	4927	5660	30
2107	4936	5754	33
2108	4942	6229	33
2109	4967	6400	33
2110	4982	6001	33
2111	4984	6365	66
2112	5042	6197	33
2113	5044	6304	66
2114	5044	6305	66
2115	5056	5895	33
2116	5068	6342	33
2117	5073	6345	33
2118	5074	6342	33
2119	5161	6163	33
2120	5171	5900	33
2121	5171	5900	33
2122	5182	6207	33
2123	5294	6241	33
2124	5294	6366	33
2125	5296	6622	33
2126	5299	6121	33
2127	5299	6195	33
2128	5299	6387	33
2129	5299	6543	33
2130	5300	6197	33
2131	5300	6484	33
2132	5300	6596	33
2133	5300	6596	33
2134	5302	6258	33
2135	5302	6262	66
2136	5302	6264	33
2137	5302	6365	33
2138	5303	6378	33
2139	5303	6379	33
2140	5304	6197	33
2141	5304	6379	33
2142	5305	6131	33
2143	5305	6197	33
2144	5305	6231	33
2145	5305	6301	33
2146	5305	6316	33
2147	5305	6393	33
2148	5305	6421	33
2149	5305	6421	33
2150	5305	6426	33
2151	5305	6556	33
2152	5305	6683	33
2153	5305	6683	33
2154	5305	6683	33
2155	5308	6643	40
2156	5317	6420	66
2157	5341	6363	66
2158	5346	6208	33
2159	5348	6541	33
2160	5352	6194	33
2161	5353	6364	33
2162	5353	6563	33
2163	5354	6229	33
2164	5358	6402	33
2165	5358	6402	33
2166	5363	6356	66
2167	5381	6568	33
2168	5382	6200	33
2169	5382	6727	33
2170	5383	6196	33
2171	5383	6804	33
2172	5384	6258	33
2173	5388	6188	33
2174	5388	6188	33
2175	5390	6804	33
2176	5390	6804	33
2177	5395	6402	33
2178	5395	6406	33
2179	5395	6410	33
2180	5405	6342	33
2181	5413	6356	66
2182	5426	6556	66
2183	5432	6417	66
2184	5444	6610	33
2185	5444	6616	33
2186	5444	6696	33
2187	5444	6881	33
2188	5444	6881	33
2189	5445	6451	33
2190	5447	6218	33
2191	5447	6460	66
2192	5447	6470	33
2193	5450	6845	33
2194	5452	6365	33
2195	5452	6402	33
2196	5452	6402	33
2197	5452	6402	33
2198	5452	6402	33
2199	5452	6410	33
2200	5452	6410	33
2201	5452	6422	33
2202	5464	6255	33
2203	5471	6435	66
2204	5471	6435	66
2205	5473	6630	66
2206	5477	6893	66
2207	5477	6893	66
2208	5484	6352	66
2209	5487	6257	33
2210	5513	6606	33
2211	5514	6379	33
2212	5514	6387	33
2213	5514	6683	33
2214	5514	6683	33
2215	5514	6844	33
2216	5515	6393	33
2217	5515	6393	33
2218	5515	6414	33
2219	5515	6414	33
2220	5515	6414	33
2221	5515	6422	33
2222	5515	6423	33
2223	5515	6425	33
2224	5515	6425	33
2225	5515	6437	33
2226	5515	6437	33
2227	5515	6481	33
2228	5515	6541	33
2229	5515	6544	33
2230	5515	6605	33
2231	5515	6702	33
2232	5515	6702	33
2233	5515	6841	33
2234	5515	6854	33
2235	5515	6917	33
2236	5515	6917	33
2237	5516	6364	33
2238	5516	6379	33
2239	5516	6437	33
2240	5516	6437	33
2241	5516	6437	33
2242	5516	6437	33
2243	5516	6437	33
2244	5516	6670	33
2245	5516	6678	33
2246	5516	6733	33
2247	5516	6734	33
2248	5516	6836	33
2249	5516	6836	33
2250	5516	6836	33
2251	5516	6836	33
2252	5516	6836	33
2253	5516	6845	33
2254	5516	6845	33
2255	5516	6911	33
2256	5516	6911	33
2257	5516	6914	33
2258	5516	6917	33
2259	5516	6917	33
2260	5516	6922	33
2261	5516	6922	33
2262	5516	6922	33
2263	5516	6922	33
2264	5516	6922	33
2265	5516	6922	33
2266	5516	6922	33
2267	5516	6922	33
2268	5516	6922	33
2269	5516	6922	33
2270	5516	6922	33
2271	5516	6922	33
2272	5516	6922	33
2273	5516	6922	33
2274	5516	6922	33
2275	5516	6922	33
2276	5516	6922	33
2277	5516	6922	33
2278	5516	6922	33
2279	5516	6922	33
2280	5516	6922	33
2281	5516	6931	33
2282	5516	6931	33
2283	5519	6956	33
2284	5519	6956	33
2285	5519	6956	33
2286	5519	6956	33
2287	5519	6956	33
2288	5519	6956	33
2289	5519	6956	33
2290	5519	6956	33
2291	5519	6956	33
2292	5520	6249	33
2293	5520	6316	33
2294	5520	6556	33
2295	5520	6670	33
2296	5520	6683	33
2297	5520	6736	33
2298	5520	6917	33
2299	5520	6922	33
2300	5520	6922	33
2301	5520	6922	33
2302	5520	6956	33
2303	5520	6956	33
2304	5520	6956	33
2305	5520	6956	33
2306	5520	6956	33
2307	5520	6956	33
2308	5520	6956	33
2309	5520	6956	33
2310	5520	6956	33
2311	5520	6956	33
2312	5520	6956	33
2313	5520	6956	33
2314	5520	6956	33
2315	5520	6956	33
2316	5520	6956	33
2317	5520	6956	33
2318	5520	6956	33
2319	5520	6956	33
2320	5520	6956	33
2321	5520	6956	33
2322	5520	6956	33
2323	5520	6956	33
2324	5520	6956	33
2325	5520	6956	33
2326	5520	6956	33
2327	5520	6956	33
2328	5520	6956	33
2329	5520	6956	33
2330	5520	6956	33
2331	5520	6956	33
2332	5520	6956	33
2333	5520	6956	33
2334	5520	6956	33
2335	5520	6956	33
2336	5520	6956	33
2337	5520	6956	33
2338	5520	6956	33
2339	5520	6956	33
2340	5520	6956	33
2341	5520	6956	33
2342	5520	6956	33
2343	5520	6956	33
2344	5520	6956	33
2345	5520	6956	33
2346	5520	6956	33
2347	5520	6956	33
2348	5520	6956	33
2349	5520	6956	33
2350	5520	6956	33
2351	5520	6956	33
2352	5520	6956	33
2353	5520	6956	33
2354	5520	6956	33
2355	5520	6956	33
2356	5520	6956	33
2357	5520	6956	33
2358	5520	6956	33
2359	5520	6956	33
2360	5520	6956	33
2361	5520	6956	33
2362	5520	6956	33
2363	5520	6956	33
2364	5520	6956	33
2365	5520	6956	33
2366	5520	6956	33
2367	5520	6956	33
2368	5520	6956	33
2369	5520	6956	33
2370	5520	6956	33
2371	5520	6956	33
2372	5520	6956	33
2373	5520	6956	33
2374	5520	6956	33
2375	5520	6956	33
2376	5520	6956	33
2377	5520	6956	33
2378	5520	6956	33
2379	5520	6956	33
2380	5520	6956	33
2381	5520	6956	33
2382	5520	6956	33
2383	5520	6956	33
2384	5520	6956	33
2385	5520	6956	33
2386	5520	6956	33
2387	5520	6956	33
2388	5520	6956	33
2389	5520	6956	33
2390	5520	6956	33
2391	5520	6956	33
2392	5520	6956	33
2393	5520	6956	33
2394	5520	6956	33
2395	5520	6956	33
2396	5520	6956	33
2397	5520	6956	33
2398	5520	6956	33
2399	5520	6956	33
2400	5520	6956	33
2401	5520	6956	33
2402	5520	6956	33
2403	5520	6956	33
2404	5520	6956	33
2405	5520	6956	33
2406	5520	6956	33
2407	5520	6956	33
2408	5520	6956	33
2409	5520	6956	33
2410	5520	6956	33
2411	5520	6956	33
2412	5520	6956	33
2413	5520	6957	33
2414	5520	6957	33
2415	5520	6957	33
2416	5520	6957	33
2417	5520	6957	33
2418	5520	6957	33
2419	5520	6957	33
2420	5520	6957	33
2421	5520	6957	33
2422	5520	6957	33
2423	5520	6957	33
2424	5520	6957	33
2425	5520	6957	33
2426	5520	6957	33
2427	5520	6957	33
2428	5520	6957	33
2429	5520	6957	33
2430	5520	6957	33
2431	5520	6957	33
2432	5520	6957	33
2433	5520	6957	33
2434	5520	6957	33
2435	5520	6957	33
2436	5520	6957	33
2437	5520	6957	33
2438	5520	6957	33
2439	5520	6957	33
2440	5520	6957	33
2441	5520	6957	33
2442	5520	6957	33
2443	5520	6957	33
2444	5520	6957	33
2445	5520	6957	33
2446	5520	6957	33
2447	5520	6957	33
2448	5520	6957	33
2449	5520	6957	33
2450	5520	6957	33
2451	5520	6957	33
2452	5520	6957	33
2453	5520	6957	33
2454	5520	6957	33
2455	5520	6957	33
2456	5520	6957	33
2457	5520	6957	33
2458	5526	6946	33
2459	5526	6957	33
2460	5526	6957	33
2461	5526	6957	33
2462	5526	6957	33
2463	5526	6957	33
2464	5526	6957	33
2465	5526	6957	33
2466	5526	6957	33
2467	5526	6957	33
2468	5526	6957	33
2469	5526	6957	33
2470	5542	6456	66
2471	5571	6908	66
2472	5581	6437	66
2473	5583	6577	66
2474	5584	6347	33
2475	5584	6347	33
2476	5584	6347	33
2477	5584	6347	33
2478	5584	6347	33
2479	5604	7027	33
2480	5641	6671	33
2481	5694	6503	66
2482	5696	6703	33
2483	5717	6679	66
2484	5722	6646	33
2485	5722	6646	33
2486	5722	6733	33
2487	5722	6827	33
2488	5722	6827	33
2489	5722	6862	33
2490	5722	6921	33
2491	5722	6921	33
2492	5722	6921	33
2493	5731	6475	66
2494	5731	6475	66
2495	5731	6475	66
2496	5731	6475	66
2497	5732	6476	66
2498	5732	6476	66
2499	5732	6476	66
2500	5732	6476	66
2501	5732	6476	66
2502	5732	6476	66
2503	5732	6476	66
2504	5732	6476	66
2505	5734	6475	66
2506	5734	6475	66
2507	5734	7106	30
2508	5735	6957	33
2509	5735	6957	33
2510	5735	6957	33
2511	5736	6476	66
2512	5736	6476	66
2513	5736	6476	66
2514	5736	6476	66
2515	5736	6476	66
2516	5736	6476	66
2517	5736	6476	66
2518	5736	6476	66
2519	5736	6476	66
2520	5742	6475	66
2521	5742	6475	66
2522	5742	6475	66
2523	5742	6475	66
2524	5742	6475	66
2525	5743	6476	66
2526	5743	6476	66
2527	5743	6476	66
2528	5743	6476	66
2529	5743	6476	66
2530	5743	6476	66
2531	5743	6476	66
2532	5743	6476	66
2533	5744	6475	66
2534	5744	6475	66
2535	5744	6475	66
2536	5744	6475	66
2537	5744	6475	66
2538	5744	6476	66
2539	5744	6476	66
2540	5744	6476	66
2541	5744	6476	66
2542	5744	6476	66
2543	5744	6476	66
2544	5744	6476	66
2545	5750	6476	66
2546	5750	6476	66
2547	5750	6476	66
2548	5750	6476	66
2549	5750	6476	66
2550	5750	6476	66
2551	5750	6476	66
2552	5750	6476	66
2553	5750	6476	66
2554	5761	6788	33
2555	5761	6791	33
2556	5762	6956	33
2557	5845	6946	33
2558	5850	7223	33
2559	5868	7001	66
2560	5879	6659	66
2561	5882	7140	66
2562	5882	7140	66
2563	5882	7141	66
2564	5882	7142	66
2565	5882	7142	66
2566	5882	7142	66
2567	5882	7268	33
2568	5882	7301	33
2569	5883	7151	33
2570	5883	7151	33
2571	5883	7151	33
2572	5883	7207	33
2573	5884	6604	33
2574	5884	7038	66
2575	5886	6646	33
2576	5887	6785	33
2577	5887	6785	33
2578	5893	7208	33
2579	5895	6845	33
2580	5895	6845	33
2581	5895	6845	33
2582	5895	6845	33
2583	5895	7175	33
2584	5895	7175	33
2585	5895	7175	33
2586	5896	6845	33
2587	5896	7158	33
2588	5896	7158	33
2589	5896	7158	33
2590	5896	7158	33
2591	5896	7158	33
2592	5896	7160	33
2593	5896	7160	33
2594	5896	7160	33
2595	5896	7174	33
2596	5896	7175	33
2597	5896	7175	33
2598	5896	7175	33
2599	5896	7175	33
2600	5896	7175	33
2601	5896	7175	33
2602	5896	7332	33
2603	5897	6922	33
2604	5897	6976	33
2605	5897	7158	33
2606	5897	7158	33
2607	5897	7160	33
2608	5897	7175	33
2609	5897	7175	33
2610	5897	7178	33
2611	5897	7178	33
2612	5897	7178	33
2613	5897	7178	33
2614	5900	6765	33
2615	5901	6691	33
2616	5901	6922	33
2617	5901	7158	33
2618	5901	7158	33
2619	5901	7175	33
2620	5926	6773	33
2621	5940	7322	33
2622	5940	7354	33
2623	5942	7360	66
2624	5956	6950	33
2625	5966	6956	33
2626	5966	6956	33
2627	6003	7441	33
2628	6006	7087	33
2629	6006	7087	33
2630	6006	7087	33
2631	6016	6768	33
2632	6016	7435	66
2633	6068	6828	66
2634	6073	7246	33
2635	6109	7263	33
2636	6113	7387	33
2637	6124	7206	33
2638	6133	7386	66
2639	6135	7386	66
2640	6149	7247	33
2641	6151	7175	33
2642	6151	7261	33
2643	6171	7420	50
2644	6176	7120	33
2645	6176	7502	66
2646	6180	7380	66
2647	6187	6948	33
2648	6187	6948	33
2649	6187	6948	33
2650	6213	7189	33
2651	6227	6977	33
2652	6227	6979	33
2653	6232	7465	40
2654	6232	7628	33
2655	6232	7643	33
2656	6234	7396	33
2657	6253	7227	33
2658	6256	7081	66
2659	6268	7204	25
2660	6291	7072	33
2661	6291	7072	33
2662	6291	7072	33
2663	6291	7072	33
2664	6299	7701	30
2665	6299	7701	30
2666	6300	7701	30
2667	6327	7236	33
2668	6327	7236	33
2669	6327	7370	33
2670	6328	7395	33
2671	6328	7395	33
2672	6329	7136	33
2673	6329	7178	33
2674	6330	7153	33
2675	6333	7442	33
2676	6336	7151	33
2677	6336	7151	33
2678	6344	7095	33
2679	6344	7095	33
2680	6351	7398	33
2681	6351	7541	33
2682	6352	7791	33
2683	6352	7791	33
2684	6352	7791	33
2685	6352	7791	33
2686	6352	7791	33
2687	6352	7791	33
2688	6352	7791	33
2689	6352	7791	33
2690	6352	7791	33
2691	6352	7791	33
2692	6352	7791	33
2693	6352	7791	33
2694	6352	7791	33
2695	6352	7791	33
2696	6352	7791	33
2697	6352	7791	33
2698	6352	7791	33
2699	6352	7791	33
2700	6352	7791	33
2701	6352	7791	33
2702	6352	7791	33
2703	6352	7791	33
2704	6352	7791	33
2705	6352	7791	33
2706	6352	7791	33
2707	6353	7084	33
2708	6353	7791	33
2709	6353	7791	33
2710	6353	7791	33
2711	6353	7791	33
2712	6353	7791	33
2713	6353	7791	33
2714	6353	7791	33
2715	6353	7791	33
2716	6353	7791	33
2717	6353	7791	33
2718	6353	7791	33
2719	6353	7791	33
2720	6353	7791	33
2721	6353	7791	33
2722	6353	7791	33
2723	6353	7791	33
2724	6353	7791	33
2725	6353	7791	33
2726	6353	7791	33
2727	6353	7791	33
2728	6353	7791	33
2729	6353	7791	33
2730	6353	7791	33
2731	6353	7791	33
2732	6353	7791	33
2733	6353	7791	33
2734	6353	7791	33
2735	6353	7791	33
2736	6353	7791	33
2737	6353	7791	33
2738	6353	7791	33
2739	6353	7791	33
2740	6353	7791	33
2741	6353	7791	33
2742	6353	7791	33
2743	6353	7791	33
2744	6353	7791	33
2745	6353	7791	33
2746	6353	7791	33
2747	6353	7791	33
2748	6353	7791	33
2749	6353	7791	33
2750	6353	7791	33
2751	6353	7791	33
2752	6353	7791	33
2753	6353	7791	33
2754	6353	7791	33
2755	6353	7791	33
2756	6353	7791	33
2757	6353	7791	33
2758	6353	7791	33
2759	6353	7791	33
2760	6353	7791	33
2761	6353	7791	33
2762	6353	7791	33
2763	6353	7791	33
2764	6353	7791	33
2765	6355	7145	33
2766	6355	7145	33
2767	6356	7794	33
2768	6356	7794	33
2769	6361	7791	33
2770	6362	7336	33
2771	6362	7340	33
2772	6362	7791	33
2773	6363	7276	33
2774	6365	7203	33
2775	6366	7416	25
2776	6367	7134	33
2777	6367	7163	33
2778	6367	7186	33
2779	6367	7332	33
2780	6367	7360	33
2781	6378	7446	33
2782	6378	7542	33
2783	6379	7128	33
2784	6379	7406	33
2785	6387	7452	33
2786	6390	7303	33
2787	6390	7304	33
2788	6390	7356	33
2789	6393	7516	33
2790	6394	7318	33
2791	6396	7408	33
2792	6396	7571	33
2793	6406	7170	33
2794	6406	7186	33
2795	6406	7220	33
2796	6406	7236	33
2797	6406	7285	33
2798	6406	7304	33
2799	6412	7365	33
2800	6412	7380	33
2801	6412	7380	33
2802	6412	7408	33
2803	6412	7430	33
2804	6421	7141	50
2805	6422	7172	33
2806	6422	7262	33
2807	6422	7383	30
2808	6422	7441	33
2809	6423	7435	66
2810	6423	7483	33
2811	6424	7805	66
2812	6439	7204	33
2813	6440	7492	33
2814	6441	7175	33
2815	6441	7175	33
2816	6441	7175	33
2817	6441	7175	33
2818	6441	7175	33
2819	6441	7176	33
2820	6441	7176	33
2821	6441	7177	33
2822	6441	7178	33
2823	6441	7178	33
2824	6441	7178	33
2825	6441	7178	33
2826	6441	7178	33
2827	6443	7882	33
2828	6443	7882	33
2829	6443	7882	33
2830	6443	7882	33
2831	6443	7882	33
2832	6443	7882	33
2833	6443	7882	33
2834	6443	7882	33
2835	6443	7882	33
2836	6443	7882	33
2837	6443	7882	33
2838	6443	7882	33
2839	6443	7882	33
2840	6443	7882	33
2841	6443	7882	33
2842	6443	7882	33
2843	6443	7882	33
2844	6443	7882	33
2845	6443	7882	33
2846	6443	7882	33
2847	6443	7882	33
2848	6443	7882	33
2849	6443	7882	33
2850	6443	7882	33
2851	6443	7882	33
2852	6443	7882	33
2853	6443	7882	33
2854	6443	7882	33
2855	6443	7882	33
2856	6443	7882	33
2857	6443	7882	33
2858	6443	7882	33
2859	6443	7882	33
2860	6443	7882	33
2861	6443	7882	33
2862	6443	7882	33
2863	6443	7882	33
2864	6443	7882	33
2865	6443	7882	33
2866	6443	7882	33
2867	6444	7553	33
2868	6445	7645	33
2869	6445	7882	33
2870	6445	7882	33
2871	6446	7175	33
2872	6446	7177	33
2873	6446	7178	33
2874	6446	7178	33
2875	6446	7882	33
2876	6446	7882	33
2877	6446	7882	33
2878	6446	7882	33
2879	6446	7882	33
2880	6446	7882	33
2881	6446	7882	33
2882	6446	7882	33
2883	6446	7882	33
2884	6446	7882	33
2885	6446	7882	33
2886	6446	7882	33
2887	6446	7882	33
2888	6446	7882	33
2889	6446	7882	33
2890	6446	7882	33
2891	6446	7882	33
2892	6446	7882	33
2893	6446	7882	33
2894	6446	7882	33
2895	6446	7882	33
2896	6446	7882	33
2897	6446	7882	33
2898	6446	7882	33
2899	6446	7882	33
2900	6446	7882	33
2901	6446	7882	33
2902	6446	7882	33
2903	6446	7882	33
2904	6446	7882	33
2905	6446	7882	33
2906	6446	7882	33
2907	6446	7882	33
2908	6446	7882	33
2909	6446	7882	33
2910	6446	7882	33
2911	6446	7882	33
2912	6446	7882	33
2913	6446	7882	33
2914	6446	7882	33
2915	6446	7882	33
2916	6446	7882	33
2917	6446	7882	33
2918	6446	7884	33
2919	6446	7884	33
2920	6446	7884	33
2921	6446	7884	33
2922	6446	7884	33
2923	6446	7884	33
2924	6447	7882	33
2925	6447	7882	33
2926	6447	7882	33
2927	6447	7882	33
2928	6447	7882	33
2929	6447	7882	33
2930	6447	7882	33
2931	6447	7882	33
2932	6447	7882	33
2933	6447	7882	33
2934	6447	7882	33
2935	6447	7882	33
2936	6447	7882	33
2937	6447	7882	33
2938	6451	7322	33
2939	6451	7381	66
2940	6451	7391	66
2941	6451	7391	66
2942	6456	7311	33
2943	6466	7483	33
2944	6477	7724	33
2945	6480	7221	25
2946	6484	7226	25
2947	6484	7685	66
2948	6484	7685	66
2949	6485	7226	25
2950	6491	7930	33
2951	6492	7360	33
2952	6492	7360	33
2953	6506	7381	50
2954	6509	7322	33
2955	6511	7262	30
2956	6511	7262	30
2957	6519	7323	33
2958	6519	7323	33
2959	6520	7261	33
2960	6527	7955	33
2961	6541	7380	66
2962	6543	7702	33
2963	6548	7575	66
2964	6559	7623	33
2965	6586	7411	25
2966	6593	7470	33
2967	6601	7380	33
2968	6601	7484	66
2969	6601	7484	66
2970	6601	7625	33
2971	6602	7382	25
2972	6609	7484	66
2973	6619	7393	66
2974	6634	7359	33
2975	6653	7629	33
2976	6653	7653	33
2977	6659	7462	33
2978	6666	7411	66
2979	6673	7814	33
2980	6697	7807	33
2981	6705	7440	33
2982	6716	7724	66
2983	6721	7621	66
2984	6727	7846	33
2985	6734	7810	66
2986	6735	7689	33
2987	6739	7563	33
2988	6739	7563	33
2989	6743	7983	33
2990	6745	7936	33
2991	6746	7744	66
2992	6749	7922	33
2993	6749	7926	33
2994	6749	7981	33
2995	6749	8043	33
2996	6753	7687	66
2997	6766	7958	66
2998	6777	7735	66
2999	6785	7622	66
3000	6791	7882	33
3001	6798	7865	66
3002	6802	7827	66
3003	6840	7835	66
3004	6841	7718	66
3005	6854	7815	66
3006	6871	8141	66
3007	6872	7650	33
3008	6879	7977	66
3009	6887	8200	33
3010	6890	7708	66
3011	6890	7708	66
3012	6890	7724	66
3013	6893	7714	33
3014	6899	7933	66
3015	6908	8305	66
3016	6909	8213	66
3017	6911	7933	33
3018	6911	7933	33
3019	6916	7930	33
3020	6916	7932	33
3021	6918	7882	33
3022	6918	7882	33
3023	6922	7882	33
3024	6934	8319	66
3025	6937	8061	33
3026	6944	7882	33
3027	6954	7950	66
3028	6959	7933	66
3029	6961	7723	30
3030	6965	8000	33
3031	6969	7882	33
3032	6969	7898	33
3033	6969	8277	33
3034	6970	7898	33
3035	6972	8287	33
3036	6988	7820	33
3037	6993	7822	33
3038	6993	7822	33
3039	7006	8213	66
3040	7006	8213	66
3041	7006	8214	66
3042	7006	8305	66
3043	7009	7926	66
3044	7021	8343	66
3045	7029	7952	66
3046	7038	8200	33
3047	7045	7814	66
3048	7075	8059	50
3049	7075	8061	25
3050	7088	7930	33
3051	7088	7930	33
3052	7158	7882	33
3053	7158	7882	33
3054	7158	7930	33
3055	7158	7930	33
3056	7158	8446	33
3057	7158	8446	33
3058	7163	8146	33
3059	7203	8230	33
3060	7261	8382	33
3061	7320	8583	66
3062	7321	8582	66
3063	7322	8580	66
3064	7322	8581	66
3065	7322	8581	66
3066	7322	8581	66
3067	7322	8581	66
3068	7322	8581	66
3069	7322	8581	66
3070	7322	8581	66
3071	7322	8581	66
3072	7322	8582	66
3073	7322	8582	66
3074	7331	8610	66
3075	7337	8248	33
3076	7340	8206	66
3077	7340	8206	33
3078	7385	8113	66
3079	7385	8113	66
3080	7386	8170	33
3081	7386	8170	33
3082	7386	8202	33
3083	7386	8216	33
3084	7397	8226	66
3085	7397	8226	66
3086	7397	8226	66
3087	7397	8227	66
3088	7397	8227	66
3089	7397	8227	66
3090	7397	8227	66
3091	7406	8824	33
3092	7413	8673	33
3093	7413	8673	66
3094	7430	8826	33
3095	7441	8479	66
3096	7443	8881	33
3097	7487	8582	25
3098	7502	8342	30
3099	7502	8580	66
3100	7516	8654	66
3101	7551	8670	33
3102	7552	8828	66
3103	7552	8828	66
3104	7577	8367	66
3105	7578	8991	33
3106	7579	8991	33
3107	7595	8762	33
3108	7610	8354	33
3109	7621	8427	33
3110	7667	9100	33
3111	7678	8570	33
3112	7678	8615	33
3113	7678	8631	33
3114	7689	9126	30
3115	7752	8784	33
3116	7753	9185	33
3117	7756	8994	33
3118	7758	9115	33
3119	7785	9127	66
3120	7803	8717	25
3121	7805	8775	33
3122	7805	9050	33
3123	7806	9138	33
3124	7811	8677	33
3125	7811	8811	33
3126	7812	8725	33
3127	7812	9027	33
3128	7812	9113	33
3129	7813	8544	30
3130	7830	9089	33
3131	7832	8804	33
3132	7832	9145	33
3133	7833	9014	33
3134	7833	9109	33
3135	7838	8797	33
3136	7842	8643	33
3137	7856	8724	40
3138	7861	8881	33
3139	7862	8701	33
3140	7863	9245	66
3141	7865	8944	33
3142	7865	8945	33
3143	7877	8849	33
3144	7877	8849	33
3145	7886	8714	33
3146	7891	8821	66
3147	7891	8826	66
3148	7891	8831	66
3149	7891	8852	66
3150	7903	9034	33
3151	7903	9142	33
3152	7913	8642	66
3153	7920	8700	33
3154	7920	8703	33
3155	7921	8757	33
3156	7922	9063	30
3157	7923	8775	33
3158	7923	8945	66
3159	7923	9006	66
3160	7924	8739	25
3161	7935	9334	33
3162	7947	8822	50
3163	7952	8702	30
3164	7956	8851	33
3165	7958	8702	66
3166	7958	8702	66
3167	7969	9100	66
3168	7969	9199	33
3169	7969	9389	33
3170	7969	9389	33
3171	7969	9392	33
3172	7973	9199	33
3173	7974	9389	33
3174	7974	9392	33
3175	7975	8928	33
3176	7981	8820	66
3177	7981	8820	66
3178	7982	8820	66
3179	7983	8703	50
3180	7988	8979	33
3181	7989	8786	33
3182	7990	9199	33
3183	7991	8822	33
3184	7992	8998	33
3185	8002	8865	33
3186	8009	9199	33
3187	8011	8763	66
3188	8026	8851	25
3189	8033	8960	33
3190	8033	8960	33
3191	8042	8822	25
3192	8045	8767	33
3193	8046	9153	33
3194	8048	8963	33
3195	8049	9030	33
3196	8051	9163	33
3197	8056	9274	33
3198	8058	9073	66
3199	8064	8822	25
3200	8100	8822	33
3201	8103	9086	33
3202	8106	8846	66
3203	8116	8851	66
3204	8120	9039	33
3205	8152	9211	33
3206	8153	9274	33
3207	8155	9512	33
3208	8156	9157	66
3209	8169	9163	66
3210	8184	9005	66
3211	8186	9538	33
3212	8187	8937	33
3213	8189	9041	33
3214	8192	9066	33
3215	8210	9629	33
3216	8219	9559	66
3217	8230	9031	33
3218	8230	9207	33
3219	8239	9402	33
3220	8240	9402	33
3221	8246	9328	66
3222	8267	9234	30
3223	8277	9416	66
3224	8281	9188	66
3225	8289	9343	33
3226	8289	9470	33
3227	8289	9585	33
3228	8290	9343	33
3229	8291	9190	33
3230	8293	9470	33
3231	8293	9502	50
3232	8294	9502	50
3233	8294	9502	50
3234	8297	9585	33
3235	8299	9336	33
3236	8306	9627	30
3237	8317	9470	33
3238	8318	9202	50
3239	8318	9558	66
3240	8318	9755	66
3241	8327	9245	50
3242	8332	9146	66
3243	8334	9470	66
3244	8341	9700	33
3245	8345	9395	33
3246	8345	9442	33
3247	8347	9343	33
3248	8347	9343	33
3249	8347	9343	33
3250	8348	9343	33
3251	8351	9470	33
3252	8357	9555	33
3253	8358	9588	33
3254	8361	9339	66
3255	8361	9582	33
3256	8392	9394	66
3257	8398	9353	66
3258	8403	9427	33
3259	8406	9427	33
3260	8409	9229	33
3261	8431	9401	66
3262	8447	9340	33
3263	8447	9340	33
3264	8461	9700	33
3265	8462	9394	66
3266	8469	9639	33
3267	8485	9902	33
3268	8494	9432	33
3269	8499	9559	66
3270	8499	9755	66
3271	8499	9756	66
3272	8499	9758	66
3273	8509	9589	33
3274	8516	9443	33
3275	8516	9544	33
3276	8516	9555	33
3277	8516	9628	33
3278	8516	9648	33
3279	8516	9663	33
3280	8517	9544	33
3281	8517	9589	33
3282	8517	9629	33
3283	8518	9544	33
3284	8518	9555	33
3285	8521	9443	33
3286	8521	9545	33
3287	8521	9585	33
3288	8521	9585	33
3289	8521	9588	33
3290	8522	9544	33
3291	8522	9663	33
3292	8527	9628	33
3293	8528	9544	33
3294	8528	9545	33
3295	8528	9556	33
3296	8551	9494	66
3297	8572	9749	50
3298	8572	9749	50
3299	8574	9704	66
3300	8574	9749	50
3301	8608	9338	33
3302	8611	9338	33
3303	8611	9338	33
3304	8611	9346	33
3305	8645	9679	33
3306	8659	10049	30
3307	8659	10049	30
3308	8673	9661	33
3309	8692	9507	66
3310	8713	10144	50
3311	8731	9551	33
3312	8757	9550	33
3313	8757	9962	33
3314	8761	10023	66
3315	8762	10020	66
3316	8762	10022	66
3317	8762	10022	66
3318	8780	9645	33
3319	8780	9645	66
3320	8792	9727	33
3321	8829	9703	66
3322	8832	10168	66
3323	8857	9597	33
3324	8857	9613	33
3325	8866	10202	33
3326	8882	10124	33
3327	8882	10317	33
3328	8883	10321	33
3329	8886	9967	33
3330	8922	10261	66
3331	8947	9939	33
3332	8957	10015	66
3333	8992	10274	33
3334	8994	10141	33
3335	9024	9939	66
3336	9040	10266	66
3337	9075	9896	66
3338	9086	9963	33
3339	9105	10081	50
3340	9115	9962	33
3341	9157	9912	33
3342	9157	9912	33
3343	9159	10257	61
3344	9196	9925	30
3345	9243	10008	66
3346	9243	10156	50
3347	9246	10272	33
3348	9256	9986	30
3349	9256	10301	33
3350	9257	10101	33
3351	9257	10302	25
3352	9260	10059	33
3353	9260	10436	33
3354	9260	10563	33
3355	9261	10105	33
3356	9261	10153	33
3357	9268	10352	66
3358	9268	10353	66
3359	9269	10172	33
3360	9269	10592	33
3361	9269	10674	33
3362	9269	10677	33
3363	9269	10677	33
3364	9269	10681	33
3365	9272	10044	33
3366	9272	10420	33
3367	9281	10443	66
3368	9283	10232	33
3369	9292	10708	66
3370	9292	10708	66
3371	9292	10708	66
3372	9301	10022	50
3373	9301	10321	33
3374	9302	10143	33
3375	9303	10631	33
3376	9303	10631	33
3377	9304	10445	66
3378	9304	10506	66
3379	9304	10564	66
3380	9310	10671	33
3381	9329	10114	40
3382	9331	10202	33
3383	9331	10270	66
3384	9331	10270	66
3385	9334	10084	33
3386	9334	10287	33
3387	9338	10178	33
3388	9361	10353	33
3389	9361	10353	33
3390	9362	10141	33
3391	9363	10103	25
3392	9363	10131	25
3393	9363	10383	33
3394	9364	10084	66
3395	9364	10088	33
3396	9364	10386	66
3397	9374	10760	33
3398	9376	10615	33
3399	9381	10797	50
3400	9387	10803	33
3401	9391	10142	30
3402	9401	10447	66
3403	9401	10476	33
3404	9407	10149	33
3405	9416	10270	33
3406	9421	10141	25
3407	9421	10260	66
3408	9421	10260	66
3409	9422	10320	25
3410	9422	10320	25
3411	9424	10323	33
3412	9426	10582	33
3413	9429	10218	33
3414	9433	10388	33
3415	9433	10388	33
3416	9438	10788	33
3417	9460	10497	33
3418	9466	10291	25
3419	9473	10413	33
3420	9473	10413	33
3421	9480	10202	33
3422	9481	10249	33
3423	9481	10711	66
3424	9487	10287	33
3425	9487	10287	33
3426	9489	10425	33
3427	9507	10312	33
3428	9508	10431	33
3429	9516	10312	33
3430	9518	10584	33
3431	9551	10660	33
3432	9551	10706	33
3433	9551	10706	33
3434	9552	10293	33
3435	9557	10605	30
3436	9558	10593	33
3437	9558	10593	33
3438	9565	10285	66
3439	9568	10727	66
3440	9578	10344	66
3441	9587	10927	66
3442	9592	10810	66
3443	9601	10949	33
3444	9601	10959	33
3445	9601	10959	33
3446	9605	10850	30
3447	9617	10636	66
3448	9623	10617	66
3449	9654	10741	66
3450	9654	10755	33
3451	9654	10755	33
3452	9656	10755	33
3453	9656	10755	33
3454	9656	10755	33
3455	9656	10755	33
3456	9656	10755	33
3457	9656	10842	33
3458	9657	10715	66
3459	9673	10750	66
3460	9679	10671	33
3461	9683	10437	33
3462	9691	10755	33
3463	9701	11093	33
3464	9734	10754	66
3465	9735	10605	66
3466	9742	10736	66
3467	9772	10940	66
3468	9772	10965	66
3469	9776	10831	66
3470	9816	10876	66
3471	9845	10718	66
3472	9860	10709	66
3473	9908	10703	33
3474	9910	10855	33
3475	9927	10713	33
3476	9963	10905	33
3477	9965	10829	33
3478	10009	10785	25
3479	10010	11436	33
3480	10010	11436	33
3481	10027	11012	33
3482	10027	11012	33
3483	10075	10940	25
3484	10114	11481	33
3485	10152	10940	25
3486	10153	10940	25
3487	10153	10940	25
3488	10153	10940	50
3489	10157	10937	66
3490	10184	10940	33
3491	10200	11464	66
3492	10202	11460	66
3493	10202	11460	66
3494	10202	11461	66
3495	10225	11643	33
3496	10237	10999	33
3497	10237	11015	33
3498	10237	11031	33
3499	10240	11223	30
3500	10248	11368	33
3501	10250	11674	33
3502	10267	11673	33
3503	10274	11650	33
3504	10292	11554	33
3505	10311	11407	66
3506	10311	11407	66
3507	10311	11409	66
3508	10311	11409	66
3509	10311	11409	66
3510	10318	11715	66
3511	10318	11715	66
3512	10319	11611	66
3513	10319	11611	66
3514	10351	11768	33
3515	10353	11402	33
3516	10381	11431	33
3517	10382	11222	30
3518	10393	11821	33
3519	10433	11708	33
3520	10502	11262	33
3521	10504	11264	33
3522	10506	11262	33
3523	10509	11576	66
3524	10511	11607	33
3525	10511	11701	33
3526	10518	11730	33
3527	10518	11794	33
3528	10518	11794	33
3529	10531	11284	33
3530	10552	11308	66
3531	10561	11717	33
3532	10564	11940	33
3533	10604	11979	66
3534	10648	11747	33
3535	10648	11791	33
3536	10651	11733	33
3537	10655	11494	25
3538	10681	12093	33
3539	10683	11596	50
3540	10683	11596	33
3541	10684	11659	33
3542	10684	11855	33
3543	10684	11859	33
3544	10686	11583	33
3545	10688	11468	33
3546	10688	11980	33
3547	10693	11941	33
3548	10702	11610	33
3549	10702	11619	33
3550	10705	11646	33
3551	10706	11600	33
3552	10706	11631	33
3553	10706	11766	33
3554	10706	11997	33
3555	10720	11465	33
3556	10736	11777	33
3557	10742	11526	33
3558	10743	11825	33
3559	10744	11944	66
3560	10744	12126	66
3561	10761	11625	33
3562	10765	11756	33
3563	10770	11700	66
3564	10770	11715	66
3565	10770	11731	66
3566	10784	11977	33
3567	10794	12217	33
3568	10796	11660	33
3569	10796	11976	33
3570	10801	11587	33
3571	10801	11803	33
3572	10803	11525	66
3573	10803	11584	66
3574	10803	11764	66
3575	10803	11826	66
3576	10804	11904	33
3577	10810	11647	66
3578	10810	12025	33
3579	10810	12025	33
3580	10810	12025	33
3581	10810	12025	33
3582	10813	11881	33
3583	10813	12206	33
3584	10813	12207	33
3585	10817	11583	66
3586	10832	11581	30
3587	10832	11581	30
3588	10837	12233	30
3589	10837	12233	30
3590	10847	11589	66
3591	10847	11589	33
3592	10847	11642	33
3593	10854	12282	33
3594	10861	11700	66
3595	10866	11850	33
3596	10879	11632	33
3597	10888	11613	66
3598	10888	11614	66
3599	10888	11614	66
3600	10888	11614	66
3601	10888	11614	66
3602	10888	11614	66
3603	10888	11614	66
3604	10888	11614	66
3605	10889	11613	66
3606	10894	11695	33
3607	10898	11940	33
3608	10915	11644	30
3609	10921	11643	33
3610	10921	11701	30
3611	10922	11821	25
3612	10940	11868	33
3613	10940	11990	33
3614	10944	11886	33
3615	10955	11845	33
3616	10955	11884	33
3617	10956	11704	33
3618	10956	11856	33
3619	10956	11856	33
3620	10973	11846	33
3621	10973	11846	33
3622	10983	11940	33
3623	10983	11940	33
3624	10983	11940	33
3625	10987	11717	33
3626	11003	12428	33
3627	11024	12298	66
3628	11027	12222	66
3629	11032	11832	33
3630	11032	11832	33
3631	11037	12080	66
3632	11039	12339	33
3633	11040	12038	66
3634	11057	12307	66
3635	11064	11992	66
3636	11074	12044	66
3637	11074	12044	66
3638	11074	12044	66
3639	11074	12044	66
3640	11105	12216	66
3641	11118	11990	66
3642	11125	12029	66
3643	11125	12029	66
3644	11127	11940	33
3645	11127	12050	33
3646	11128	12120	66
3647	11129	11862	33
3648	11132	12380	25
3649	11137	12380	50
3650	11137	12380	25
3651	11143	12128	66
3652	11161	11940	33
3653	11161	11940	33
3654	11161	11940	33
3655	11162	12023	66
3656	11162	12173	33
3657	11162	12173	33
3658	11169	12097	66
3659	11184	12341	33
3660	11195	12218	66
3661	11200	11947	33
3662	11202	12103	66
3663	11214	12270	66
3664	11247	12223	66
3665	11268	12380	25
3666	11276	12339	33
3667	11277	12339	33
3668	11284	12173	33
3669	11286	12131	66
3670	11289	12287	66
3671	11290	12233	66
3672	11290	12233	66
3673	11357	12440	66
3674	11357	12440	66
3675	11366	12789	33
3676	11367	12788	33
3677	11368	12521	33
3678	11382	12380	50
3679	11383	12339	33
3680	11383	12339	33
3681	11383	12380	25
3682	11385	12381	50
3683	11385	12382	25
3684	11387	12339	33
3685	11387	12339	33
3686	11387	12341	33
3687	11388	12339	33
3688	11388	12339	33
3689	11388	12339	33
3690	11388	12339	33
3691	11388	12341	33
3692	11388	12341	33
3693	11388	12341	33
3694	11391	12339	33
3695	11391	12339	33
3696	11391	12339	33
3697	11391	12339	33
3698	11391	12339	33
3699	11391	12339	33
3700	11391	12339	33
3701	11391	12339	33
3702	11391	12339	33
3703	11391	12339	33
3704	11391	12339	33
3705	11391	12339	33
3706	11391	12339	33
3707	11392	12186	33
3708	11392	12186	33
3709	11392	12339	33
3710	11392	12341	33
3711	11392	12380	25
3712	11392	12382	25
3713	11392	12382	25
3714	11393	12380	50
3715	11401	12788	33
3716	11408	12381	50
3717	11412	12748	25
3718	11421	12183	33
3719	11427	12339	33
3720	11427	12341	33
3721	11435	12380	25
3722	11437	12785	33
3723	11476	12339	33
3724	11476	12339	33
3725	11476	12339	33
3726	11476	12339	33
3727	11476	12339	33
3728	11476	12340	33
3729	11476	12340	33
3730	11477	12339	33
3731	11477	12339	33
3732	11477	12339	33
3733	11477	12339	33
3734	11477	12339	33
3735	11477	12339	33
3736	11477	12341	33
3737	11491	12345	66
3738	11507	12339	33
3739	11507	12341	33
3740	11507	12341	33
3741	11521	12549	33
3742	11521	12549	33
3743	11525	12936	33
3744	11531	12847	33
3745	11531	12847	33
3746	11531	12852	33
3747	11531	12862	33
3748	11531	12862	33
3749	11531	12867	33
3750	11531	12867	33
3751	11561	12973	33
3752	11598	13024	66
3753	11598	13024	66
3754	11598	13024	66
3755	11625	12380	50
3756	11642	12900	66
3757	11642	12900	66
3758	11642	12900	66
3759	11642	12901	66
3760	11659	12525	33
3761	11670	12870	25
3762	11691	12842	33
3763	11691	12842	33
3764	11692	12412	33
3765	11692	12459	33
3766	11692	12490	33
3767	11692	12536	33
3768	11695	13035	66
3769	11743	12469	33
3770	11749	12631	26
3771	11764	12743	33
3772	11764	12743	33
3773	11764	12973	33
3774	11775	12973	33
3775	11825	12562	33
3776	11845	13262	33
3777	11919	13146	66
3778	11957	13024	66
3779	11957	13025	66
3780	11965	12896	33
3781	11965	12927	33
3782	11965	12960	33
3783	11965	12975	33
3784	11990	13215	33
3785	12015	12755	50
3786	12065	12840	66
3787	12105	13080	33
3788	12124	12906	33
3789	12124	13100	33
3790	12124	13105	33
3791	12124	13105	33
3792	12124	13105	33
3793	12124	13105	33
3794	12124	13105	33
3795	12124	13105	33
3796	12124	13118	33
3797	12124	13118	33
3798	12124	13252	33
3799	12124	13493	33
3800	12127	12867	33
3801	12127	13105	33
3802	12127	13105	33
3803	12127	13507	33
3804	12137	12859	33
3805	12137	13202	33
3806	12137	13548	33
3807	12146	13348	33
3808	12146	13463	33
3809	12146	13486	33
3810	12167	13022	33
3811	12177	13210	33
3812	12182	13022	33
3813	12182	13173	33
3814	12186	13139	33
3815	12210	13140	66
3816	12210	13145	66
3817	12210	13145	66
3818	12210	13150	66
3819	12210	13160	66
3820	12211	13417	33
3821	12212	13274	33
3822	12220	13126	33
3823	12240	12969	33
3824	12240	13023	33
3825	12241	12961	25
3826	12241	13097	33
3827	12242	12963	25
3828	12243	12963	25
3829	12243	13015	25
3830	12243	13039	25
3831	12243	13263	33
3832	12244	13243	33
3833	12245	13243	33
3834	12245	13243	33
3835	12253	13358	33
3836	12253	13389	33
3837	12254	13116	33
3838	12271	13430	33
3839	12271	13480	33
3840	12272	13022	30
3841	12272	13022	30
3842	12276	13007	33
3843	12276	13702	33
3844	12279	13330	33
3845	12297	13665	66
3846	12297	13665	66
3847	12297	13665	66
3848	12297	13665	66
3849	12298	13294	33
3850	12298	13304	33
3851	12300	13021	25
3852	12300	13200	33
3853	12301	13140	66
3854	12301	13142	33
3855	12305	13291	33
3856	12305	13291	33
3857	12306	13035	33
3858	12308	13098	33
3859	12309	13431	33
3860	12309	13549	33
3861	12310	13596	33
3862	12315	13064	33
3863	12315	13313	33
3864	12316	13424	33
3865	12316	13463	33
3866	12320	13249	66
3867	12325	13249	66
3868	12330	13350	26
3869	12351	13681	33
3870	12364	13396	33
3871	12365	13115	33
3872	12388	13180	33
3873	12388	13364	33
3874	12388	13364	33
3875	12400	13455	33
3876	12424	13660	33
3877	12424	13660	33
3878	12425	13660	33
3879	12425	13660	33
3880	12425	13660	33
3881	12425	13660	33
3882	12425	13660	33
3883	12425	13660	33
3884	12435	13165	66
3885	12441	13354	33
3886	12468	13594	33
3887	12472	13228	66
3888	12472	13228	66
3889	12472	13228	66
3890	12472	13228	66
3891	12472	13228	66
3892	12475	13420	33
3893	12478	13469	66
3894	12491	13544	66
3895	12511	13649	66
3896	12515	13659	66
3897	12519	13582	66
3898	12524	13627	66
3899	12532	13446	25
3900	12536	13535	66
3901	12538	13550	33
3902	12550	13358	33
3903	12550	13358	33
3904	12551	13517	66
3905	12551	13517	66
3906	12560	13546	66
3907	12560	13743	33
3908	12567	13740	33
3909	12567	13740	33
3910	12567	13743	33
3911	12572	13359	33
3912	12572	13411	33
3913	12591	13717	33
3914	12592	13861	33
3915	12595	13821	50
3916	12595	13822	25
3917	12596	13822	50
3918	12600	13605	66
3919	12604	13820	50
3920	12605	13820	50
3921	12616	13820	25
3922	12617	13820	50
3923	12618	13568	66
3924	12625	13825	66
3925	12648	13735	66
3926	12660	13597	33
3927	12669	13486	33
3928	12696	13820	33
3929	12696	13848	33
3930	12727	13585	66
3931	12728	13717	66
3932	12738	13695	66
3933	12948	14258	30
3934	12952	14258	30
3935	13084	13852	33
3936	13086	13852	33
3937	13087	13852	33
3938	13095	14150	66
3939	13106	13984	30
3940	13111	13852	33
3941	13121	14032	33
3942	13121	14065	33
3943	13121	14065	33
3944	13121	14078	33
3945	13121	14078	33
3946	13129	13863	33
3947	13129	13863	33
3948	13202	14641	33
3949	13247	14432	33
3950	13262	14392	66
3951	13294	14298	33
3952	13386	14222	66
3953	13518	14946	33
3954	13528	14256	30
3955	13529	14256	30
3956	13531	14552	33
3957	13621	14641	33
3958	13625	14704	33
3959	13626	14704	33
3960	13626	14704	33
3961	13650	14590	66
3962	13650	14829	33
3963	13662	14607	33
3964	13674	14760	33
3965	13684	14466	66
3966	13684	14525	66
3967	13711	15087	33
3968	13716	14645	33
3969	13716	14823	33
3970	13740	14640	33
3971	13752	15166	33
3972	13752	15169	33
3973	13757	14712	33
3974	13759	15169	33
3975	13780	15080	33
3976	13786	14611	25
3977	13801	14521	33
3978	13801	14826	33
3979	13841	14924	33
3980	13903	15006	66
3981	13909	14987	66
3982	13929	14966	66
3983	13932	15026	66
3984	13938	14700	66
3985	13940	15075	66
3986	13953	15136	66
3987	13972	15088	66
3988	13972	15088	66
3989	13992	14990	66
3990	14019	15107	66
3991	14022	14782	33
3992	14022	14832	33
3993	14022	14855	33
3994	14046	15154	66
3995	14046	15461	30
3996	14052	15076	30
3997	14052	15107	30
3998	14062	15065	66
3999	14065	15056	66
4000	14068	15105	33
4001	14074	15014	66
4002	14085	15048	66
4003	14108	15113	66
4004	14112	15084	30
4005	14136	15255	33
4006	14141	15239	66
4007	14166	15238	66
4008	14180	15029	33
4009	14193	14916	33
4010	14217	15147	66
4011	14237	15058	33
4012	14357	15112	30
4013	14406	15842	33
4014	14431	15482	33
4015	14517	15358	33
4016	14520	15600	33
4017	14565	15401	30
4018	14581	15311	66
4019	14594	15414	33
4020	14594	15430	33
4021	14594	15460	33
4022	14594	15474	33
4023	14594	15489	33
4024	14594	15506	33
4025	14618	15872	30
4026	14643	16080	33
4027	14777	16147	30
4028	14779	16116	30
4029	14837	16041	33
4030	14840	16064	33
4031	14851	16036	33
4032	14852	16036	33
4033	14852	16043	33
4034	14856	16036	33
4035	14856	16036	33
4036	14860	16038	33
4037	14860	16038	33
4038	14860	16041	33
4039	14860	16043	33
4040	14866	15782	66
4041	14911	15990	30
4042	14953	16391	33
4043	14959	16392	33
4044	14987	15818	33
4045	15001	15901	25
4046	15061	15901	50
4047	15090	16340	33
4048	15105	16239	33
4049	15109	16019	33
4050	15109	16114	33
4051	15121	15869	66
4052	15121	15870	66
4053	15121	15870	66
4054	15121	15870	66
4055	15121	15870	66
4056	15121	15870	66
4057	15121	15870	66
4058	15121	15870	66
4059	15121	15872	66
4060	15122	16263	30
4061	15124	16445	66
4062	15130	16560	33
4063	15135	16161	33
4064	15151	16285	33
4065	15178	16608	33
4066	15180	16080	33
4067	15180	16080	33
4068	15183	16608	33
4069	15184	16324	66
4070	15197	16117	66
4071	15197	16117	66
4072	15231	16204	33
4073	15241	16009	33
4074	15245	16490	33
4075	15251	16508	33
4076	15283	16553	33
4077	15302	16148	33
4078	15302	16148	33
4079	15302	16203	33
4080	15343	16577	33
4081	15343	16577	33
4082	15347	16077	66
4083	15347	16077	66
4084	15349	16096	33
4085	15350	16294	66
4086	15355	16148	33
4087	15355	16388	33
4088	15361	16374	66
4089	15366	16367	66
4090	15368	16416	66
4091	15371	16447	66
4092	15373	16181	33
4093	15373	16181	33
4094	15373	16181	33
4095	15373	16181	33
4096	15398	16342	33
4097	15415	16348	66
4098	15424	16361	33
4099	15424	16373	33
4100	15424	16374	33
4101	15424	16438	33
4102	15425	16408	66
4103	15425	16421	66
4104	15443	16452	66
4105	15449	16260	33
4106	15468	16315	66
4107	15476	16734	66
4108	15481	16436	66
4109	15495	16431	66
4110	15503	16435	33
4111	15532	16287	66
4112	15546	16402	33
4113	15553	16505	66
4114	15567	16503	66
4115	15569	16606	66
4116	15581	16636	66
4117	15586	16677	66
4118	15594	16410	33
4119	15595	16400	33
4120	15603	16621	66
4121	15608	16632	66
4122	15610	16664	33
4123	15613	16549	33
4124	15615	16407	33
4125	15615	16412	33
4126	15615	16412	33
4127	15627	16400	33
4128	15627	16402	33
4129	15629	16576	66
4130	15647	16394	30
4131	15781	16506	33
4132	15781	16506	33
4133	15781	16506	33
4134	15781	16511	33
4135	15781	16511	33
4136	15781	16511	33
4137	15841	16869	33
4138	15841	16869	33
4139	15841	16869	33
4140	15841	16869	33
4141	15843	16564	33
4142	15856	16589	66
4143	15904	16663	66
4144	15907	17277	25
4145	15916	16717	66
4146	15917	16655	66
4147	15917	16655	66
4148	15962	17221	66
4149	15962	17221	66
4150	15976	17050	66
4151	15978	16845	33
4152	16034	16802	33
4153	16034	16864	33
4154	16040	16867	33
4155	16081	16912	66
4156	16087	17167	33
4157	16087	17167	33
4158	16087	17167	33
4159	16087	17167	33
4160	16087	17167	33
4161	16094	16831	33
4162	16097	17424	66
4163	16131	16893	50
4164	16164	17570	33
4165	16191	17093	33
4166	16192	17468	66
4167	16205	17284	33
4168	16214	16960	33
4169	16214	16984	33
4170	16214	17004	33
4171	16214	17004	33
4172	16214	17018	33
4173	16214	17034	33
4174	16214	17051	33
4175	16214	17066	33
4176	16216	17176	66
4177	16216	17466	66
4178	16221	17127	33
4179	16221	17241	33
4180	16260	17460	66
4181	16263	16991	66
4182	16326	17740	66
4183	16341	17358	33
4184	16369	17401	33
4185	16399	17250	33
4186	16400	17244	33
4187	16400	17761	33
4188	16402	17135	66
4189	16411	17493	33
4190	16414	17140	30
4191	16415	17338	33
4192	16442	17321	33
4193	16443	17172	33
4194	16443	17356	25
4195	16443	17469	33
4196	16443	17817	33
4197	16446	17424	33
4198	16446	17424	33
4199	16446	17598	33
4200	16446	17645	33
4201	16447	17421	33
4202	16447	17509	33
4203	16450	17399	66
4204	16451	17704	33
4205	16452	17346	33
4206	16452	17757	33
4207	16452	17778	33
4208	16453	17728	66
4209	16463	17296	33
4210	16463	17424	33
4211	16463	17424	33
4212	16463	17448	33
4213	16463	17754	33
4214	16464	17223	33
4215	16464	17373	33
4216	16464	17421	33
4217	16464	17444	33
4218	16464	17460	33
4219	16464	17568	33
4220	16464	17717	66
4221	16464	17876	33
4222	16472	17701	33
4223	16475	17521	33
4224	16496	17225	33
4225	16497	17526	33
4226	16504	17884	66
4227	16504	17886	66
4228	16530	17474	66
4229	16531	17401	33
4230	16551	17323	33
4231	16555	17344	50
4232	16563	17303	25
4233	16564	17288	33
4234	16564	17288	33
4235	16564	17584	66
4236	16564	17765	66
4237	16565	17447	33
4238	16566	17564	33
4239	16573	17619	33
4240	16573	17619	33
4241	16576	17360	66
4242	16576	17360	66
4243	16583	17432	66
4244	16590	17502	33
4245	16596	17370	33
4246	16596	17491	33
4247	16609	17978	33
4248	16616	17830	33
4249	16617	17832	33
4250	16620	17460	66
4251	16620	17460	66
4252	16620	17520	33
4253	16620	17575	33
4254	16621	17460	66
4255	16621	17533	33
4256	16622	17521	50
4257	16623	17830	33
4258	16623	17830	33
4259	16629	17431	66
4260	16629	17432	66
4261	16630	17604	66
4262	16630	17604	66
4263	16630	17606	66
4264	16635	17851	30
4265	16643	17548	33
4266	16644	17371	66
4267	16649	17585	33
4268	16649	17585	33
4269	16649	17588	33
4270	16649	17588	33
4271	16649	17589	33
4272	16649	17657	33
4273	16649	17679	33
4274	16673	17919	66
4275	16677	17604	66
4276	16677	17606	66
4277	16680	17665	33
4278	16680	17706	33
4279	16690	17457	33
4280	16696	17457	33
4281	16712	17486	33
4282	16719	17838	66
4283	16726	17838	33
4284	16731	17551	30
4285	16739	18054	66
4286	16740	17479	66
4287	16740	18053	66
4288	16741	17537	33
4289	16741	17544	33
4290	16741	17791	33
4291	16741	17893	33
4292	16745	17484	66
4293	16752	18054	66
4294	16755	17505	66
4295	16761	17886	66
4296	16767	17913	33
4297	16767	17913	33
4298	16777	18154	33
4299	16777	18154	33
4300	16777	18154	33
4301	16786	17852	66
4302	16803	17736	33
4303	16809	18101	66
4304	16811	18055	66
4305	16819	17609	33
4306	16819	17637	33
4307	16819	17745	33
4308	16819	17949	33
4309	16853	18067	66
4310	16865	17654	50
4311	16867	18142	33
4312	16867	18152	33
4313	16874	17864	66
4314	16901	18162	33
4315	16903	17825	66
4316	16912	17979	66
4317	16915	17840	66
4318	16927	18105	66
4319	16930	18330	66
4320	16931	18269	33
4321	16933	17883	66
4322	16941	18269	33
4323	16941	18269	33
4324	16941	18271	33
4325	16942	17990	66
4326	16956	17856	66
4327	16973	18120	33
4328	16976	17957	66
4329	16996	17895	66
4330	17016	18150	33
4331	17032	17808	66
4332	17033	17808	66
4333	17044	18061	66
4334	17060	17933	66
4335	17062	17865	66
4336	17075	18422	33
4337	17076	18022	33
4338	17076	18022	33
4339	17076	18022	66
4340	17081	18152	33
4341	17093	18003	33
4342	17093	18003	33
4343	17101	18093	66
4344	17117	18515	33
4345	17135	18110	66
4346	17180	17936	33
4347	17216	18655	33
4348	17219	18253	33
4349	17263	18023	33
4350	17280	18331	33
4351	17280	18337	33
4352	17280	18342	33
4353	17280	18342	33
4354	17280	18353	33
4355	17280	18353	33
4356	17280	18353	33
4357	17281	18304	33
4358	17281	18698	33
4359	17286	18723	33
4360	17292	18723	33
4361	17296	18142	50
4362	17299	18476	33
4363	17330	18218	66
4364	17396	18699	30
4365	17397	18555	66
4366	17397	18555	66
4367	17397	18555	66
4368	17397	18555	66
4369	17399	18555	66
4370	17401	18662	66
4371	17402	18660	66
4372	17402	18660	66
4373	17402	18661	66
4374	17402	18661	66
4375	17402	18661	66
4376	17402	18661	66
4377	17402	18661	66
4378	17408	18173	33
4379	17430	18630	25
4380	17450	18202	33
4381	17450	18202	33
4382	17450	18202	33
4383	17450	18202	33
4384	17450	18234	33
4385	17450	18264	33
4386	17450	18295	33
4387	17460	18183	33
4388	17460	18183	33
4389	17460	18183	33
4390	17460	18183	33
4391	17460	18183	33
4392	17469	18198	33
4393	17470	18198	33
4394	17470	18198	33
4395	17476	18450	66
4396	17482	18231	33
4397	17493	18752	66
4398	17503	18301	33
4399	17511	18843	33
4400	17521	18402	33
4401	17521	18554	33
4402	17522	18554	33
4403	17525	18320	66
4404	17525	18320	66
4405	17526	18608	33
4406	17527	18607	33
4407	17583	18420	66
4408	17586	18870	33
4409	17587	18815	33
4410	17598	18420	66
4411	17632	18909	66
4412	17632	18909	33
4413	17639	18819	66
4414	17661	18720	33
4415	17719	18488	33
4416	17719	18488	33
4417	17782	18850	33
4418	17816	18872	33
4419	17816	18872	33
4420	17832	19265	33
4421	17843	18898	66
4422	17851	18933	33
4423	17851	18933	33
4424	17857	19237	30
4425	17882	18617	33
4426	17882	18910	33
4427	17883	18796	25
4428	17883	18796	33
4429	17893	18926	33
4430	17893	18950	33
4431	17893	19015	33
4432	17895	18932	33
4433	17895	18932	33
4434	17902	19011	33
4435	17902	19152	33
4436	17902	19176	33
4437	17906	18788	33
4438	17906	18835	33
4439	17906	18879	33
4440	17906	19187	33
4441	17919	18652	30
4442	17920	18654	30
4443	17920	18654	30
4444	17941	18670	50
4445	17944	19265	66
4446	17944	19325	66
4447	17966	18970	33
4448	17974	18904	66
4449	17974	18909	66
4450	17974	18914	66
4451	17974	18919	66
4452	17976	19025	33
4453	17976	19025	33
4454	17978	18818	33
4455	18000	18780	33
4456	18002	18792	25
4457	18004	19205	66
4458	18006	19012	33
4459	18011	18777	33
4460	18024	18785	33
4461	18027	19347	30
4462	18035	18783	30
4463	18041	18763	50
4464	18043	19048	33
4465	18048	18785	66
4466	18048	18785	66
4467	18048	18785	66
4468	18048	18785	66
4469	18060	18960	33
4470	18061	18782	33
4471	18061	18783	33
4472	18061	18875	33
4473	18061	18900	66
4474	18061	18900	66
4475	18061	18900	66
4476	18062	18961	25
4477	18063	19057	33
4478	18064	18784	33
4479	18066	19196	33
4480	18066	19273	33
4481	18067	18961	50
4482	18083	18843	33
4483	18084	19144	33
4484	18089	19026	33
4485	18095	18843	33
4486	18095	18932	33
4487	18102	18852	66
4488	18111	18848	33
4489	18111	18848	33
4490	18121	18843	33
4491	18121	18874	33
4492	18123	19473	66
4493	18124	19421	66
4494	18127	19549	33
4495	18140	19059	33
4496	18140	19105	33
4497	18157	19198	33
4498	18187	19098	33
4499	18189	18924	66
4500	18191	19473	66
4501	18193	19102	66
4502	18194	18929	66
4503	18204	18929	66
4504	18204	19103	33
4505	18204	19385	33
4506	18208	19119	66
4507	18221	19416	66
4508	18247	19026	33
4509	18270	19183	66
4510	18270	19617	66
4511	18279	19694	33
4512	18279	19694	33
4513	18279	19694	33
4514	18285	19493	66
4515	18287	19691	33
4516	18289	19340	66
4517	18309	19181	33
4518	18335	19241	66
4519	18345	19309	66
4520	18349	19389	66
4521	18358	19227	66
4522	18361	19426	66
4523	18362	19485	33
4524	18366	19241	66
4525	18368	19322	66
4526	18370	19485	33
4527	18376	19731	33
4528	18379	19111	33
4529	18379	19360	66
4530	18384	19209	25
4531	18385	19207	50
4532	18411	19230	66
4533	18411	19231	66
4534	18411	19232	66
4535	18430	19455	66
4536	18434	19351	66
4537	18456	19589	33
4538	18457	19376	66
4539	18485	19208	33
4540	18498	19415	66
4541	18504	19433	66
4542	18537	19361	66
4543	18568	19369	66
4544	18573	19420	66
4545	18589	19871	33
4546	18595	19871	30
4547	18611	19460	66
4548	18661	19948	33
4549	18662	19621	33
4550	18664	19508	33
4551	18670	19429	33
4552	18689	19659	50
4553	18712	19434	33
4554	18722	19736	33
4555	18722	19763	33
4556	18722	19763	33
4557	18722	19763	33
4558	18731	20160	33
4559	18736	19537	66
4560	18748	20160	66
4561	18753	19802	33
4562	18754	20160	66
4563	18755	20160	33
4564	18756	20160	33
4565	18762	20160	66
4566	18762	20160	66
4567	18762	20160	66
4568	18781	19667	33
4569	18788	20160	25
4570	18791	20160	33
4571	18791	20160	33
4572	18792	20160	50
4573	18797	20160	33
4574	18817	20160	33
4575	18827	20160	33
4576	18827	20160	33
4577	18833	20160	33
4578	18842	20100	66
4579	18842	20100	66
4580	18844	19578	66
4581	18846	20160	33
4582	18847	19754	33
4583	18852	20160	33
4584	18852	20160	33
4585	18856	20160	66
4586	18856	20160	33
4587	18866	20160	33
4588	18866	20160	33
4589	18866	20160	33
4590	18866	20160	33
4591	18866	20160	33
4592	18866	20160	33
4593	18866	20160	33
4594	18866	20160	33
4595	18866	20160	33
4596	18866	20160	33
4597	18866	20160	33
4598	18866	20160	33
4599	18866	20160	33
4600	18866	20160	33
4601	18866	20160	33
4602	18866	20160	33
4603	18866	20160	33
4604	18866	20160	33
4605	18866	20160	33
4606	18866	20160	33
4607	18866	20160	33
4608	18866	20160	33
4609	18866	20160	33
4610	18866	20160	33
4611	18866	20160	33
4612	18866	20160	33
4613	18866	20160	33
4614	18866	20160	33
4615	18866	20160	33
4616	18866	20160	33
4617	18866	20160	33
4618	18866	20160	33
4619	18866	20160	33
4620	18866	20160	33
4621	18866	20160	33
4622	18866	20160	33
4623	18866	20160	33
4624	18866	20160	33
4625	18868	20160	66
4626	18877	20160	66
4627	18882	20160	66
4628	18884	20160	66
4629	18886	20160	33
4630	18888	20160	66
4631	18888	20160	66
4632	18888	20160	33
4633	18893	20160	33
4634	18904	20160	33
4635	18904	20160	33
4636	18907	20160	66
4637	18907	20160	66
4638	18911	19708	33
4639	18911	19786	33
4640	18911	19800	33
4641	18911	19800	33
4642	18911	20160	66
4643	18914	20160	33
4644	18915	20160	66
4645	18915	20160	33
4646	18935	19752	33
4647	18935	19752	33
4648	18935	19752	33
4649	18935	19752	33
4650	18935	19754	33
4651	18935	19754	33
4652	18935	19754	33
4653	18935	19757	33
4654	18940	20160	66
4655	18946	19806	33
4656	18946	19807	33
4657	18946	20160	66
4658	18946	20160	33
4659	18946	20160	33
4660	18946	20160	33
4661	18946	20160	33
4662	18946	20160	33
4663	18946	20160	33
4664	18946	20160	33
4665	18946	20160	33
4666	18946	20160	33
4667	18946	20160	33
4668	18946	20160	33
4669	18946	20160	33
4670	18946	20160	33
4671	18946	20160	33
4672	18946	20160	33
4673	18947	19683	33
4674	18947	19683	33
4675	18947	19806	33
4676	18947	19806	33
4677	18947	19806	33
4678	18947	19806	33
4679	18947	19806	33
4680	18947	19806	33
4681	18947	19806	33
4682	18947	19806	33
4683	18947	19806	33
4684	18947	19806	33
4685	18947	19806	33
4686	18947	19806	33
4687	18947	19806	33
4688	18947	19806	33
4689	18947	19806	33
4690	18947	19806	33
4691	18947	19807	33
4692	18947	19807	33
4693	18947	19807	33
4694	18947	19807	33
4695	18947	19807	33
4696	18947	19807	33
4697	18947	19807	33
4698	18947	19807	33
4699	18947	19808	33
4700	18947	20074	33
4701	18947	20074	33
4702	18947	20074	33
4703	18947	20160	33
4704	18947	20160	33
4705	18947	20160	33
4706	18947	20160	33
4707	18947	20160	33
4708	18947	20160	33
4709	18947	20160	33
4710	18947	20160	33
4711	18947	20160	33
4712	18947	20160	33
4713	18947	20160	33
4714	18947	20160	33
4715	18947	20160	33
4716	18947	20160	33
4717	18947	20160	33
4718	18947	20160	33
4719	18947	20160	33
4720	18947	20160	33
4721	18947	20160	33
4722	18947	20160	33
4723	18947	20160	33
4724	18947	20160	33
4725	18947	20160	33
4726	18947	20160	33
4727	18947	20160	33
4728	18947	20160	33
4729	18947	20160	33
4730	18947	20160	33
4731	18947	20160	33
4732	18947	20160	33
4733	18947	20160	33
4734	18947	20160	33
4735	18947	20160	33
4736	18947	20160	33
4737	18947	20160	33
4738	18947	20160	33
4739	18947	20160	33
4740	18947	20160	33
4741	18947	20160	33
4742	18947	20160	33
4743	18947	20160	33
4744	18947	20160	33
4745	18947	20160	33
4746	18947	20160	33
4747	18947	20160	33
4748	18947	20160	33
4749	18947	20160	33
4750	18947	20160	33
4751	18947	20160	33
4752	18947	20160	33
4753	18947	20160	33
4754	18947	20160	33
4755	18947	20160	33
4756	18947	20160	33
4757	18947	20160	33
4758	18947	20160	33
4759	18947	20160	33
4760	18947	20160	33
4761	18947	20160	33
4762	18947	20160	33
4763	18947	20160	33
4764	18947	20160	33
4765	18947	20160	33
4766	18947	20160	33
4767	18947	20160	33
4768	18947	20160	33
4769	18947	20160	33
4770	18947	20160	33
4771	18947	20160	33
4772	18947	20160	33
4773	18947	20160	33
4774	18947	20160	33
4775	18947	20160	33
4776	18947	20160	33
4777	18947	20160	33
4778	18947	20160	33
4779	18947	20160	33
4780	18947	20160	33
4781	18947	20160	33
4782	18947	20160	33
4783	18947	20160	33
4784	18947	20160	33
4785	18947	20160	33
4786	18947	20160	33
4787	18947	20160	33
4788	18947	20160	33
4789	18947	20160	33
4790	18947	20160	33
4791	18947	20160	33
4792	18947	20160	33
4793	18947	20160	33
4794	18947	20160	33
4795	18948	19809	33
4796	18948	19809	33
4797	18948	19809	33
4798	18948	19809	33
4799	18948	19809	33
4800	18948	19809	33
4801	18948	19809	33
4802	18948	19815	33
4803	18948	19815	33
4804	18948	19816	33
4805	18948	19816	33
4806	18948	20160	33
4807	18948	20160	33
4808	18948	20160	33
4809	18948	20160	33
4810	18948	20160	33
4811	18948	20160	33
4812	18948	20160	33
4813	18948	20160	33
4814	18948	20160	33
4815	18948	20160	33
4816	18948	20160	33
4817	18948	20160	33
4818	18948	20160	33
4819	18948	20160	33
4820	18948	20160	33
4821	18948	20160	33
4822	18948	20160	33
4823	18948	20160	33
4824	18948	20160	33
4825	18948	20160	33
4826	18948	20160	33
4827	18948	20160	33
4828	18948	20160	33
4829	18948	20160	33
4830	18948	20160	33
4831	18948	20160	33
4832	18948	20160	33
4833	18948	20160	33
4834	18948	20160	33
4835	18948	20160	33
4836	18948	20160	33
4837	18948	20160	33
4838	18948	20160	33
4839	18948	20160	33
4840	18948	20160	33
4841	18949	20160	66
4842	18954	19698	66
4843	18961	19923	33
4844	18961	19923	33
4845	18961	19923	33
4846	18964	20160	66
4847	18966	20048	33
4848	18966	20048	33
4849	18968	19923	33
4850	18968	20160	33
4851	18969	19764	33
4852	18969	19923	33
4853	18969	19923	33
4854	18978	19849	33
4855	18978	19849	33
4856	18982	20160	33
4857	18982	20160	33
4858	18985	20160	33
4859	18988	20160	66
4860	19009	20160	33
4861	19017	20160	40
4862	19021	20160	33
4863	19021	20160	33
4864	19021	20160	33
4865	19022	20160	33
4866	19023	19795	66
4867	19026	20160	33
4868	19030	20160	33
4869	19037	20160	66
4870	19042	20160	33
4871	19047	20160	33
4872	19058	20160	66
4873	19071	20160	33
4874	19072	20160	66
4875	19076	20160	25
4876	19076	20160	33
4877	19076	20160	33
4878	19078	20160	33
4879	19082	20160	33
4880	19085	19805	33
4881	19085	20160	33
4882	19097	19835	66
4883	19102	20160	66
4884	19102	20160	66
4885	19102	20160	66
4886	19102	20160	66
4887	19107	20160	33
4888	19107	20160	33
4889	19107	20160	33
4890	19112	20160	33
4891	19112	20160	33
4892	19112	20160	33
4893	19139	20160	33
4894	19140	20160	33
4895	19140	20160	33
4896	19151	20160	33
4897	19155	20160	25
4898	19157	20160	66
4899	19158	20160	40
4900	19167	20160	33
4901	19169	20160	33
4902	19169	20160	33
4903	19172	20160	33
4904	19173	20160	33
4905	19177	20160	33
4906	19189	20160	33
4907	19190	20160	33
4908	19190	20160	33
4909	19214	20160	30
4910	19222	20160	33
4911	19223	20160	33
4912	19226	20160	66
4913	19231	20144	33
4914	19231	20160	33
4915	19231	20160	33
4916	19231	20160	33
4917	19232	20160	33
4918	19248	20160	50
4919	19251	20160	33
4920	19257	20160	66
4921	19261	20160	33
4922	19268	20160	33
4923	19291	20160	33
4924	19292	20160	33
4925	19294	20144	33
4926	19294	20160	33
4927	19294	20160	33
4928	19294	20160	33
4929	19294	20160	33
4930	19295	20160	33
4931	19299	20023	30
4932	19300	20024	30
4933	19301	20160	33
4934	19304	20160	33
4935	19306	20149	33
4936	19308	20144	33
4937	19308	20160	33
4938	19309	20160	33
4939	19309	20160	33
4940	19309	20160	33
4941	19314	20160	33
4942	19321	20160	33
4943	19321	20160	33
4944	19323	20160	33
4945	19323	20160	33
4946	19328	20160	33
4947	19329	20160	33
4948	19330	20160	30
4949	19331	20160	30
4950	19332	20160	33
4951	19332	20160	33
4952	19338	20160	33
4953	19346	20160	33
4954	19348	20128	33
4955	19348	20160	33
4956	19348	20160	33
4957	19348	20160	33
4958	19348	20160	33
4959	19348	20160	33
4960	19348	20160	33
4961	19348	20160	33
4962	19348	20160	33
4963	19348	20160	33
4964	19348	20160	33
4965	19348	20160	33
4966	19348	20160	33
4967	19348	20160	33
4968	19348	20160	33
4969	19349	20160	33
4970	19349	20160	33
4971	19350	20160	33
4972	19354	20160	50
4973	19356	20160	50
4974	19359	20160	66
4975	19359	20160	66
4976	19364	20160	33
4977	19368	20160	40
4978	19368	20160	40
4979	19375	20160	33
4980	19376	20160	33
4981	19377	20160	33
4982	19381	20160	33
4983	19383	20160	33
4984	19383	20160	33
4985	19384	20160	33
4986	19384	20160	33
4987	19384	20160	33
4988	19384	20160	66
4989	19384	20160	66
4990	19384	20160	66
4991	19385	20160	33
4992	19386	20160	33
4993	19388	20160	33
4994	19388	20160	33
4995	19407	20160	33
4996	19411	20160	33
4997	19414	20160	66
4998	19431	20160	66
4999	19436	20160	33
