5000	100	0	0
0	0	181	33
1	0	181	30
2	0	182	33
3	0	182	33
4	0	183	33
5	0	185	33
6	0	188	33
7	0	188	33
8	0	188	33
9	0	188	33
10	0	188	33
11	0	188	33
12	0	188	33
13	0	188	33
14	0	188	33
15	0	188	33
16	0	188	33
17	0	188	33
18	0	188	33
19	0	188	33
20	0	188	33
21	0	188	33
22	0	188	33
23	0	188	33
24	0	188	33
25	0	188	33
26	0	188	33
27	0	188	33
28	0	188	33
29	0	188	33
30	0	188	33
31	0	188	33
32	0	188	33
33	0	188	33
34	0	188	33
35	0	188	33
36	0	188	33
37	0	188	33
38	0	188	33
39	0	188	33
40	0	188	33
41	0	188	33
42	0	188	33
43	0	188	33
44	0	188	33
45	0	188	33
46	0	200	33
47	0	200	33
48	0	200	33
49	0	200	33
50	0	200	33
51	0	200	33
52	0	200	33
53	0	200	33
54	0	200	33
55	0	200	33
56	0	200	33
57	0	200	33
58	0	200	33
59	0	200	33
60	0	200	33
61	0	200	33
62	0	200	33
63	0	200	33
64	0	200	33
65	0	200	33
66	0	200	33
67	0	200	33
68	0	200	33
69	0	200	33
70	0	200	33
71	0	206	66
72	0	211	30
73	0	211	33
74	0	215	66
75	0	215	66
76	0	215	33
77	0	215	33
78	0	215	33
79	0	215	33
80	0	215	33
81	0	215	33
82	0	215	33
83	0	215	33
84	0	215	33
85	0	215	33
86	0	215	33
87	0	215	33
88	0	215	33
89	0	215	66
90	0	215	33
91	0	215	33
92	0	215	33
93	0	215	33
94	0	215	66
95	0	215	66
96	0	215	66
97	0	215	66
98	0	215	33
99	0	215	33
100	0	215	33
101	0	215	66
102	0	215	66
103	0	215	66
104	0	215	66
105	0	215	66
106	0	215	33
107	0	215	33
108	0	215	33
109	0	215	33
110	0	215	33
111	0	215	33
112	0	215	33
113	0	215	33
114	0	215	33
115	0	215	33
116	0	215	33
117	0	223	66
118	0	232	33
119	0	242	33
120	0	251	66
121	0	251	66
122	0	251	66
123	0	251	66
124	0	251	66
125	0	251	33
126	0	251	66
127	0	251	66
128	0	251	66
129	0	252	66
130	0	252	66
131	0	252	66
132	0	253	33
133	0	253	33
134	0	253	33
135	0	253	66
136	0	253	33
137	0	253	33
138	0	253	33
139	0	253	33
140	0	253	33
141	0	253	33
142	0	253	33
143	0	253	33
144	0	253	33
145	0	254	33
146	0	254	33
147	0	254	33
148	0	254	33
149	0	254	33
150	0	254	33
151	0	254	33
152	0	254	33
153	0	254	33
154	0	254	33
155	0	254	33
156	0	254	33
157	0	254	33
158	0	254	33
159	0	254	33
160	0	254	33
161	0	254	33
162	0	254	33
163	0	254	33
164	0	254	33
165	0	254	33
166	0	254	33
167	0	254	33
168	0	254	33
169	0	254	33
170	0	254	33
171	0	254	33
172	0	254	33
173	0	254	33
174	0	254	33
175	0	254	33
176	0	254	33
177	0	254	33
178	0	254	33
179	0	254	33
180	0	255	33
181	0	255	33
182	0	255	33
183	0	255	33
184	0	255	33
185	0	255	33
186	0	255	33
187	0	255	33
188	0	255	33
189	0	256	33
190	0	258	66
191	0	258	33
192	0	258	33
193	0	258	33
194	0	259	33
195	0	260	33
196	0	267	50
197	0	268	33
198	0	268	33
199	0	268	33
200	0	268	33
201	0	268	33
202	0	268	33
203	0	268	33
204	0	268	33
205	0	268	33
206	0	268	33
207	0	268	33
208	0	268	33
209	0	268	33
210	0	268	33
211	0	268	33
212	0	269	33
213	0	269	33
214	0	269	33
215	0	269	33
216	0	269	33
217	0	269	33
218	0	269	33
219	0	269	33
220	0	269	33
221	0	269	33
222	0	269	33
223	0	269	33
224	0	269	33
225	0	269	33
226	0	269	33
227	0	269	33
228	0	269	33
229	0	269	33
230	0	272	33
231	0	272	50
232	0	272	50
233	0	275	33
234	0	279	33
235	0	279	33
236	0	279	33
237	0	279	33
238	0	280	33
239	0	280	33
240	0	280	33
241	0	295	66
242	0	297	33
243	0	300	25
244	0	305	33
245	0	307	33
246	0	307	33
247	0	307	33
248	0	308	33
249	0	310	33
250	0	314	33
251	0	318	33
252	0	318	33
253	0	326	33
254	0	331	33
255	0	331	33
256	0	333	33
257	0	335	30
258	0	338	33
259	0	338	33
260	0	351	33
261	0	358	33
262	0	358	66
263	0	363	33
264	0	364	33
265	0	367	66
266	0	368	33
267	0	369	33
268	0	372	33
269	0	378	33
270	0	378	33
271	0	380	33
272	0	382	33
273	0	382	33
274	0	385	33
275	0	400	33
276	0	400	33
277	0	401	33
278	0	403	33
279	0	407	66
280	0	419	33
281	0	419	33
282	0	419	33
283	0	419	33
284	0	419	33
285	0	420	33
286	0	420	33
287	0	420	33
288	0	420	33
289	0	420	33
290	0	420	33
291	0	420	33
292	0	420	33
293	0	420	33
294	0	420	33
295	0	420	33
296	0	420	33
297	0	420	33
298	0	421	33
299	0	423	33
300	0	427	33
301	0	442	33
302	0	443	66
303	0	456	33
304	0	456	33
305	0	457	33
306	0	458	66
307	0	458	66
308	0	459	66
309	0	477	33
310	0	477	33
311	0	477	33
312	0	477	33
313	0	478	33
314	0	485	33
315	0	485	66
316	0	500	33
317	0	502	33
318	0	506	33
319	0	506	33
320	0	506	33
321	0	506	33
322	0	506	33
323	0	506	33
324	0	506	33
325	0	506	33
326	0	507	33
327	0	507	33
328	0	507	33
329	0	507	33
330	0	507	33
331	0	507	33
332	0	507	33
333	0	507	33
334	0	507	33
335	0	507	33
336	0	507	33
337	0	507	33
338	0	507	33
339	0	507	33
340	0	507	33
341	0	507	33
342	0	507	33
343	0	507	33
344	0	507	33
345	0	509	33
346	0	509	33
347	0	509	33
348	0	509	33
349	0	509	33
350	0	509	33
351	0	509	33
352	0	509	33
353	0	509	33
354	0	509	33
355	0	509	33
356	0	509	33
357	0	509	33
358	0	509	33
359	0	509	33
360	0	509	33
361	0	509	33
362	0	509	33
363	0	509	33
364	0	511	33
365	0	511	33
366	0	511	33
367	0	511	33
368	0	513	66
369	0	513	66
370	0	513	66
371	0	513	66
372	0	513	66
373	0	513	66
374	0	513	66
375	0	513	66
376	0	513	66
377	0	513	66
378	0	513	66
379	0	513	66
380	0	513	66
381	0	513	66
382	0	513	66
383	0	513	33
384	0	513	66
385	0	514	66
386	0	514	66
387	0	514	66
388	0	514	33
389	0	514	66
390	0	514	66
391	0	515	66
392	0	515	66
393	0	515	66
394	0	515	66
395	0	515	66
396	0	516	66
397	0	516	66
398	0	516	66
399	0	520	66
400	0	520	66
401	0	520	66
402	0	520	66
403	0	520	66
404	0	520	66
405	0	525	66
406	0	527	33
407	0	527	66
408	0	527	66
409	0	527	66
410	0	527	66
411	0	527	66
412	0	527	66
413	0	527	66
414	0	528	66
415	0	528	66
416	0	528	33
417	0	528	33
418	0	528	33
419	0	528	33
420	0	528	33
421	0	528	66
422	0	528	33
423	0	528	33
424	0	528	66
425	0	530	66
426	0	531	66
427	0	531	66
428	0	531	66
429	0	531	66
430	0	531	66
431	0	531	66
432	0	531	66
433	0	531	66
434	0	531	66
435	0	531	66
436	0	531	66
437	0	532	40
438	0	533	33
439	0	534	33
440	0	534	33
441	0	534	33
442	0	534	33
443	0	534	33
444	0	534	33
445	0	537	33
446	0	537	33
447	0	538	33
448	0	538	33
449	0	538	33
450	0	538	33
451	0	538	33
452	0	538	33
453	0	538	33
454	0	538	33
455	0	538	33
456	0	538	33
457	0	538	33
458	0	538	33
459	0	538	33
460	0	539	33
461	0	540	33
462	0	540	33
463	0	540	33
464	0	540	33
465	0	541	33
466	0	542	33
467	0	542	33
468	0	549	61
469	0	549	61
470	0	550	33
471	0	550	33
472	0	550	33
473	0	550	33
474	0	550	33
475	0	550	33
476	0	550	33
477	0	550	33
478	0	550	33
479	0	550	33
480	0	550	33
481	0	550	33
482	0	550	33
483	0	550	33
484	0	550	33
485	0	550	33
486	0	550	33
487	0	550	33
488	0	550	33
489	0	550	33
490	0	550	33
491	0	550	33
492	0	550	33
493	0	550	33
494	0	550	33
495	0	550	33
496	0	550	33
497	0	550	33
498	0	550	33
499	0	551	33
500	0	552	33
501	0	552	33
502	0	552	33
503	0	552	33
504	0	552	33
505	0	552	33
506	0	552	33
507	0	552	33
508	0	552	33
509	0	552	33
510	0	552	33
511	0	552	33
512	0	552	33
513	0	552	33
514	0	552	33
515	0	552	33
516	0	555	33
517	0	555	33
518	0	555	33
519	0	555	33
520	0	555	33
521	0	558	33
522	0	576	66
523	0	576	66
524	0	576	66
525	0	576	66
526	0	576	66
527	0	576	66
528	0	576	33
529	0	576	33
530	0	576	33
531	0	576	33
532	0	576	33
533	0	576	66
534	0	576	66
535	0	576	66
536	0	576	66
537	0	577	33
538	0	577	33
539	0	577	33
540	0	577	33
541	0	577	33
542	0	577	33
543	0	577	33
544	0	577	33
545	0	577	33
546	0	577	33
547	0	577	33
548	0	577	33
549	0	577	33
550	0	577	33
551	0	579	33
552	0	579	33
553	0	579	33
554	0	579	33
555	0	579	33
556	0	579	33
557	0	579	33
558	0	579	33
559	0	579	33
560	0	580	33
561	0	580	33
562	0	580	33
563	0	580	33
564	0	580	33
565	0	580	33
566	0	580	33
567	0	580	33
568	0	580	33
569	0	580	33
570	0	580	33
571	0	580	33
572	0	580	33
573	0	580	33
574	0	580	33
575	0	580	33
576	0	580	33
577	0	580	33
578	0	580	33
579	0	580	33
580	0	580	33
581	0	580	33
582	0	580	33
583	0	580	33
584	0	580	33
585	0	580	33
586	0	580	33
587	0	580	33
588	0	580	33
589	0	580	33
590	0	580	33
591	0	580	33
592	0	580	33
593	0	580	33
594	0	580	33
595	0	580	33
596	0	580	33
597	0	580	33
598	0	580	33
599	0	580	33
600	0	580	33
601	0	580	33
602	0	580	33
603	0	580	33
604	0	580	33
605	0	580	33
606	0	580	33
607	0	580	33
608	0	580	33
609	0	583	30
610	0	586	30
611	0	587	66
612	0	592	66
613	0	597	61
614	0	605	33
615	0	607	33
616	0	607	33
617	0	612	33
618	0	612	33
619	0	612	33
620	0	612	33
621	0	612	33
622	0	615	33
623	0	615	33
624	0	618	33
625	0	618	33
626	0	618	33
627	0	622	33
628	0	622	33
629	0	622	33
630	0	622	33
631	0	622	33
632	0	622	33
633	0	626	33
634	0	627	33
635	0	627	33
636	0	629	66
637	0	632	33
638	0	632	33
639	0	635	33
640	0	636	33
641	0	636	33
642	0	637	33
643	0	637	33
644	0	637	33
645	0	637	33
646	0	638	33
647	0	640	33
648	0	640	33
649	0	640	33
650	0	640	33
651	0	640	33
652	0	640	33
653	0	640	33
654	0	640	33
655	0	640	33
656	0	640	33
657	0	640	33
658	0	640	33
659	0	640	33
660	0	640	33
661	0	640	33
662	0	640	33
663	0	640	33
664	0	640	33
665	0	640	33
666	0	640	33
667	0	640	33
668	0	641	33
669	0	641	33
670	0	651	66
671	0	659	33
672	0	679	66
673	0	698	33
674	0	700	33
675	0	701	66
676	0	708	33
677	0	713	33
678	0	713	33
679	0	722	33
680	0	750	66
681	0	755	33
682	0	755	33
683	0	755	33
684	0	755	33
685	0	755	33
686	0	755	33
687	0	755	33
688	0	755	33
689	0	755	33
690	0	755	33
691	0	755	33
692	0	755	33
693	0	755	33
694	0	755	33
695	0	755	33
696	0	755	33
697	0	755	33
698	0	755	33
699	0	755	33
700	0	755	33
701	0	755	33
702	0	755	33
703	0	755	33
704	0	755	33
705	0	755	33
706	0	755	33
707	0	755	33
708	0	755	33
709	0	781	33
710	0	817	33
711	0	818	66
712	0	843	33
713	0	850	30
714	0	859	50
715	0	860	33
716	0	892	33
717	0	900	33
718	0	906	33
719	0	928	33
720	0	1009	33
721	0	1013	66
722	0	1013	66
723	0	1022	61
724	0	1043	33
725	0	1046	33
726	0	1075	66
727	0	1076	66
728	0	1087	50
729	0	1088	66
730	0	1140	33
731	0	1141	33
732	0	1141	33
733	0	1141	33
734	0	1141	33
735	0	1141	33
736	0	1141	33
737	0	1141	33
738	0	1142	33
739	0	1142	33
740	0	1142	33
741	0	1142	33
742	0	1144	33
743	0	1144	30
744	0	1150	30
745	0	1156	33
746	0	1157	33
747	0	1157	33
748	0	1157	33
749	0	1157	33
750	0	1157	33
751	0	1157	33
752	0	1158	33
753	0	1162	30
754	0	1171	50
755	0	1202	33
756	0	1218	33
757	0	1218	33
758	0	1228	33
759	0	1228	66
760	0	1228	66
761	0	1250	33
762	0	1273	33
763	0	1274	33
764	0	1293	66
765	0	1306	33
766	0	1306	33
767	0	1329	33
768	0	1336	66
769	0	1381	33
770	0	1418	66
771	0	1418	66
772	4	1111	30
773	7	323	33
774	18	626	33
775	18	633	33
776	19	374	33
777	40	352	30
778	44	352	30
779	57	298	33
780	58	534	33
781	61	601	66
782	68	377	33
783	71	375	33
784	74	860	25
785	75	791	33
786	77	362	25
787	91	670	66
788	108	1536	33
789	120	1382	66
790	121	359	66
791	121	878	33
792	121	878	33
793	121	878	33
794	121	878	33
795	122	1380	66
796	122	1381	66
797	122	1381	66
798	122	1381	66
799	124	379	66
800	124	379	66
801	125	516	66
802	125	516	66
803	125	516	66
804	125	516	66
805	125	516	66
806	125	516	66
807	125	516	66
808	125	517	66
809	125	517	66
810	125	517	66
811	125	517	66
812	125	517	66
813	125	517	66
814	125	937	33
815	127	331	66
816	127	338	66
817	127	366	66
818	127	367	66
819	127	516	66
820	127	516	66
821	127	878	33
822	128	528	66
823	130	517	66
824	131	516	66
825	131	516	66
826	135	361	66
827	137	571	66
828	137	571	66
829	158	1157	66
830	161	484	66
831	162	495	33
832	162	1311	33
833	170	361	66
834	173	717	30
835	182	479	33
836	184	489	33
837	186	510	66
838	196	435	25
839	196	538	66
840	196	689	25
841	198	479	33
842	200	1140	66
843	200	1145	66
844	200	1381	66
845	204	868	33
846	206	1141	66
847	207	456	66
848	210	689	25
849	210	820	33
850	214	733	30
851	214	1019	66
852	214	1044	66
853	214	1141	66
854	216	486	66
855	216	617	66
856	216	667	66
857	216	1141	66
858	216	1142	66
859	216	1142	66
860	217	857	66
861	218	478	66
862	218	1037	66
863	222	409	33
864	222	409	33
865	222	495	33
866	222	1147	33
867	223	1043	66
868	223	1043	66
869	224	616	33
870	230	421	66
871	230	457	66
872	230	457	66
873	230	457	66
874	240	676	66
875	245	668	66
876	245	668	66
877	245	671	66
878	245	770	66
879	248	1660	66
880	251	689	33
881	252	882	33
882	252	1141	33
883	252	1157	33
884	253	457	33
885	253	1142	33
886	254	1168	33
887	260	530	66
888	261	468	33
889	261	661	33
890	261	1111	33
891	261	1141	33
892	261	1142	33
893	261	1142	33
894	261	1142	33
895	261	1142	33
896	261	1142	33
897	261	1142	33
898	261	1142	33
899	261	1156	66
900	261	1158	66
901	261	1214	33
902	261	1215	33
903	261	1217	33
904	261	1395	33
905	261	1395	33
906	267	451	66
907	267	1157	66
908	282	764	33
909	282	1142	33
910	282	1142	33
911	282	1142	33
912	282	1142	33
913	282	1142	33
914	282	1142	33
915	282	1214	33
916	282	1502	33
917	283	555	33
918	283	781	33
919	283	1157	33
920	283	1157	33
921	284	1157	33
922	284	1158	33
923	285	1158	33
924	285	1158	33
925	298	1072	33
926	313	1141	66
927	313	1141	66
928	313	1141	66
929	314	755	66
930	314	1026	66
931	315	1157	33
932	316	1040	66
933	331	541	66
934	331	541	66
935	331	541	66
936	333	541	66
937	338	1470	33
938	349	623	66
939	361	552	66
940	366	965	33
941	368	591	33
942	369	628	66
943	373	578	33
944	377	690	30
945	377	1157	33
946	377	1157	33
947	377	1157	33
948	377	1158	33
949	377	1158	33
950	377	1365	33
951	391	636	66
952	415	647	33
953	415	736	33
954	415	786	33
955	415	1043	33
956	416	746	66
957	417	721	33
958	417	1020	33
959	417	1020	33
960	417	1020	33
961	417	1091	33
962	417	1141	33
963	417	1141	33
964	417	1141	33
965	417	1141	33
966	417	1141	33
967	424	1053	33
968	424	1159	33
969	427	1151	33
970	427	1156	33
971	427	1156	33
972	427	1157	33
973	427	1157	33
974	427	1157	33
975	427	1157	33
976	427	1158	33
977	427	1338	33
978	428	1239	33
979	430	1040	33
980	434	1324	33
981	447	1157	33
982	447	1158	33
983	447	1159	33
984	451	767	66
985	451	900	33
986	451	1161	33
987	451	1161	33
988	451	1161	33
989	456	820	66
990	458	900	33
991	458	1142	33
992	458	1144	33
993	461	744	33
994	462	780	33
995	462	1157	33
996	463	744	33
997	484	909	33
998	518	1038	66
999	518	1142	66
1000	532	1408	25
1001	532	1408	25
1002	533	1408	25
1003	538	719	33
1004	538	842	33
1005	538	861	33
1006	538	961	33
1007	538	1375	33
1008	541	1670	33
1009	546	766	66
1010	549	1065	30
1011	555	1123	66
1012	557	1134	33
1013	571	1396	33
1014	572	764	33
1015	572	764	33
1016	572	901	33
1017	572	970	33
1018	572	1142	33
1019	572	1142	33
1020	579	766	66
1021	587	1043	33
1022	587	1157	33
1023	589	1142	66
1024	589	1142	66
1025	590	1141	66
1026	590	1141	66
1027	590	1141	66
1028	590	1141	66
1029	590	1142	66
1030	590	1142	66
1031	590	1541	66
1032	592	922	66
1033	592	1156	66
1034	592	1159	66
1035	593	922	66
1036	593	922	66
1037	608	1575	33
1038	609	838	33
1039	609	1286	33
1040	609	1286	33
1041	609	1575	33
1042	609	1575	33
1043	610	1327	33
1044	614	1154	33
1045	614	1157	33
1046	614	1157	33
1047	614	1157	33
1048	614	1157	33
1049	614	1157	33
1050	614	1157	33
1051	614	1157	33
1052	614	1157	33
1053	614	1157	33
1054	614	1157	33
1055	614	1157	33
1056	614	1158	33
1057	614	1158	33
1058	614	1158	33
1059	615	1158	33
1060	615	1158	33
1061	616	1385	33
1062	617	1141	33
1063	617	1156	33
1064	617	1157	33
1065	617	1328	33
1066	617	2013	33
1067	619	1048	33
1068	621	1706	33
1069	623	973	33
1070	623	1987	33
1071	623	2046	33
1072	627	1380	33
1073	633	948	30
1074	661	848	50
1075	666	1292	33
1076	666	1623	33
1077	666	1865	66
1078	666	1924	66
1079	685	1797	33
1080	690	1626	66
1081	691	1561	33
1082	694	1008	30
1083	696	1834	33
1084	711	1290	66
1085	722	931	33
1086	723	1030	33
1087	725	961	66
1088	730	940	33
1089	733	1443	33
1090	751	1317	33
1091	751	1502	30
1092	752	1082	33
1093	755	1205	66
1094	756	1207	66
1095	756	1471	33
1096	757	982	33
1097	758	1013	33
1098	759	1142	66
1099	759	1142	66
1100	759	1142	66
1101	759	1142	66
1102	760	1320	33
1103	781	1043	33
1104	781	1563	33
1105	785	1160	66
1106	785	1986	66
1107	786	1327	66
1108	798	1374	33
1109	803	1995	33
1110	807	1086	33
1111	816	1901	33
1112	816	1901	33
1113	816	1901	33
1114	817	1901	33
1115	817	1901	33
1116	817	1901	33
1117	817	1901	33
1118	818	1901	33
1119	818	1901	33
1120	819	1901	33
1121	819	1901	33
1122	819	1901	33
1123	819	1901	33
1124	819	1901	33
1125	819	1901	33
1126	819	1901	33
1127	819	1901	33
1128	820	1901	33
1129	820	1901	33
1130	820	1901	33
1131	821	1802	33
1132	821	1901	33
1133	821	1901	33
1134	821	1901	33
1135	821	1901	33
1136	851	1126	33
1137	851	1298	33
1138	857	1052	66
1139	863	1201	33
1140	875	1191	33
1141	892	1171	33
1142	900	1310	33
1143	900	1561	33
1144	901	1509	33
1145	905	1098	33
1146	906	1219	30
1147	908	1278	30
1148	909	1405	66
1149	911	2026	66
1150	921	1150	33
1151	926	2026	66
1152	929	1567	33
1153	932	1266	66
1154	932	1266	66
1155	933	2121	33
1156	934	2132	33
1157	938	1402	33
1158	954	1141	33
1159	954	1142	33
1160	954	1142	33
1161	954	1217	33
1162	955	1141	33
1163	957	1141	33
1164	960	1261	30
1165	967	1891	33
1166	967	2221	33
1167	976	1236	66
1168	979	1405	66
1169	981	1410	33
1170	987	1294	30
1171	989	1217	33
1172	993	1360	33
1173	997	1216	66
1174	997	1216	66
1175	999	1321	33
1176	1000	1241	30
1177	1006	1669	30
1178	1006	2224	66
1179	1007	2224	33
1180	1019	1199	61
1181	1019	1390	33
1182	1030	1252	66
1183	1039	1299	66
1184	1039	1302	66
1185	1039	2105	66
1186	1040	1307	66
1187	1040	1312	66
1188	1041	1302	66
1189	1041	1312	66
1190	1041	1703	33
1191	1045	1292	66
1192	1045	1315	66
1193	1047	1703	33
1194	1048	1703	33
1195	1048	1703	33
1196	1048	1703	33
1197	1048	1703	33
1198	1051	1252	66
1199	1051	1256	66
1200	1051	1256	66
1201	1051	1264	66
1202	1066	1256	66
1203	1070	1891	66
1204	1070	1958	66
1205	1081	1887	33
1206	1088	1279	33
1207	1093	2300	25
1208	1105	2253	33
1209	1115	1323	66
1210	1115	1324	66
1211	1140	1404	66
1212	1140	2523	33
1213	1141	1360	66
1214	1141	1673	66
1215	1142	1336	66
1216	1142	1801	33
1217	1146	1638	33
1218	1148	1393	30
1219	1152	1456	30
1220	1152	1550	33
1221	1152	2279	33
1222	1156	1360	33
1223	1156	1497	33
1224	1156	1518	33
1225	1156	1528	33
1226	1156	1550	33
1227	1156	1568	33
1228	1158	1550	33
1229	1158	1551	33
1230	1158	1875	66
1231	1165	1407	30
1232	1177	1901	33
1233	1178	1901	33
1234	1178	1901	33
1235	1178	2056	33
1236	1179	1901	33
1237	1180	1901	33
1238	1180	1901	33
1239	1180	1901	33
1240	1181	1901	33
1241	1181	1904	33
1242	1191	2119	33
1243	1203	1549	30
1244	1207	2119	33
1245	1210	1603	33
1246	1210	1606	33
1247	1210	1606	33
1248	1210	1606	33
1249	1211	1583	33
1250	1211	1606	33
1251	1211	1639	33
1252	1214	1606	33
1253	1214	1607	66
1254	1216	1583	33
1255	1219	1831	66
1256	1219	1982	66
1257	1222	1988	66
1258	1222	2044	66
1259	1222	2377	66
1260	1228	2166	50
1261	1231	1603	33
1262	1238	1556	33
1263	1242	1862	66
1264	1242	2478	66
1265	1242	2479	66
1266	1242	2479	66
1267	1244	1840	66
1268	1260	2162	66
1269	1262	1586	50
1270	1265	1667	33
1271	1266	1473	33
1272	1267	1467	33
1273	1267	1472	33
1274	1267	1478	33
1275	1271	1484	50
1276	1273	2302	33
1277	1276	1484	50
1278	1281	1484	50
1279	1284	2709	33
1280	1297	1508	33
1281	1297	1539	33
1282	1297	1608	30
1283	1298	1497	33
1284	1298	1550	33
1285	1298	1771	33
1286	1299	1508	33
1287	1299	1538	33
1288	1299	1538	33
1289	1299	2108	33
1290	1306	2711	33
1291	1311	2717	33
1292	1313	1741	66
1293	1313	1921	66
1294	1313	2270	66
1295	1313	2270	66
1296	1313	2270	66
1297	1313	2270	66
1298	1318	2270	66
1299	1318	2270	66
1300	1322	1621	66
1301	1322	2060	66
1302	1322	2062	66
1303	1322	2062	66
1304	1322	2063	66
1305	1322	2063	66
1306	1322	2063	66
1307	1322	2063	66
1308	1330	2270	66
1309	1330	2270	66
1310	1330	2270	66
1311	1330	2270	66
1312	1331	1957	66
1313	1331	2221	66
1314	1333	1531	33
1315	1335	1638	33
1316	1335	2271	66
1317	1335	2271	66
1318	1335	2271	66
1319	1336	2270	66
1320	1342	2051	33
1321	1347	1777	33
1322	1347	2257	33
1323	1350	2272	66
1324	1350	2272	66
1325	1353	2272	66
1326	1358	1783	33
1327	1360	2272	66
1328	1379	2098	33
1329	1381	1783	33
1330	1382	1776	33
1331	1382	1783	33
1332	1382	1783	33
1333	1404	2824	33
1334	1441	2292	33
1335	1453	2119	33
1336	1455	1706	66
1337	1487	1789	25
1338	1501	1903	33
1339	1501	1903	33
1340	1501	1903	33
1341	1502	1903	33
1342	1531	1785	66
1343	1537	1723	33
1344	1560	2155	33
1345	1561	1759	50
1346	1562	1752	33
1347	1562	2109	33
1348	1562	2119	33
1349	1562	2129	33
1350	1565	1901	50
1351	1593	2159	33
1352	1621	2069	25
1353	1622	2068	25
1354	1626	1832	25
1355	1628	1940	30
1356	1633	2351	33
1357	1633	2444	33
1358	1634	2326	33
1359	1635	1833	25
1360	1635	1840	33
1361	1636	1849	25
1362	1638	2619	66
1363	1645	1981	33
1364	1650	1863	33
1365	1650	1984	33
1366	1653	2913	66
1367	1684	1980	33
1368	1684	1995	33
1369	1684	1996	33
1370	1684	2018	33
1371	1684	2161	33
1372	1684	2647	33
1373	1684	2718	33
1374	1684	2741	33
1375	1695	1937	33
1376	1710	2298	33
1377	1719	2025	30
1378	1726	1957	33
1379	1726	2131	33
1380	1726	2225	33
1381	1726	2225	33
1382	1726	2419	33
1383	1726	2504	33
1384	1730	2824	33
1385	1738	1995	33
1386	1738	2018	33
1387	1738	2041	33
1388	1740	1937	66
1389	1740	1986	33
1390	1743	2044	66
1391	1750	2184	66
1392	1757	1994	33
1393	1757	1994	33
1394	1760	2309	33
1395	1764	2076	33
1396	1765	2076	33
1397	1766	2088	33
1398	1766	2091	33
1399	1768	2309	33
1400	1769	2309	33
1401	1779	2485	33
1402	1799	2401	33
1403	1804	2205	30
1404	1810	2017	33
1405	1810	2020	33
1406	1810	2220	33
1407	1810	2220	33
1408	1810	2221	33
1409	1814	2027	33
1410	1814	2118	30
1411	1816	2163	33
1412	1816	2225	33
1413	1816	2339	33
1414	1816	2339	33
1415	1816	2343	33
1416	1816	2357	33
1417	1817	2797	33
1418	1818	2224	33
1419	1820	2408	33
1420	1821	2282	33
1421	1823	2224	33
1422	1824	2244	66
1423	1827	2162	33
1424	1827	2343	33
1425	1827	2356	33
1426	1834	2182	33
1427	1835	2131	33
1428	1835	2131	33
1429	1835	2243	33
1430	1835	2247	33
1431	1838	2176	66
1432	1839	2224	33
1433	1839	2236	33
1434	1839	2410	33
1435	1840	2134	33
1436	1840	2210	33
1437	1840	2272	33
1438	1840	2465	33
1439	1840	2571	33
1440	1840	2823	33
1441	1855	2066	33
1442	1856	2056	33
1443	1856	2108	33
1444	1857	2039	33
1445	1857	2039	33
1446	1857	2056	33
1447	1857	2057	33
1448	1861	2056	50
1449	1861	2113	66
1450	1865	2129	33
1451	1865	2131	33
1452	1865	2185	66
1453	1865	2923	66
1454	1866	2730	33
1455	1869	2182	30
1456	1874	2060	33
1457	1879	2327	33
1458	1879	2327	33
1459	1909	2146	33
1460	1918	2225	33
1461	1918	2418	33
1462	1918	2504	33
1463	1920	2254	33
1464	1928	2222	33
1465	1928	2486	33
1466	1933	2155	33
1467	1933	2191	33
1468	1938	2252	30
1469	1945	2411	66
1470	1948	2399	30
1471	1950	2346	33
1472	1950	2378	33
1473	1957	2326	33
1474	1957	2504	33
1475	1957	2504	33
1476	1958	2281	40
1477	1964	2206	30
1478	1966	2337	66
1479	1982	2221	33
1480	1983	3112	33
1481	1984	2286	40
1482	1997	2221	40
1483	2007	3441	33
1484	2015	2326	30
1485	2016	2224	66
1486	2041	2221	33
1487	2046	3014	33
1488	2046	3017	33
1489	2048	3130	33
1490	2058	2417	33
1491	2058	2426	33
1492	2075	2417	66
1493	2078	2320	66
1494	2097	3123	33
1495	2119	2701	30
1496	2131	3066	66
1497	2162	2883	25
1498	2163	2884	66
1499	2170	2710	66
1500	2171	2849	33
1501	2172	2403	33
1502	2173	2402	33
1503	2173	2720	33
1504	2177	3567	33
1505	2182	2678	25
1506	2182	3138	40
1507	2184	2492	30
1508	2185	2469	66
1509	2185	2494	66
1510	2185	2495	66
1511	2185	2495	66
1512	2185	2506	66
1513	2185	2507	66
1514	2191	2941	30
1515	2196	2988	50
1516	2203	3095	33
1517	2204	3095	33
1518	2212	2521	30
1519	2219	2581	33
1520	2220	2581	33
1521	2222	2405	66
1522	2222	3529	33
1523	2235	3414	66
1524	2236	2722	25
1525	2252	2904	30
1526	2256	2449	66
1527	2261	3427	33
1528	2271	2613	33
1529	2281	2943	33
1530	2283	3061	25
1531	2292	3350	33
1532	2296	2943	25
1533	2311	2942	50
1534	2311	2942	50
1535	2319	3007	33
1536	2319	3235	33
1537	2327	2507	33
1538	2327	2800	33
1539	2327	3301	33
1540	2340	2560	66
1541	2346	2560	66
1542	2354	2590	33
1543	2354	2590	33
1544	2356	2931	33
1545	2356	3307	33
1546	2363	2677	33
1547	2363	3579	33
1548	2365	3403	33
1549	2366	3234	66
1550	2389	2634	30
1551	2398	2701	25
1552	2405	2683	33
1553	2405	2683	33
1554	2405	2683	33
1555	2405	2710	33
1556	2406	2683	33
1557	2410	3241	66
1558	2411	2684	33
1559	2421	3572	66
1560	2422	3447	66
1561	2428	2999	33
1562	2433	3412	33
1563	2439	3579	66
1564	2441	3065	66
1565	2446	2702	66
1566	2454	2723	33
1567	2455	3495	66
1568	2457	2906	25
1569	2462	2702	66
1570	2462	3857	33
1571	2469	3867	33
1572	2470	3072	66
1573	2471	2682	33
1574	2481	3743	66
1575	2487	3143	33
1576	2490	2931	33
1577	2491	2931	33
1578	2494	3606	66
1579	2509	2706	33
1580	2509	2716	33
1581	2509	3857	33
1582	2518	2717	33
1583	2519	2750	33
1584	2522	3310	66
1585	2522	3849	66
1586	2534	3741	25
1587	2537	3303	33
1588	2538	3267	33
1589	2539	2900	30
1590	2542	2899	30
1591	2544	2807	66
1592	2555	3044	66
1593	2561	3366	25
1594	2570	2870	50
1595	2586	2840	66
1596	2597	2791	66
1597	2597	2791	66
1598	2597	2791	66
1599	2597	2794	66
1600	2597	3210	66
1601	2598	2804	66
1602	2602	2914	30
1603	2609	2873	66
1604	2610	3373	33
1605	2643	3449	66
1606	2644	3449	66
1607	2644	3449	66
1608	2644	3449	66
1609	2648	2917	33
1610	2650	2867	33
1611	2650	3448	66
1612	2650	3448	66
1613	2650	3448	66
1614	2650	3449	66
1615	2650	3449	66
1616	2650	3449	66
1617	2650	3568	66
1618	2651	3448	66
1619	2655	2865	33
1620	2655	2902	33
1621	2655	2902	33
1622	2655	2902	33
1623	2656	2904	40
1624	2658	3587	66
1625	2659	2974	30
1626	2661	2984	33
1627	2679	2989	30
1628	2680	3444	66
1629	2680	3444	66
1630	2680	3444	66
1631	2680	3445	66
1632	2680	3445	66
1633	2682	3445	66
1634	2686	2898	66
1635	2687	2887	66
1636	2704	2912	50
1637	2726	3369	30
1638	2731	2936	66
1639	2738	2929	25
1640	2742	3629	66
1641	2748	2937	25
1642	2750	2937	25
1643	2759	3063	33
1644	2781	2981	33
1645	2781	3447	30
1646	2781	3447	30
1647	2787	2969	33
1648	2787	2969	33
1649	2787	2974	33
1650	2787	2977	33
1651	2787	2984	33
1652	2787	2984	33
1653	2787	2984	33
1654	2787	2984	33
1655	2788	2977	33
1656	2788	2981	33
1657	2790	2974	33
1658	2790	2975	33
1659	2790	2977	33
1660	2790	2977	33
1661	2790	2984	33
1662	2791	2981	33
1663	2791	2984	33
1664	2793	2975	33
1665	2793	2981	33
1666	2797	3606	66
1667	2799	2990	66
1668	2806	3207	33
1669	2818	3124	30
1670	2824	3783	33
1671	2825	3202	33
1672	2880	3352	66
1673	2883	3352	66
1674	2883	3352	66
1675	2883	3352	66
1676	2885	3424	66
1677	2886	4295	33
1678	2888	3198	30
1679	2925	3214	33
1680	2932	3267	33
1681	2950	3349	66
1682	2950	3349	66
1683	2951	3238	33
1684	2953	3741	25
1685	2956	3145	33
1686	2956	3354	66
1687	2956	3530	33
1688	2956	3530	33
1689	2974	3179	66
1690	2974	3264	66
1691	2977	3211	33
1692	2977	3213	33
1693	2977	3856	33
1694	2977	3856	33
1695	2977	3856	33
1696	2977	3856	33
1697	2980	3213	33
1698	2980	3247	33
1699	2980	3306	33
1700	2980	3728	33
1701	2981	3623	33
1702	2981	3733	33
1703	2987	3211	33
1704	2987	3262	33
1705	2988	3864	33
1706	2989	3292	33
1707	2989	3780	33
1708	2989	3781	33
1709	2992	3641	33
1710	2998	3779	66
1711	2998	3857	66
1712	2998	3858	66
1713	3000	3849	33
1714	3002	3349	66
1715	3002	3349	66
1716	3003	3427	33
1717	3003	3427	33
1718	3003	3427	33
1719	3003	3427	33
1720	3003	3427	33
1721	3004	3189	33
1722	3004	3436	33
1723	3004	3724	33
1724	3005	3189	33
1725	3005	3907	33
1726	3008	3213	33
1727	3008	3479	33
1728	3008	3596	33
1729	3008	3658	33
1730	3008	3681	33
1731	3008	3738	33
1732	3008	3852	33
1733	3008	3979	33
1734	3010	3370	33
1735	3010	3658	33
1736	3010	3658	33
1737	3010	3663	33
1738	3010	3768	33
1739	3030	3211	33
1740	3030	3405	33
1741	3039	3541	33
1742	3040	3672	33
1743	3042	3475	33
1744	3042	3589	33
1745	3042	3766	33
1746	3054	3883	33
1747	3058	3319	66
1748	3076	3521	25
1749	3098	3407	66
1750	3111	3325	66
1751	3113	3378	33
1752	3127	3332	33
1753	3136	3368	50
1754	3158	3345	66
1755	3160	4047	33
1756	3163	3741	50
1757	3163	3741	25
1758	3180	3953	33
1759	3188	3368	50
1760	3188	3590	66
1761	3189	3691	33
1762	3196	3428	50
1763	3197	3902	66
1764	3233	3542	30
1765	3244	3521	66
1766	3244	3728	33
1767	3244	3738	33
1768	3244	3779	33
1769	3244	3793	33
1770	3250	3640	33
1771	3250	3656	33
1772	3250	3671	33
1773	3250	3688	33
1774	3260	3779	33
1775	3260	3849	33
1776	3261	3589	33
1777	3261	3602	33
1778	3261	3634	66
1779	3261	3847	33
1780	3261	3856	33
1781	3278	3624	33
1782	3311	3491	66
1783	3318	4081	60
1784	3319	3537	33
1785	3337	4127	33
1786	3344	3558	33
1787	3344	3662	33
1788	3396	3738	33
1789	3397	3648	66
1790	3400	3711	33
1791	3401	4402	33
1792	3415	3626	66
1793	3417	3857	33
1794	3418	4233	33
1795	3419	3849	33
1796	3421	3699	66
1797	3424	4546	33
1798	3427	3872	33
1799	3438	4470	33
1800	3441	4520	33
1801	3453	3856	33
1802	3458	4718	33
1803	3464	3784	33
1804	3464	3797	33
1805	3464	3857	33
1806	3464	3871	33
1807	3464	3878	33
1808	3464	3878	33
1809	3465	3681	66
1810	3465	3734	66
1811	3465	3793	33
1812	3467	3661	33
1813	3483	3691	33
1814	3483	3857	33
1815	3486	4219	30
1816	3500	4441	33
1817	3503	3742	33
1818	3504	3721	33
1819	3513	3906	33
1820	3513	3906	33
1821	3524	3733	33
1822	3537	3783	66
1823	3537	3858	66
1824	3537	4809	66
1825	3537	4809	66
1826	3552	3786	66
1827	3580	3946	33
1828	3589	4817	33
1829	3610	3816	33
1830	3610	5022	33
1831	3635	5012	33
1832	3651	4045	33
1833	3663	3905	66
1834	3668	3885	33
1835	3678	3864	66
1836	3680	5108	33
1837	3685	4017	66
1838	3707	3897	66
1839	3707	4175	30
1840	3726	4036	30
1841	3751	4065	66
1842	3753	4065	30
1843	3758	4112	66
1844	3770	4029	33
1845	3770	4039	33
1846	3770	4922	33
1847	3770	5046	33
1848	3778	4031	33
1849	3784	4930	33
1850	3797	3978	33
1851	3805	4151	33
1852	3816	4127	30
1853	3833	4478	33
1854	3840	4110	66
1855	3843	4690	33
1856	3844	4291	33
1857	3849	4034	33
1858	3858	4077	66
1859	3860	5193	66
1860	3863	4170	30
1861	3870	4308	33
1862	3872	4930	33
1863	3882	4082	33
1864	3887	4810	33
1865	3887	4897	66
1866	3903	4161	33
1867	3907	5051	66
1868	3915	4812	33
1869	3917	4488	33
1870	3917	4561	33
1871	3924	4811	33
1872	3924	4910	33
1873	3937	5375	33
1874	3940	5375	33
1875	3944	4797	33
1876	3961	5383	33
1877	3962	5383	33
1878	3965	5176	33
1879	3969	4804	33
1880	3976	4251	66
1881	4004	5443	33
1882	4008	4553	66
1883	4010	5449	33
1884	4010	5449	33
1885	4010	5449	33
1886	4010	5449	33
1887	4010	5449	33
1888	4010	5449	33
1889	4010	5449	33
1890	4010	5449	33
1891	4014	5134	66
1892	4028	5375	33
1893	4029	4961	66
1894	4031	5383	33
1895	4031	5383	33
1896	4036	4254	66
1897	4038	4254	66
1898	4044	4506	33
1899	4044	5479	33
1900	4045	4495	33
1901	4045	5288	33
1902	4046	4322	33
1903	4059	4387	33
1904	4061	4756	33
1905	4070	4273	33
1906	4070	4381	30
1907	4079	4504	33
1908	4090	4274	33
1909	4090	4396	33
1910	4090	5488	33
1911	4091	4504	33
1912	4091	5488	33
1913	4092	4321	33
1914	4095	4275	33
1915	4095	5519	33
1916	4095	5519	33
1917	4095	5519	33
1918	4095	5519	33
1919	4108	5154	66
1920	4130	4441	30
1921	4142	5057	33
1922	4142	5059	33
1923	4145	4457	30
1924	4156	4632	33
1925	4161	4453	25
1926	4183	4542	30
1927	4195	4634	66
1928	4195	4634	66
1929	4195	4634	66
1930	4195	4634	66
1931	4195	4634	66
1932	4209	5034	66
1933	4213	5005	33
1934	4226	4485	66
1935	4226	4503	66
1936	4227	4854	33
1937	4232	5326	33
1938	4232	5327	33
1939	4249	5298	33
1940	4251	4502	33
1941	4251	4683	33
1942	4251	5043	33
1943	4253	4507	33
1944	4253	4621	33
1945	4254	4497	33
1946	4254	4522	33
1947	4254	4921	33
1948	4255	4485	30
1949	4256	5132	33
1950	4259	5155	33
1951	4262	4809	33
1952	4268	4634	66
1953	4276	4630	33
1954	4276	4641	33
1955	4295	4840	30
1956	4299	4488	66
1957	4315	5488	33
1958	4334	4638	33
1959	4336	4639	33
1960	4344	4673	66
1961	4348	4639	33
1962	4365	4689	66
1963	4381	4774	66
1964	4381	4921	66
1965	4402	5834	33
1966	4435	4776	33
1967	4441	4677	50
1968	4441	4776	33
1969	4459	4814	33
1970	4462	4770	30
1971	4470	4784	33
1972	4471	4784	33
1973	4472	4809	33
1974	4472	4811	33
1975	4475	5759	33
1976	4475	5759	33
1977	4483	4681	33
1978	4484	5387	33
1979	4489	4741	33
1980	4489	4741	33
1981	4501	4688	66
1982	4501	4688	66
1983	4536	4757	33
1984	4536	4996	33
1985	4536	5778	33
1986	4537	4812	33
1987	4540	4810	33
1988	4545	5269	33
1989	4546	5120	66
1990	4556	5325	33
1991	4561	5014	25
1992	4564	5233	33
1993	4564	5238	33
1994	4568	4936	66
1995	4569	4878	30
1996	4603	4786	66
1997	4626	5101	33
1998	4626	5101	33
1999	4680	5206	33
2000	4680	5206	33
2001	4680	5206	33
2002	4681	4930	66
2003	4685	5322	33
2004	4688	4868	33
2005	4711	5068	33
2006	4715	5312	33
2007	4721	5282	33
2008	4721	5888	33
2009	4728	5028	66
2010	4730	5129	33
2011	4736	5234	33
2012	4741	4922	33
2013	4741	5041	33
2014	4743	6163	33
2015	4746	5943	33
2016	4748	5771	33
2017	4749	5943	33
2018	4750	5656	33
2019	4750	6188	33
2020	4767	4976	33
2021	4768	5207	33
2022	4788	5102	30
2023	4811	6166	33
2024	4811	6197	33
2025	4816	6197	33
2026	4820	5350	66
2027	4841	5250	33
2028	4841	5313	33
2029	4850	5086	33
2030	4877	6309	33
2031	4879	5793	66
2032	4904	5388	33
2033	4907	5388	33
2034	4909	5388	33
2035	4936	5379	33
2036	4969	5318	50
2037	4971	5580	33
2038	5016	5409	33
2039	5044	6365	66
2040	5052	5384	33
2041	5068	6342	33
2042	5087	5339	66
2043	5087	5339	66
2044	5087	5339	66
2045	5087	5339	66
2046	5087	5339	66
2047	5088	5340	66
2048	5090	5339	66
2049	5090	5339	66
2050	5090	5339	66
2051	5090	5340	66
2052	5090	5340	66
2053	5092	5401	30
2054	5099	5340	66
2055	5099	5340	66
2056	5099	5340	66
2057	5099	5340	66
2058	5101	5298	66
2059	5101	5388	50
2060	5103	5340	66
2061	5103	5340	66
2062	5103	5340	66
2063	5103	5340	66
2064	5103	5340	66
2065	5103	5340	66
2066	5103	5340	66
2067	5116	5297	33
2068	5119	5340	66
2069	5119	5340	66
2070	5119	5340	66
2071	5120	5338	33
2072	5125	6107	33
2073	5127	5391	66
2074	5127	5392	66
2075	5127	5392	66
2076	5131	6126	33
2077	5133	5334	66
2078	5135	5333	66
2079	5136	5334	66
2080	5136	5334	66
2081	5136	5334	66
2082	5136	5334	66
2083	5138	5334	66
2084	5147	5334	66
2085	5147	5334	66
2086	5148	5334	66
2087	5148	5334	66
2088	5148	5334	66
2089	5157	5471	33
2090	5178	5771	33
2091	5179	5618	30
2092	5221	5430	33
2093	5223	6122	33
2094	5229	5465	33
2095	5255	5441	66
2096	5255	5546	66
2097	5281	5546	66
2098	5281	5546	66
2099	5296	5998	66
2100	5297	5999	66
2101	5299	5649	33
2102	5299	5708	33
2103	5299	5708	33
2104	5299	6196	33
2105	5299	6543	33
2106	5300	5764	33
2107	5300	5925	33
2108	5303	5955	33
2109	5303	6337	33
2110	5304	5584	33
2111	5304	5642	33
2112	5304	5968	33
2113	5305	5701	33
2114	5305	5966	33
2115	5305	6301	33
2116	5348	5873	33
2117	5355	5688	33
2118	5358	6406	33
2119	5359	5671	30
2120	5363	6320	66
2121	5368	5873	33
2122	5380	5567	33
2123	5380	5904	33
2124	5381	6444	66
2125	5385	5905	33
2126	5390	5956	33
2127	5395	5983	33
2128	5395	5988	33
2129	5401	5648	66
2130	5408	5715	30
2131	5420	5732	30
2132	5430	5720	33
2133	5440	6288	30
2134	5444	6451	33
2135	5444	6696	33
2136	5444	6881	33
2137	5447	5656	33
2138	5447	5765	33
2139	5447	5955	33
2140	5447	6460	66
2141	5447	6470	33
2142	5447	6499	33
2143	5447	6650	33
2144	5452	5983	33
2145	5452	6402	33
2146	5452	6410	33
2147	5470	5775	30
2148	5476	5775	33
2149	5477	5756	66
2150	5477	6233	66
2151	5477	6893	66
2152	5479	6080	33
2153	5498	5810	30
2154	5504	6175	33
2155	5514	6387	33
2156	5515	5718	33
2157	5515	5770	33
2158	5515	6129	33
2159	5515	6423	33
2160	5515	6426	33
2161	5515	6426	33
2162	5515	6543	33
2163	5516	5735	33
2164	5516	5941	33
2165	5516	6426	33
2166	5516	6437	33
2167	5516	6437	33
2168	5516	6683	33
2169	5516	6683	33
2170	5516	6845	33
2171	5516	6845	33
2172	5516	6902	33
2173	5516	6911	33
2174	5516	6922	33
2175	5516	6922	33
2176	5516	6922	33
2177	5516	6922	33
2178	5519	6956	33
2179	5519	6956	33
2180	5520	6249	33
2181	5520	6393	33
2182	5520	6421	33
2183	5520	6671	33
2184	5520	6922	33
2185	5520	6922	33
2186	5520	6956	33
2187	5520	6956	33
2188	5520	6956	33
2189	5520	6956	33
2190	5520	6956	33
2191	5520	6956	33
2192	5520	6956	33
2193	5520	6956	33
2194	5520	6956	33
2195	5520	6956	33
2196	5520	6956	33
2197	5520	6956	33
2198	5520	6956	33
2199	5520	6956	33
2200	5520	6956	33
2201	5520	6956	33
2202	5520	6956	33
2203	5520	6956	33
2204	5520	6956	33
2205	5520	6956	33
2206	5520	6956	33
2207	5520	6956	33
2208	5520	6956	33
2209	5520	6956	33
2210	5520	6956	33
2211	5520	6956	33
2212	5520	6956	33
2213	5520	6956	33
2214	5520	6956	33
2215	5520	6956	33
2216	5520	6956	33
2217	5520	6956	33
2218	5520	6956	33
2219	5520	6956	33
2220	5520	6956	33
2221	5520	6956	33
2222	5520	6956	33
2223	5520	6956	33
2224	5520	6956	33
2225	5520	6957	33
2226	5520	6957	33
2227	5520	6957	33
2228	5520	6957	33
2229	5520	6957	33
2230	5520	6957	33
2231	5520	6957	33
2232	5520	6957	33
2233	5520	6957	33
2234	5526	6957	33
2235	5526	6957	33
2236	5550	5744	25
2237	5552	5802	33
2238	5552	5802	33
2239	5552	5802	33
2240	5553	5802	33
2241	5553	5802	33
2242	5553	5802	33
2243	5553	5802	33
2244	5553	5802	33
2245	5553	5802	33
2246	5553	5802	33
2247	5554	5802	33
2248	5554	5802	33
2249	5554	5802	33
2250	5554	5802	33
2251	5554	5802	33
2252	5554	5802	33
2253	5554	5802	33
2254	5554	5802	33
2255	5554	5802	33
2256	5554	5802	33
2257	5554	5802	33
2258	5554	5802	33
2259	5554	5802	33
2260	5554	5802	33
2261	5554	5802	33
2262	5554	5802	33
2263	5554	5802	33
2264	5554	5802	33
2265	5554	5802	33
2266	5554	5802	33
2267	5554	5802	33
2268	5554	5802	33
2269	5554	5802	33
2270	5554	5802	33
2271	5554	5802	33
2272	5554	5802	33
2273	5554	5802	33
2274	5554	5802	33
2275	5554	5802	33
2276	5554	5802	33
2277	5554	5802	33
2278	5554	5802	33
2279	5554	5802	33
2280	5555	5802	33
2281	5555	5802	33
2282	5555	5802	33
2283	5555	5802	33
2284	5555	5802	33
2285	5555	5802	33
2286	5555	5802	33
2287	5555	5802	33
2288	5555	5802	33
2289	5555	5802	33
2290	5555	5802	33
2291	5555	5804	33
2292	5555	5804	33
2293	5556	5802	33
2294	5556	5802	33
2295	5556	5804	33
2296	5556	5804	33
2297	5556	5804	33
2298	5557	5804	33
2299	5557	5804	33
2300	5557	5804	33
2301	5558	5802	33
2302	5558	5802	33
2303	5558	5802	33
2304	5558	5802	33
2305	5558	5802	33
2306	5558	5802	33
2307	5558	5802	33
2308	5558	5802	33
2309	5558	5802	33
2310	5558	5802	33
2311	5558	5804	33
2312	5558	5804	33
2313	5558	5804	33
2314	5558	5804	33
2315	5558	5804	33
2316	5558	5804	33
2317	5558	5804	33
2318	5558	5804	33
2319	5559	5802	33
2320	5559	5802	33
2321	5559	5802	33
2322	5559	5802	33
2323	5559	5802	33
2324	5559	5802	33
2325	5559	5802	33
2326	5559	5802	33
2327	5559	5802	33
2328	5559	5802	33
2329	5559	5802	33
2330	5559	5802	33
2331	5559	5804	33
2332	5559	5804	33
2333	5559	5804	33
2334	5559	5804	33
2335	5559	5804	33
2336	5559	5804	33
2337	5559	5804	33
2338	5559	5805	33
2339	5559	5805	33
2340	5559	5805	33
2341	5562	5802	33
2342	5562	5802	33
2343	5563	5802	33
2344	5563	5802	33
2345	5563	5802	33
2346	5563	5802	33
2347	5563	5802	33
2348	5563	5802	33
2349	5563	5802	33
2350	5563	5802	33
2351	5563	5802	33
2352	5566	5802	33
2353	5566	5802	33
2354	5566	5802	33
2355	5566	5802	33
2356	5574	5919	66
2357	5581	6047	66
2358	5582	5802	33
2359	5582	5802	33
2360	5582	5802	33
2361	5582	5802	33
2362	5582	5802	33
2363	5583	5802	33
2364	5583	5802	33
2365	5583	5802	33
2366	5583	5802	33
2367	5583	5802	33
2368	5584	5802	33
2369	5584	5802	33
2370	5590	5802	33
2371	5590	5802	33
2372	5592	5905	33
2373	5593	5801	66
2374	5594	5801	66
2375	5594	5801	66
2376	5594	5801	66
2377	5594	5801	66
2378	5594	5801	66
2379	5594	5801	66
2380	5594	5801	66
2381	5594	5801	66
2382	5594	5801	66
2383	5595	5801	66
2384	5595	5801	66
2385	5595	5801	66
2386	5595	5801	66
2387	5600	5801	66
2388	5600	5801	66
2389	5600	5862	25
2390	5603	5802	33
2391	5603	5802	33
2392	5603	5802	33
2393	5603	5802	33
2394	5603	5802	33
2395	5603	5802	33
2396	5608	5801	66
2397	5611	5802	66
2398	5611	5802	66
2399	5611	5802	66
2400	5611	5802	66
2401	5611	5802	66
2402	5611	5802	66
2403	5611	5802	66
2404	5612	5802	33
2405	5612	5802	33
2406	5612	5802	33
2407	5612	5802	33
2408	5612	5802	33
2409	5612	5802	33
2410	5612	5802	33
2411	5613	5802	33
2412	5616	5801	66
2413	5616	5801	66
2414	5616	5801	66
2415	5618	5801	66
2416	5618	5801	66
2417	5618	5801	66
2418	5618	5801	66
2419	5618	5801	66
2420	5618	5801	66
2421	5618	5801	66
2422	5656	6069	66
2423	5675	6079	33
2424	5677	5985	30
2425	5695	5918	66
2426	5701	6063	33
2427	5702	6661	33
2428	5722	6827	33
2429	5723	6031	30
2430	5732	6476	66
2431	5732	6476	66
2432	5734	6475	66
2433	5734	6475	66
2434	5735	6957	33
2435	5736	6476	66
2436	5736	6476	66
2437	5743	6476	66
2438	5743	6476	66
2439	5744	6475	66
2440	5744	6476	66
2441	5744	6476	66
2442	5750	6476	66
2443	5750	6476	66
2444	5750	6476	66
2445	5750	6476	66
2446	5767	5959	33
2447	5773	6083	33
2448	5773	6405	33
2449	5777	6476	66
2450	5777	6476	66
2451	5777	6476	66
2452	5777	6476	66
2453	5782	6073	33
2454	5788	6049	33
2455	5814	6121	30
2456	5822	6017	66
2457	5822	6017	66
2458	5868	7001	66
2459	5874	6121	25
2460	5874	6158	33
2461	5877	6161	33
2462	5880	6095	33
2463	5881	6122	33
2464	5881	6402	33
2465	5882	6210	33
2466	5882	7142	66
2467	5882	7142	66
2468	5884	6279	66
2469	5884	6279	66
2470	5884	6279	66
2471	5889	6280	66
2472	5889	6556	33
2473	5895	6368	33
2474	5895	6542	33
2475	5895	6546	33
2476	5895	6845	33
2477	5895	7175	33
2478	5896	6316	33
2479	5896	6316	33
2480	5896	6316	33
2481	5896	6501	33
2482	5896	6604	33
2483	5896	6845	33
2484	5896	7160	33
2485	5896	7160	33
2486	5896	7174	33
2487	5896	7175	33
2488	5896	7175	33
2489	5896	7332	33
2490	5897	6426	33
2491	5897	6427	33
2492	5897	6922	33
2493	5897	6922	33
2494	5897	7158	33
2495	5897	7174	33
2496	5897	7175	33
2497	5897	7178	33
2498	5898	6280	66
2499	5898	6280	66
2500	5898	6280	66
2501	5899	6280	66
2502	5900	6279	66
2503	5902	6279	66
2504	5902	6279	66
2505	5911	6121	66
2506	5911	6248	33
2507	5911	6248	33
2508	5911	6278	66
2509	5911	6278	66
2510	5912	6279	66
2511	5912	6279	66
2512	5912	6279	66
2513	5913	6278	66
2514	5914	6279	66
2515	5914	6279	66
2516	5915	6833	33
2517	5919	6278	66
2518	5919	6278	66
2519	5919	6278	66
2520	5919	6278	66
2521	5925	6278	66
2522	5925	6278	66
2523	5925	6278	66
2524	5925	6278	66
2525	5925	6278	66
2526	5925	6278	66
2527	5930	6278	66
2528	5930	6278	66
2529	5930	6278	66
2530	5932	6123	66
2531	5932	6278	66
2532	5932	6278	66
2533	5933	6279	66
2534	5933	6279	66
2535	5933	6279	66
2536	5933	6279	66
2537	5934	6497	33
2538	5935	6280	66
2539	5935	6280	66
2540	5936	6129	66
2541	5941	6160	25
2542	5944	6182	33
2543	5944	6182	33
2544	5963	6411	33
2545	5974	6292	33
2546	5994	6598	33
2547	6007	6438	25
2548	6009	6549	66
2549	6011	6768	33
2550	6012	6581	66
2551	6013	6568	66
2552	6091	6469	66
2553	6113	7387	66
2554	6113	7387	66
2555	6121	6359	33
2556	6129	6440	33
2557	6135	6768	33
2558	6153	6362	33
2559	6161	6676	33
2560	6165	6548	33
2561	6171	7420	50
2562	6176	7502	66
2563	6182	6522	66
2564	6185	6768	33
2565	6186	6418	25
2566	6187	6418	33
2567	6187	6418	33
2568	6187	6440	25
2569	6189	6418	33
2570	6189	6751	66
2571	6199	6510	30
2572	6210	6626	30
2573	6216	6455	33
2574	6234	6814	33
2575	6234	7396	33
2576	6241	6580	66
2577	6241	6679	33
2578	6242	6733	30
2579	6265	6570	30
2580	6271	6559	33
2581	6271	6593	33
2582	6275	6469	66
2583	6300	6548	66
2584	6300	7701	30
2585	6301	6583	66
2586	6303	6671	33
2587	6310	6583	66
2588	6325	7202	33
2589	6327	6972	33
2590	6327	7370	33
2591	6331	6518	33
2592	6331	6622	33
2593	6338	6524	66
2594	6351	7266	33
2595	6351	7398	33
2596	6352	7060	33
2597	6352	7791	33
2598	6352	7791	33
2599	6352	7791	33
2600	6352	7791	33
2601	6352	7791	33
2602	6352	7791	33
2603	6353	6846	33
2604	6353	7175	33
2605	6353	7791	33
2606	6353	7791	33
2607	6353	7791	33
2608	6353	7791	33
2609	6353	7791	33
2610	6353	7791	33
2611	6353	7791	33
2612	6353	7791	33
2613	6353	7791	33
2614	6353	7791	33
2615	6353	7791	33
2616	6353	7791	33
2617	6353	7791	33
2618	6353	7791	33
2619	6353	7791	33
2620	6353	7791	33
2621	6353	7791	33
2622	6356	7794	33
2623	6356	7794	33
2624	6364	7300	33
2625	6365	7038	66
2626	6365	7040	66
2627	6367	7052	33
2628	6367	7196	33
2629	6368	7041	33
2630	6377	7037	33
2631	6377	7345	33
2632	6378	7042	33
2633	6382	6634	66
2634	6386	6739	33
2635	6387	6907	33
2636	6392	6739	33
2637	6396	7141	33
2638	6402	6651	66
2639	6402	6651	66
2640	6406	7009	33
2641	6406	7170	33
2642	6412	7365	33
2643	6412	7380	33
2644	6414	6639	33
2645	6415	6673	66
2646	6418	7443	33
2647	6421	6636	66
2648	6429	6716	66
2649	6431	6623	33
2650	6434	6692	33
2651	6437	6827	33
2652	6438	6791	33
2653	6438	6796	33
2654	6441	6914	33
2655	6441	6920	33
2656	6441	6964	33
2657	6441	7084	33
2658	6441	7158	33
2659	6441	7158	33
2660	6441	7175	33
2661	6442	6924	33
2662	6442	6924	33
2663	6442	6924	33
2664	6442	6962	33
2665	6443	6922	33
2666	6443	6922	33
2667	6443	6922	33
2668	6443	6922	33
2669	6443	6928	33
2670	6443	7882	33
2671	6443	7882	33
2672	6443	7882	33
2673	6443	7882	33
2674	6443	7882	33
2675	6443	7882	33
2676	6445	6772	33
2677	6445	7882	33
2678	6446	6867	33
2679	6446	6921	33
2680	6446	6921	33
2681	6446	6922	33
2682	6446	7175	33
2683	6446	7175	33
2684	6446	7882	33
2685	6446	7882	33
2686	6446	7882	33
2687	6446	7882	33
2688	6446	7882	33
2689	6446	7882	33
2690	6446	7882	33
2691	6446	7882	33
2692	6446	7884	33
2693	6447	7882	33
2694	6447	7882	33
2695	6447	7882	33
2696	6447	7882	33
2697	6447	7882	33
2698	6451	6734	33
2699	6451	6878	33
2700	6451	7386	66
2701	6451	7386	66
2702	6475	6683	33
2703	6476	6918	33
2704	6479	6929	33
2705	6481	6742	33
2706	6481	6802	33
2707	6481	6876	33
2708	6481	6916	33
2709	6481	6922	33
2710	6481	6922	33
2711	6481	6922	33
2712	6481	6922	33
2713	6481	6922	33
2714	6481	6922	33
2715	6481	6922	33
2716	6481	6922	33
2717	6481	6923	33
2718	6481	7088	33
2719	6482	7224	25
2720	6484	6972	33
2721	6485	6827	33
2722	6485	6922	33
2723	6485	6934	33
2724	6485	6934	33
2725	6511	7262	30
2726	6513	6802	33
2727	6520	6757	33
2728	6527	6829	33
2729	6527	7955	33
2730	6533	7955	33
2731	6535	6797	33
2732	6535	6917	33
2733	6536	7152	33
2734	6542	7202	33
2735	6546	6814	33
2736	6548	6971	33
2737	6548	7106	33
2738	6552	7002	66
2739	6552	7090	66
2740	6556	6801	66
2741	6557	6888	33
2742	6566	6810	33
2743	6567	6787	33
2744	6568	6787	33
2745	6568	6787	33
2746	6568	7120	33
2747	6571	7322	66
2748	6573	7274	33
2749	6578	7696	33
2750	6594	6801	66
2751	6604	7024	33
2752	6604	7197	33
2753	6604	7237	33
2754	6604	7237	33
2755	6606	6845	33
2756	6606	6849	33
2757	6606	6933	33
2758	6610	6826	33
2759	6619	6967	66
2760	6629	7147	50
2761	6639	6982	66
2762	6639	6982	66
2763	6643	7655	33
2764	6646	6832	33
2765	6646	7582	33
2766	6653	6967	66
2767	6653	6967	66
2768	6656	6853	66
2769	6656	6968	66
2770	6665	7378	33
2771	6666	6909	25
2772	6666	6968	66
2773	6666	6968	66
2774	6666	6968	66
2775	6666	6983	66
2776	6667	6967	66
2777	6667	6967	66
2778	6667	6982	66
2779	6667	6982	66
2780	6667	6982	66
2781	6668	6967	66
2782	6668	6968	66
2783	6668	6968	66
2784	6668	6968	66
2785	6668	6982	66
2786	6668	6982	66
2787	6668	6982	66
2788	6668	6982	66
2789	6668	6982	66
2790	6671	6881	33
2791	6671	7094	33
2792	6673	7814	33
2793	6675	7325	33
2794	6679	6982	66
2795	6679	6982	66
2796	6679	6982	66
2797	6683	7619	33
2798	6686	7680	33
2799	6687	6882	33
2800	6688	6983	66
2801	6688	6983	66
2802	6688	6983	66
2803	6688	6983	66
2804	6690	6964	66
2805	6693	6982	66
2806	6693	6982	66
2807	6693	6982	66
2808	6694	6983	66
2809	6694	6983	66
2810	6694	6983	66
2811	6694	6983	66
2812	6696	7425	33
2813	6697	6983	66
2814	6707	7007	30
2815	6711	6916	33
2816	6711	6916	33
2817	6711	6922	33
2818	6711	6922	33
2819	6711	6922	33
2820	6711	6922	33
2821	6711	7203	25
2822	6712	6982	66
2823	6712	6982	66
2824	6712	6982	66
2825	6713	6933	33
2826	6721	6981	66
2827	6723	7096	33
2828	6724	6965	66
2829	6724	6965	66
2830	6724	6965	66
2831	6724	6965	66
2832	6724	6965	66
2833	6726	6965	66
2834	6726	6965	66
2835	6728	6965	66
2836	6731	6965	66
2837	6731	6965	66
2838	6734	6964	66
2839	6734	6985	66
2840	6734	6985	66
2841	6734	6985	66
2842	6740	6983	66
2843	6740	6983	66
2844	6741	6961	33
2845	6741	6965	66
2846	6743	7091	33
2847	6743	7175	33
2848	6743	7816	33
2849	6744	6964	66
2850	6745	7156	33
2851	6748	7040	66
2852	6749	6961	33
2853	6749	6961	33
2854	6749	6970	33
2855	6749	7681	33
2856	6749	8043	33
2857	6751	7481	66
2858	6755	6965	66
2859	6755	6965	66
2860	6755	6965	66
2861	6755	6965	66
2862	6755	6965	66
2863	6755	6965	66
2864	6755	6965	66
2865	6755	6965	66
2866	6761	7175	33
2867	6765	6986	66
2868	6766	6985	66
2869	6766	6985	66
2870	6766	6985	66
2871	6766	6985	66
2872	6766	6985	66
2873	6766	6985	66
2874	6766	6985	66
2875	6767	6986	66
2876	6767	6986	66
2877	6771	8024	66
2878	6776	6986	66
2879	6776	6986	66
2880	6781	6985	66
2881	6781	6985	66
2882	6781	6985	66
2883	6781	6985	66
2884	6782	6965	66
2885	6782	6965	66
2886	6782	6965	66
2887	6782	6985	66
2888	6782	6985	66
2889	6782	6985	66
2890	6782	6986	66
2891	6785	6977	66
2892	6791	7882	33
2893	6799	7564	33
2894	6809	7156	33
2895	6809	7804	66
2896	6840	7115	33
2897	6846	7512	33
2898	6854	7547	66
2899	6857	7135	33
2900	6857	7527	66
2901	6857	7553	66
2902	6857	7553	66
2903	6861	7174	33
2904	6862	7763	66
2905	6873	7509	33
2906	6875	7390	33
2907	6876	7116	66
2908	6876	7116	66
2909	6876	7185	30
2910	6878	7174	66
2911	6883	7206	66
2912	6910	7882	33
2913	6918	7101	33
2914	6920	7145	33
2915	6937	7237	33
2916	6960	7723	30
2917	6961	7195	66
2918	6965	7679	33
2919	6965	8241	33
2920	6965	8354	33
2921	6967	7335	33
2922	6972	7510	66
2923	6980	7160	33
2924	6988	7820	33
2925	6994	7822	33
2926	6995	7310	30
2927	7006	8213	66
2928	7006	8215	66
2929	7008	7592	33
2930	7008	7592	33
2931	7013	7510	66
2932	7017	7998	66
2933	7038	7564	33
2934	7046	7597	66
2935	7051	7265	66
2936	7057	7376	30
2937	7058	7952	66
2938	7075	7271	33
2939	7088	8382	33
2940	7111	7349	33
2941	7114	7342	33
2942	7114	7352	33
2943	7114	7576	33
2944	7124	7958	33
2945	7132	7344	66
2946	7158	7406	33
2947	7158	7406	33
2948	7158	7882	33
2949	7158	7930	33
2950	7159	7349	33
2951	7159	7349	33
2952	7159	7352	33
2953	7163	8146	33
2954	7164	7346	33
2955	7175	7407	33
2956	7175	7407	33
2957	7179	7884	33
2958	7185	7543	33
2959	7203	8228	33
2960	7204	7708	25
2961	7222	7408	33
2962	7231	7552	66
2963	7238	7439	66
2964	7240	7520	33
2965	7244	8107	25
2966	7249	8070	66
2967	7255	7770	33
2968	7256	7770	33
2969	7256	7770	33
2970	7258	7545	25
2971	7260	7508	66
2972	7261	7528	33
2973	7263	7816	66
2974	7278	7503	33
2975	7281	7511	33
2976	7291	7675	33
2977	7299	7578	30
2978	7310	8008	66
2979	7312	7552	66
2980	7316	7560	33
2981	7320	7770	33
2982	7323	7607	33
2983	7332	7793	33
2984	7368	7554	33
2985	7376	7588	66
2986	7381	7593	66
2987	7381	7593	66
2988	7381	7794	25
2989	7381	7794	25
2990	7386	8170	33
2991	7406	8824	33
2992	7406	8824	33
2993	7413	8673	33
2994	7424	7666	33
2995	7424	7696	33
2996	7437	7842	66
2997	7441	7794	25
2998	7457	8052	30
2999	7459	7648	33
3000	7490	7934	33
3001	7494	7728	33
3002	7502	7817	66
3003	7516	8654	66
3004	7538	8060	25
3005	7539	8060	50
3006	7539	8060	50
3007	7561	7750	33
3008	7595	8762	33
3009	7608	7834	66
3010	7611	7921	30
3011	7621	7852	66
3012	7628	7935	30
3013	7641	7840	33
3014	7658	7984	33
3015	7658	7984	33
3016	7658	8092	33
3017	7659	7841	33
3018	7663	7889	33
3019	7670	8149	33
3020	7673	7865	66
3021	7673	7865	66
3022	7677	7866	33
3023	7682	7908	33
3024	7689	7893	33
3025	7689	7893	33
3026	7692	7908	33
3027	7693	7893	33
3028	7693	7908	33
3029	7696	7880	25
3030	7720	8059	25
3031	7743	7968	40
3032	7753	9185	33
3033	7757	8007	66
3034	7794	8140	25
3035	7795	8012	33
3036	7802	8790	33
3037	7806	8302	66
3038	7811	8673	33
3039	7812	9172	33
3040	7824	8060	50
3041	7831	8385	33
3042	7831	8385	33
3043	7832	8181	33
3044	7832	8187	33
3045	7847	8702	33
3046	7850	8161	30
3047	7867	8218	33
3048	7871	8154	33
3049	7877	8849	33
3050	7886	8714	33
3051	7886	8743	33
3052	7891	8825	66
3053	7907	8211	66
3054	7913	8111	66
3055	7921	8194	33
3056	7921	8923	33
3057	7922	8664	25
3058	7923	8105	66
3059	7924	8665	25
3060	7924	8715	25
3061	7938	9199	33
3062	7949	8235	66
3063	7956	8671	50
3064	7964	8262	33
3065	7969	9392	33
3066	7975	8993	33
3067	7976	8176	33
3068	7981	8820	66
3069	7982	8820	66
3070	7982	8820	66
3071	7984	8525	66
3072	7986	8436	66
3073	7988	8651	33
3074	7993	8530	33
3075	7996	8885	33
3076	7999	8204	66
3077	8002	8452	33
3078	8016	8618	33
3079	8027	8778	33
3080	8028	8247	66
3081	8029	8347	66
3082	8033	8960	33
3083	8034	8371	33
3084	8035	9123	33
3085	8036	8371	33
3086	8045	8354	66
3087	8048	8963	33
3088	8054	8838	66
3089	8057	8253	66
3090	8067	8492	33
3091	8070	8479	66
3092	8077	8314	33
3093	8078	8437	33
3094	8101	8537	33
3095	8127	8731	33
3096	8130	8820	25
3097	8167	8427	66
3098	8175	9485	66
3099	8183	8492	30
3100	8205	8854	33
3101	8212	8548	50
3102	8213	8400	66
3103	8219	8425	66
3104	8221	8455	66
3105	8234	8893	33
3106	8238	8763	33
3107	8244	8546	30
3108	8251	9199	66
3109	8252	8831	66
3110	8266	8941	30
3111	8270	8584	30
3112	8273	9371	66
3113	8275	8702	66
3114	8278	8980	33
3115	8288	9585	33
3116	8291	8781	66
3117	8294	9502	25
3118	8298	9410	30
3119	8309	8693	33
3120	8319	9621	66
3121	8326	8698	66
3122	8345	9442	33
3123	8353	8552	33
3124	8355	8632	33
3125	8358	8766	66
3126	8359	8769	66
3127	8361	9283	66
3128	8366	8763	50
3129	8369	8643	33
3130	8372	8704	66
3131	8377	8604	33
3132	8395	8591	33
3133	8407	9427	33
3134	8411	8666	33
3135	8421	8739	66
3136	8424	8760	33
3137	8465	8696	66
3138	8485	8760	33
3139	8489	8760	33
3140	8489	8760	33
3141	8493	9046	66
3142	8495	8809	30
3143	8499	9559	66
3144	8499	9756	66
3145	8503	8865	66
3146	8509	8978	66
3147	8516	8757	33
3148	8516	8769	33
3149	8516	8944	33
3150	8516	8944	33
3151	8516	8944	33
3152	8516	8948	33
3153	8516	8958	33
3154	8516	8959	33
3155	8516	8963	33
3156	8516	8975	33
3157	8516	8985	33
3158	8516	8985	33
3159	8516	8985	33
3160	8516	9443	33
3161	8517	8757	33
3162	8517	8944	33
3163	8517	8944	33
3164	8517	8944	33
3165	8517	8948	33
3166	8517	8948	33
3167	8517	8952	33
3168	8517	8985	33
3169	8518	9443	33
3170	8520	9494	66
3171	8521	8757	33
3172	8521	8944	33
3173	8521	8948	33
3174	8521	8952	33
3175	8522	8769	33
3176	8522	8944	33
3177	8522	8963	33
3178	8522	8975	33
3179	8522	9589	33
3180	8522	9663	33
3181	8527	8757	33
3182	8527	8757	33
3183	8527	8952	33
3184	8528	8769	33
3185	8528	8952	33
3186	8528	8954	33
3187	8528	8975	33
3188	8536	9125	33
3189	8554	8865	30
3190	8556	9137	30
3191	8597	8864	50
3192	8601	9621	66
3193	8611	9348	33
3194	8611	9473	33
3195	8611	9520	33
3196	8630	8824	66
3197	8630	8824	66
3198	8630	8826	66
3199	8632	8908	66
3200	8641	8826	66
3201	8645	9677	33
3202	8673	8882	66
3203	8673	9661	33
3204	8679	8971	33
3205	8680	9343	33
3206	8681	8986	30
3207	8701	8922	33
3208	8728	9866	33
3209	8754	8943	33
3210	8756	8970	33
3211	8757	9566	33
3212	8757	9566	33
3213	8760	10024	66
3214	8762	10021	66
3215	8769	9126	33
3216	8779	9203	33
3217	8794	9005	66
3218	8812	9124	30
3219	8816	9052	50
3220	8831	9017	66
3221	8836	9365	25
3222	8850	9990	25
3223	8852	10114	33
3224	8858	9060	66
3225	8863	9126	50
3226	8863	10249	33
3227	8871	9180	30
3228	8882	10124	33
3229	8906	9553	66
3230	8911	9111	33
3231	8942	9190	33
3232	8943	9247	30
3233	8950	10385	33
3234	8956	9156	33
3235	8956	9156	33
3236	8958	9283	66
3237	9020	9293	33
3238	9031	9350	66
3239	9055	9562	33
3240	9056	9283	33
3241	9058	9674	33
3242	9071	9301	33
3243	9113	9396	30
3244	9116	10097	33
3245	9135	9502	25
3246	9135	9502	25
3247	9181	9514	33
3248	9185	9498	30
3249	9196	9396	66
3250	9202	10641	33
3251	9221	9558	33
3252	9221	9563	33
3253	9221	9563	33
3254	9221	9563	33
3255	9222	9558	33
3256	9222	9558	33
3257	9222	9560	33
3258	9222	9560	33
3259	9223	9554	33
3260	9223	9558	33
3261	9223	9558	33
3262	9223	9558	33
3263	9223	9560	33
3264	9228	9408	33
3265	9228	9431	33
3266	9229	9432	33
3267	9229	9443	33
3268	9230	9419	33
3269	9230	9419	33
3270	9230	9432	33
3271	9230	9444	33
3272	9230	9444	33
3273	9235	9471	50
3274	9242	10268	33
3275	9245	10225	33
3276	9246	9931	33
3277	9246	10272	33
3278	9256	10008	66
3279	9257	10083	33
3280	9260	9931	33
3281	9268	10353	66
3282	9269	10076	33
3283	9269	10136	33
3284	9272	9568	66
3285	9278	9669	33
3286	9284	9518	33
3287	9284	9532	33
3288	9291	9626	33
3289	9300	9780	40
3290	9301	9539	25
3291	9301	9603	66
3292	9303	10631	33
3293	9304	10624	66
3294	9330	9522	33
3295	9334	10287	33
3296	9334	10287	33
3297	9338	10178	33
3298	9353	9563	33
3299	9353	9660	30
3300	9360	10101	25
3301	9364	10024	66
3302	9364	10084	66
3303	9364	10088	33
3304	9366	10280	33
3305	9376	10386	33
3306	9387	9973	33
3307	9391	9619	66
3308	9391	9709	66
3309	9392	10160	33
3310	9398	9606	66
3311	9407	9708	33
3312	9407	9738	33
3313	9409	9664	66
3314	9421	9649	66
3315	9422	10143	33
3316	9425	9634	33
3317	9438	9717	33
3318	9439	10001	33
3319	9440	9667	66
3320	9445	10788	33
3321	9449	9766	33
3322	9455	10040	33
3323	9481	9667	66
3324	9484	9860	33
3325	9512	9796	33
3326	9519	9856	33
3327	9520	9755	66
3328	9520	9756	66
3329	9520	10342	66
3330	9529	10560	33
3331	9541	9780	66
3332	9541	10021	33
3333	9543	9945	33
3334	9545	9799	66
3335	9545	9859	30
3336	9546	9805	66
3337	9546	9819	66
3338	9546	9826	66
3339	9546	9827	66
3340	9552	10293	33
3341	9564	9844	66
3342	9569	9764	66
3343	9569	9864	66
3344	9571	9849	66
3345	9571	9851	66
3346	9574	9837	66
3347	9576	9829	66
3348	9576	9831	66
3349	9576	9851	66
3350	9577	9831	66
3351	9577	9850	33
3352	9577	9852	66
3353	9577	9854	66
3354	9579	10202	25
3355	9592	10035	66
3356	9592	10228	66
3357	9592	10288	66
3358	9599	10625	66
3359	9605	10260	33
3360	9606	9919	66
3361	9609	9792	66
3362	9631	10145	66
3363	9632	9827	66
3364	9647	10141	33
3365	9656	9911	66
3366	9656	10842	33
3367	9661	9896	66
3368	9662	10205	33
3369	9668	10759	66
3370	9678	9904	66
3371	9678	10755	33
3372	9688	10293	33
3373	9688	10293	33
3374	9688	10334	66
3375	9688	10334	66
3376	9690	10088	66
3377	9691	10053	66
3378	9696	10035	33
3379	9700	10680	66
3380	9701	10114	66
3381	9725	9967	33
3382	9728	10239	25
3383	9732	10202	33
3384	9735	10757	66
3385	9740	10158	25
3386	9750	10308	30
3387	9753	10254	30
3388	9757	9945	66
3389	9757	9945	66
3390	9766	10042	25
3391	9770	10635	33
3392	9781	10053	66
3393	9785	10053	66
3394	9786	9974	33
3395	9788	10096	30
3396	9812	10009	25
3397	9815	10023	33
3398	9816	10126	30
3399	9831	10033	33
3400	9834	10015	33
3401	9834	10124	66
3402	9839	11102	33
3403	9843	10861	66
3404	9844	10322	33
3405	9864	10087	66
3406	9869	10167	66
3407	9875	10071	66
3408	9880	10260	33
3409	9884	11199	66
3410	9900	10500	25
3411	9901	10718	66
3412	9910	10556	33
3413	9960	10322	33
3414	9976	10177	33
3415	9977	10230	33
3416	9977	10242	33
3417	9977	10242	33
3418	9977	10252	33
3419	9977	10258	33
3420	9977	10258	33
3421	9977	10269	33
3422	9977	10280	33
3423	9977	10301	33
3424	9977	10301	33
3425	9977	10301	33
3426	9977	10321	33
3427	9977	10325	33
3428	9977	10328	33
3429	9978	10290	33
3430	9978	10301	33
3431	9979	10230	33
3432	9979	10322	33
3433	9979	10325	33
3434	9981	10201	66
3435	9990	10261	66
3436	9991	10528	33
3437	10019	10251	66
3438	10027	11012	33
3439	10037	10230	33
3440	10037	10242	33
3441	10037	10259	33
3442	10040	10290	33
3443	10040	10325	33
3444	10051	10261	66
3445	10051	10261	66
3446	10051	10263	66
3447	10058	10273	66
3448	10079	10527	66
3449	10079	10527	66
3450	10081	10266	66
3451	10088	10350	66
3452	10088	10372	66
3453	10094	10351	66
3454	10095	10344	66
3455	10095	10345	66
3456	10095	10346	66
3457	10095	10346	66
3458	10095	10352	66
3459	10095	10370	66
3460	10096	10370	66
3461	10135	10331	66
3462	10135	10331	66
3463	10137	10327	33
3464	10143	10437	33
3465	10153	10940	25
3466	10187	10469	33
3467	10195	10385	66
3468	10195	10391	66
3469	10195	10391	66
3470	10197	10430	66
3471	10201	10457	33
3472	10201	10459	33
3473	10201	10667	33
3474	10202	10667	33
3475	10212	10619	33
3476	10216	11189	33
3477	10227	11402	66
3478	10241	10542	33
3479	10241	10542	33
3480	10244	10890	33
3481	10248	10940	25
3482	10248	11368	33
3483	10262	10488	66
3484	10292	10765	33
3485	10301	10576	66
3486	10316	10522	25
3487	10316	11739	33
3488	10317	10547	66
3489	10319	11611	66
3490	10321	10524	66
3491	10335	10967	66
3492	10359	10903	66
3493	10381	10562	33
3494	10383	10789	66
3495	10385	10697	30
3496	10403	10661	66
3497	10403	10673	66
3498	10407	11014	30
3499	10432	10750	30
3500	10432	10847	66
3501	10452	10642	33
3502	10454	10788	33
3503	10456	10844	30
3504	10475	10662	33
3505	10475	10863	66
3506	10475	10875	66
3507	10494	10926	66
3508	10502	10690	33
3509	10504	11199	33
3510	10505	10721	66
3511	10508	10750	66
3512	10511	10773	33
3513	10548	10838	66
3514	10562	10742	33
3515	10563	11597	33
3516	10583	10894	30
3517	10591	11446	30
3518	10604	12041	66
3519	10621	10851	33
3520	10650	10906	66
3521	10693	11366	33
3522	10693	11397	33
3523	10693	11541	33
3524	10695	11072	33
3525	10695	11370	33
3526	10696	10893	50
3527	10696	10921	40
3528	10697	10956	66
3529	10697	11147	33
3530	10706	11615	33
3531	10706	12007	33
3532	10706	12104	33
3533	10741	11377	66
3534	10742	11761	33
3535	10743	11825	33
3536	10745	11058	30
3537	10756	11038	33
3538	10766	11476	25
3539	10770	11705	66
3540	10796	11660	33
3541	10796	11887	66
3542	10797	11283	33
3543	10801	11199	66
3544	10803	11421	33
3545	10803	11764	66
3546	10804	11095	33
3547	10810	12025	33
3548	10813	12206	33
3549	10816	11387	66
3550	10837	11055	33
3551	10837	11147	30
3552	10837	11552	50
3553	10838	11240	33
3554	10844	11145	30
3555	10855	11526	33
3556	10861	11581	30
3557	10863	11318	33
3558	10864	11255	25
3559	10869	11520	33
3560	10876	11064	66
3561	10876	11071	33
3562	10876	11415	30
3563	10878	11132	66
3564	10878	11132	66
3565	10887	12316	33
3566	10888	11613	66
3567	10920	11522	33
3568	10936	11166	25
3569	10940	11990	33
3570	10951	11526	33
3571	10955	11884	33
3572	10956	11856	33
3573	10965	11163	33
3574	10965	11264	33
3575	10973	11847	66
3576	10973	11847	66
3577	10979	11324	33
3578	10979	11356	33
3579	10983	11940	33
3580	10983	11940	33
3581	10986	11282	66
3582	11009	11641	33
3583	11012	11214	66
3584	11013	12428	33
3585	11016	11227	66
3586	11027	12222	66
3587	11037	12080	66
3588	11044	11721	66
3589	11061	11266	33
3590	11061	11409	66
3591	11062	11378	30
3592	11069	11407	66
3593	11069	11636	66
3594	11073	11356	66
3595	11099	11519	66
3596	11100	11375	30
3597	11110	11349	33
3598	11114	12101	66
3599	11125	11312	25
3600	11126	11336	66
3601	11127	11411	66
3602	11127	11686	33
3603	11128	11336	66
3604	11128	11336	66
3605	11128	11552	33
3606	11129	11636	66
3607	11129	12404	66
3608	11134	11864	33
3609	11135	11370	25
3610	11143	12128	66
3611	11161	11526	33
3612	11161	11679	33
3613	11174	12212	33
3614	11175	11502	33
3615	11176	11366	66
3616	11178	11819	33
3617	11181	11366	33
3618	11181	11370	33
3619	11181	11380	33
3620	11181	11380	33
3621	11182	11370	33
3622	11182	11376	33
3623	11182	12344	66
3624	11183	11370	33
3625	11183	11370	33
3626	11183	11376	33
3627	11183	11379	33
3628	11184	11370	33
3629	11184	11380	33
3630	11211	11433	66
3631	11211	11867	33
3632	11221	11409	66
3633	11221	11465	33
3634	11223	11592	66
3635	11225	11597	66
3636	11231	11484	33
3637	11263	11516	66
3638	11286	11469	66
3639	11290	11669	33
3640	11301	11719	33
3641	11301	11794	33
3642	11303	11542	66
3643	11304	11493	25
3644	11304	11575	33
3645	11309	11549	33
3646	11311	11854	33
3647	11324	12178	66
3648	11338	11555	66
3649	11340	12036	30
3650	11356	11591	33
3651	11359	11577	33
3652	11375	11621	33
3653	11387	11876	33
3654	11388	11890	33
3655	11388	12339	33
3656	11388	12339	33
3657	11388	12341	33
3658	11391	11869	33
3659	11391	11890	33
3660	11391	12339	33
3661	11392	11875	33
3662	11392	12341	33
3663	11401	12788	33
3664	11408	12381	50
3665	11416	12815	66
3666	11427	11890	33
3667	11427	12341	33
3668	11437	11765	33
3669	11440	11974	66
3670	11440	11974	66
3671	11462	11681	33
3672	11476	11876	33
3673	11476	12339	33
3674	11476	12339	33
3675	11477	11869	33
3676	11477	12339	33
3677	11477	12341	33
3678	11507	11864	33
3679	11507	11967	33
3680	11507	12339	33
3681	11507	12341	33
3682	11520	12114	66
3683	11522	11867	25
3684	11531	12847	33
3685	11531	12847	33
3686	11531	12847	33
3687	11552	11771	66
3688	11564	11786	66
3689	11581	11980	33
3690	11594	12030	66
3691	11598	11876	33
3692	11611	12242	33
3693	11618	11980	33
3694	11641	12091	33
3695	11641	12154	33
3696	11642	11822	66
3697	11643	11825	33
3698	11645	11875	66
3699	11651	11831	66
3700	11655	11875	66
3701	11657	11873	66
3702	11657	11875	66
3703	11672	12241	25
3704	11688	12391	25
3705	11691	12842	33
3706	11692	12427	33
3707	11696	13116	33
3708	11701	11938	25
3709	11711	11938	33
3710	11716	12245	25
3711	11741	12269	66
3712	11762	12084	33
3713	11762	12154	33
3714	11764	12154	33
3715	11764	12978	33
3716	11823	12056	33
3717	11843	12289	33
3718	11843	12367	33
3719	11850	12154	33
3720	11860	12117	66
3721	11884	12164	33
3722	11943	12143	66
3723	11944	12131	66
3724	11947	12177	25
3725	11957	12137	66
3726	11960	12177	33
3727	12006	12479	25
3728	12007	12189	66
3729	12048	12447	30
3730	12049	12859	33
3731	12067	12325	33
3732	12068	13500	33
3733	12069	12371	33
3734	12124	13105	33
3735	12127	12940	33
3736	12127	13105	33
3737	12127	13118	33
3738	12137	12501	33
3739	12137	12501	33
3740	12137	12654	33
3741	12137	12800	33
3742	12137	13328	33
3743	12138	12599	33
3744	12138	12599	33
3745	12146	12587	33
3746	12146	13146	33
3747	12146	13433	33
3748	12182	12543	33
3749	12183	12715	66
3750	12183	12931	33
3751	12185	12812	66
3752	12186	13139	33
3753	12210	13150	66
3754	12210	13155	66
3755	12235	12433	66
3756	12241	12738	66
3757	12241	12739	66
3758	12241	12739	66
3759	12241	12739	66
3760	12241	12739	66
3761	12242	12748	66
3762	12249	12580	25
3763	12251	13075	25
3764	12254	13100	33
3765	12259	12485	33
3766	12259	12505	33
3767	12266	12544	66
3768	12272	13021	30
3769	12272	13022	30
3770	12285	12563	33
3771	12285	13023	33
3772	12286	12627	33
3773	12289	12515	33
3774	12297	12995	66
3775	12297	13664	66
3776	12300	13200	33
3777	12301	13140	66
3778	12301	13140	66
3779	12302	12604	66
3780	12302	12812	66
3781	12302	12992	25
3782	12310	12945	33
3783	12315	12819	33
3784	12316	12532	33
3785	12316	12597	33
3786	12316	12609	33
3787	12316	12744	33
3788	12316	12872	33
3789	12318	12511	33
3790	12323	12641	33
3791	12324	12675	33
3792	12324	12675	33
3793	12324	12675	33
3794	12324	12676	33
3795	12324	12676	33
3796	12324	12676	33
3797	12324	12677	33
3798	12325	12671	33
3799	12325	12671	33
3800	12325	12675	33
3801	12325	12675	33
3802	12325	12675	33
3803	12325	12675	33
3804	12325	12675	33
3805	12325	12675	33
3806	12325	12675	33
3807	12325	12675	33
3808	12325	12675	33
3809	12325	12675	33
3810	12325	12677	33
3811	12327	12644	66
3812	12327	12644	66
3813	12327	12644	66
3814	12327	12646	66
3815	12327	12646	66
3816	12327	12647	33
3817	12330	12852	33
3818	12343	12838	66
3819	12343	13664	66
3820	12356	12544	66
3821	12365	12725	66
3822	12365	12837	66
3823	12396	12902	33
3824	12416	12752	50
3825	12424	12876	66
3826	12426	12694	33
3827	12431	12639	33
3828	12432	12776	33
3829	12436	12711	66
3830	12441	13660	33
3831	12453	12719	66
3832	12472	12655	66
3833	12475	12667	33
3834	12475	13292	33
3835	12481	12751	33
3836	12485	13023	33
3837	12487	12838	66
3838	12487	12994	66
3839	12495	12688	33
3840	12496	12982	33
3841	12497	12717	66
3842	12497	12925	66
3843	12503	13563	66
3844	12504	13189	30
3845	12505	12697	33
3846	12507	13436	66
3847	12511	13083	50
3848	12515	13659	66
3849	12522	13468	30
3850	12532	13446	25
3851	12560	13743	33
3852	12561	13028	66
3853	12571	12801	66
3854	12580	12768	33
3855	12580	12769	33
3856	12580	12770	33
3857	12581	12770	33
3858	12581	12771	33
3859	12581	12772	33
3860	12591	13000	66
3861	12596	13594	66
3862	12596	13821	25
3863	12601	12888	33
3864	12601	13041	33
3865	12604	12910	33
3866	12605	13820	50
3867	12623	13036	33
3868	12631	12858	66
3869	12632	12891	66
3870	12636	12894	66
3871	12648	12838	66
3872	12648	12909	33
3873	12649	13177	33
3874	12650	12832	33
3875	12650	12833	33
3876	12650	12856	33
3877	12650	12859	33
3878	12660	13036	33
3879	12660	13550	33
3880	12661	13033	33
3881	12661	13033	33
3882	12663	12963	33
3883	12668	12970	33
3884	12680	12929	33
3885	12681	13641	66
3886	12693	12986	66
3887	12696	13780	66
3888	12712	12930	25
3889	12723	12970	33
3890	12730	12929	33
3891	12756	13105	30
3892	12758	13687	66
3893	12794	12990	66
3894	12818	13097	66
3895	12843	13168	66
3896	12862	13052	66
3897	12901	13277	33
3898	12902	13279	33
3899	12917	13242	66
3900	12924	13135	25
3901	12972	14262	30
3902	12998	13356	66
3903	13015	13207	50
3904	13021	13339	33
3905	13021	13418	33
3906	13021	13561	66
3907	13023	13426	33
3908	13043	13707	33
3909	13069	13418	33
3910	13081	13370	50
3911	13081	13570	33
3912	13081	13570	33
3913	13084	13852	33
3914	13112	13426	33
3915	13132	13888	30
3916	13146	13330	66
3917	13200	13698	25
3918	13200	13698	25
3919	13200	13698	25
3920	13201	13418	66
3921	13248	13604	66
3922	13257	13777	66
3923	13261	13747	66
3924	13285	13677	33
3925	13298	13509	66
3926	13333	13686	33
3927	13341	13539	33
3928	13354	13628	66
3929	13371	13582	66
3930	13381	13827	66
3931	13384	13628	33
3932	13429	14032	33
3933	13441	13710	66
3934	13480	13948	33
3935	13501	13827	66
3936	13516	13698	25
3937	13561	13788	33
3938	13562	14231	33
3939	13562	14231	33
3940	13565	14828	66
3941	13572	13772	33
3942	13587	13896	25
3943	13593	13961	66
3944	13631	14082	33
3945	13650	14585	66
3946	13662	14231	33
3947	13662	14463	33
3948	13662	14463	33
3949	13674	14284	30
3950	13681	13871	66
3951	13681	14160	66
3952	13681	14161	66
3953	13682	14823	30
3954	13684	14464	66
3955	13695	13923	33
3956	13709	14260	33
3957	13744	13927	33
3958	13763	14178	66
3959	13763	14178	66
3960	13780	15080	33
3961	13804	14194	33
3962	13809	14261	33
3963	13815	14129	33
3964	13815	14365	33
3965	13868	14344	50
3966	13872	14220	33
3967	13899	14085	33
3968	13904	15149	66
3969	13913	14968	66
3970	13924	14869	66
3971	13925	14109	66
3972	13959	15014	66
3973	13967	14285	50
3974	13968	14813	33
3975	13968	14813	33
3976	13972	14690	33
3977	13972	15088	66
3978	13974	14365	33
3979	13992	14297	33
3980	14008	14365	33
3981	14041	14984	66
3982	14042	14236	66
3983	14101	14484	66
3984	14101	14484	66
3985	14101	14484	66
3986	14137	14364	66
3987	14162	14385	66
3988	14162	14851	33
3989	14195	14385	66
3990	14195	14385	66
3991	14206	14720	33
3992	14212	14802	33
3993	14212	14985	33
3994	14231	14940	33
3995	14293	14715	33
3996	14358	15221	30
3997	14365	14603	30
3998	14427	14638	33
3999	14427	14751	33
4000	14431	14636	66
4001	14461	14891	66
4002	14464	14984	33
4003	14464	14984	33
4004	14468	15061	25
4005	14471	14872	33
4006	14476	14872	33
4007	14489	14736	33
4008	14509	14875	33
4009	14513	14896	33
4010	14521	14984	33
4011	14523	14984	33
4012	14594	15398	33
4013	14626	15010	66
4014	14641	15113	30
4015	14644	15096	25
4016	14652	14928	33
4017	14652	14928	33
4018	14676	15103	33
4019	14693	15055	66
4020	14694	14896	33
4021	14727	15011	33
4022	14728	15011	33
4023	14733	15011	33
4024	14743	15217	30
4025	14761	14974	66
4026	14761	15086	33
4027	14761	15109	66
4028	14761	15109	66
4029	14761	16144	50
4030	14771	15105	33
4031	14777	15432	30
4032	14805	15221	66
4033	14836	15073	33
4034	14845	15175	33
4035	14877	15090	33
4036	14878	15058	33
4037	14883	15312	33
4038	14889	15312	33
4039	14890	15140	33
4040	14894	15532	66
4041	14940	15242	40
4042	15061	15312	66
4043	15061	15357	66
4044	15070	15545	33
4045	15101	15379	33
4046	15101	15613	33
4047	15121	15869	66
4048	15121	15870	66
4049	15123	15437	66
4050	15130	16519	33
4051	15130	16560	33
4052	15159	15402	30
4053	15184	16325	66
4054	15199	15498	30
4055	15209	15472	66
4056	15209	15472	66
4057	15209	15472	66
4058	15231	16204	33
4059	15231	16378	33
4060	15317	15862	30
4061	15337	15704	66
4062	15359	15565	33
4063	15360	15565	33
4064	15366	15550	33
4065	15366	16367	66
4066	15373	16181	33
4067	15381	15599	33
4068	15389	15575	33
4069	15392	16331	66
4070	15411	15740	33
4071	15423	15814	33
4072	15426	15999	33
4073	15431	15706	33
4074	15447	15783	33
4075	15448	15783	33
4076	15456	15962	33
4077	15481	15675	66
4078	15490	15706	33
4079	15491	15674	33
4080	15497	15913	30
4081	15503	15749	30
4082	15544	15736	33
4083	15547	16096	33
4084	15553	15820	33
4085	15555	15830	66
4086	15572	15886	25
4087	15579	15771	33
4088	15579	15869	33
4089	15583	15986	33
4090	15596	16548	66
4091	15606	16402	33
4092	15616	15872	66
4093	15647	16016	30
4094	15648	16251	30
4095	15661	15895	66
4096	15664	15859	66
4097	15679	15869	33
4098	15721	16540	33
4099	15733	16166	33
4100	15742	16652	33
4101	15789	15978	33
4102	15796	16274	33
4103	15831	16435	33
4104	15841	16869	33
4105	15853	16378	33
4106	15856	16589	66
4107	15857	16112	33
4108	15867	16070	33
4109	15871	16112	33
4110	15874	16235	33
4111	15881	16225	33
4112	15906	16865	33
4113	15907	16859	25
4114	15916	16354	33
4115	15917	16354	33
4116	15922	16306	33
4117	15937	16803	33
4118	15941	16225	33
4119	15962	16354	33
4120	15962	17221	66
4121	15966	16309	33
4122	15996	16232	33
4123	15996	16701	66
4124	16006	16431	33
4125	16021	16245	66
4126	16027	16540	33
4127	16073	16591	33
4128	16087	16540	33
4129	16087	16541	66
4130	16089	16540	33
4131	16092	16649	33
4132	16097	17424	66
4133	16114	16467	33
4134	16118	16377	66
4135	16126	16674	66
4136	16126	16674	66
4137	16151	16770	33
4138	16154	16342	33
4139	16156	16374	33
4140	16158	16364	66
4141	16163	16475	33
4142	16164	17116	33
4143	16196	16847	33
4144	16206	16552	66
4145	16214	16870	33
4146	16214	17004	33
4147	16214	17034	33
4148	16216	16615	66
4149	16218	16548	33
4150	16221	17241	33
4151	16221	17241	33
4152	16244	16706	33
4153	16273	16755	33
4154	16291	16477	33
4155	16307	16556	66
4156	16309	16490	33
4157	16309	16496	33
4158	16312	16496	33
4159	16316	16496	33
4160	16316	17401	33
4161	16321	16665	33
4162	16324	16536	33
4163	16324	16763	33
4164	16326	17740	66
4165	16336	16701	50
4166	16342	16570	33
4167	16342	16586	33
4168	16348	16921	33
4169	16365	17570	33
4170	16392	16986	33
4171	16397	16766	66
4172	16400	16855	30
4173	16402	16855	30
4174	16403	16706	33
4175	16403	16884	33
4176	16403	16884	33
4177	16403	17117	33
4178	16438	16713	25
4179	16441	16721	66
4180	16442	16651	33
4181	16442	16799	33
4182	16443	17356	50
4183	16444	16799	33
4184	16446	17144	33
4185	16446	17645	33
4186	16447	17124	33
4187	16447	17471	33
4188	16452	17250	33
4189	16452	17391	33
4190	16454	16799	33
4191	16456	16752	66
4192	16463	17144	33
4193	16464	16821	33
4194	16464	17006	33
4195	16464	17444	33
4196	16464	17861	33
4197	16471	16674	66
4198	16504	17886	66
4199	16517	17054	33
4200	16523	16780	33
4201	16530	16997	66
4202	16531	16825	66
4203	16550	16825	66
4204	16551	17346	33
4205	16559	16800	33
4206	16561	16753	66
4207	16561	17270	66
4208	16561	17270	66
4209	16562	16751	66
4210	16564	16871	66
4211	16564	17825	66
4212	16577	17068	30
4213	16596	17311	33
4214	16616	16898	33
4215	16616	17832	33
4216	16626	16989	66
4217	16629	16957	33
4218	16630	17123	66
4219	16630	17123	66
4220	16630	17606	66
4221	16633	16860	33
4222	16633	16914	33
4223	16667	16930	66
4224	16672	17325	66
4225	16680	17401	33
4226	16686	17316	33
4227	16710	17138	33
4228	16712	16901	66
4229	16713	16903	66
4230	16713	17324	66
4231	16716	16903	33
4232	16739	18054	66
4233	16740	17479	66
4234	16741	17275	33
4235	16745	17484	66
4236	16747	16975	66
4237	16750	17484	66
4238	16752	18054	66
4239	16755	17069	66
4240	16756	16989	33
4241	16757	16975	66
4242	16766	17275	33
4243	16805	17156	66
4244	16806	17155	66
4245	16811	17893	66
4246	16830	18140	50
4247	16836	17055	33
4248	16845	17344	66
4249	16853	17324	66
4250	16854	17122	66
4251	16855	17122	66
4252	16855	17880	66
4253	16861	17347	33
4254	16867	17117	66
4255	16879	17455	33
4256	16883	17119	66
4257	16900	17475	33
4258	16901	18162	33
4259	16908	17577	25
4260	16916	17098	33
4261	16921	17296	66
4262	16924	17167	33
4263	16931	18269	33
4264	16935	17250	33
4265	16941	18271	33
4266	16951	17155	66
4267	16953	17264	33
4268	16970	17155	66
4269	16973	18120	33
4270	16981	18172	33
4271	16983	17215	66
4272	16984	17302	66
4273	16986	17685	50
4274	16987	17326	33
4275	16994	17503	66
4276	16996	17208	33
4277	16998	17183	66
4278	17000	17334	33
4279	17001	18421	33
4280	17004	17338	33
4281	17014	17274	33
4282	17022	17228	66
4283	17029	17217	66
4284	17036	17480	30
4285	17046	17500	66
4286	17074	17266	33
4287	17075	18422	33
4288	17075	18422	33
4289	17076	17266	33
4290	17077	17291	33
4291	17093	18003	33
4292	17101	17762	50
4293	17102	17293	66
4294	17106	17302	66
4295	17106	17348	33
4296	17107	17312	66
4297	17113	17298	33
4298	17116	17305	66
4299	17119	17352	25
4300	17146	17351	66
4301	17149	17673	33
4302	17166	17396	33
4303	17187	17601	33
4304	17203	17701	66
4305	17206	17450	66
4306	17235	17515	66
4307	17236	17513	66
4308	17249	17447	33
4309	17252	17432	33
4310	17253	17447	33
4311	17256	17451	33
4312	17257	17514	33
4313	17257	17902	33
4314	17267	17821	33
4315	17269	17745	33
4316	17282	17687	33
4317	17296	17497	33
4318	17296	17931	66
4319	17298	17585	66
4320	17299	17585	66
4321	17330	17604	66
4322	17341	17697	66
4323	17341	17697	66
4324	17347	18699	25
4325	17350	17631	33
4326	17354	17636	33
4327	17355	17536	33
4328	17386	17668	33
4329	17391	17636	25
4330	17397	18555	66
4331	17402	18661	66
4332	17412	17593	33
4333	17420	17689	33
4334	17430	17870	33
4335	17431	17796	33
4336	17450	17710	33
4337	17460	18183	33
4338	17461	17982	66
4339	17461	18183	33
4340	17482	17676	66
4341	17525	18113	66
4342	17526	18608	33
4343	17529	18220	33
4344	17531	17809	25
4345	17582	18423	30
4346	17599	18163	33
4347	17599	18182	33
4348	17599	18182	33
4349	17601	18171	33
4350	17603	18183	33
4351	17605	18167	33
4352	17606	18167	33
4353	17606	18171	33
4354	17607	18171	33
4355	17619	18080	33
4356	17619	18576	33
4357	17641	18176	33
4358	17644	18193	33
4359	17647	18176	33
4360	17656	17966	66
4361	17657	18178	33
4362	17671	17868	66
4363	17671	17988	66
4364	17674	18193	33
4365	17674	18196	33
4366	17676	18193	33
4367	17690	17988	33
4368	17690	17988	33
4369	17690	17988	33
4370	17713	18040	33
4371	17761	18412	66
4372	17761	18412	66
4373	17764	17944	66
4374	17771	17974	33
4375	17771	17974	33
4376	17771	17982	33
4377	17772	17974	33
4378	17783	17970	33
4379	17788	18090	33
4380	17813	18112	33
4381	17825	18311	33
4382	17826	18032	66
4383	17840	18067	33
4384	17840	18067	33
4385	17841	18160	66
4386	17850	18554	33
4387	17883	18127	33
4388	17883	18142	33
4389	17884	18175	50
4390	17884	18175	50
4391	17885	18081	33
4392	17892	19238	33
4393	17892	19238	33
4394	17892	19264	33
4395	17893	18176	33
4396	17898	18096	33
4397	17898	18355	30
4398	17902	18447	33
4399	17906	18654	33
4400	17906	19019	33
4401	17915	18101	33
4402	17941	18151	33
4403	17941	18227	33
4404	17944	19265	66
4405	17947	18374	25
4406	17957	18178	66
4407	17957	18323	66
4408	17958	18426	33
4409	17960	18245	33
4410	17961	18245	33
4411	17974	18919	66
4412	17976	18178	66
4413	17980	18300	33
4414	17995	18609	33
4415	18002	18407	66
4416	18002	18408	66
4417	18002	18408	66
4418	18002	18408	66
4419	18002	18408	66
4420	18003	18744	25
4421	18003	18956	33
4422	18012	18209	33
4423	18015	18701	33
4424	18018	18219	66
4425	18018	18279	66
4426	18019	18937	66
4427	18026	19025	33
4428	18034	18752	33
4429	18045	18404	33
4430	18046	18240	33
4431	18046	18318	33
4432	18050	18439	66
4433	18061	18266	25
4434	18061	18900	66
4435	18066	18538	33
4436	18066	18650	33
4437	18066	19273	33
4438	18076	18441	66
4439	18087	18659	66
4440	18087	18659	66
4441	18087	18659	66
4442	18089	18639	66
4443	18091	18782	50
4444	18091	19110	26
4445	18095	18516	33
4446	18095	18932	33
4447	18097	18475	66
4448	18098	18302	66
4449	18098	18346	66
4450	18109	18354	66
4451	18111	18848	33
4452	18118	18438	33
4453	18118	19051	33
4454	18120	18522	66
4455	18121	18346	66
4456	18121	18941	33
4457	18130	18513	33
4458	18136	18328	25
4459	18136	19283	33
4460	18183	19083	33
4461	18185	18424	33
4462	18187	18396	66
4463	18187	18427	33
4464	18187	18449	66
4465	18192	18597	30
4466	18193	18441	66
4467	18199	18475	66
4468	18199	18929	66
4469	18207	18723	33
4470	18239	18439	66
4471	18241	18475	66
4472	18241	18500	33
4473	18245	18502	33
4474	18247	18502	33
4475	18249	18558	33
4476	18250	18558	33
4477	18250	18558	33
4478	18250	18680	66
4479	18255	18561	33
4480	18270	18463	33
4481	18270	18558	33
4482	18270	18784	66
4483	18270	18784	66
4484	18271	18547	33
4485	18271	18584	33
4486	18272	18535	33
4487	18272	18572	33
4488	18272	18584	33
4489	18275	18547	33
4490	18275	18594	33
4491	18287	19694	33
4492	18289	19340	66
4493	18291	19456	33
4494	18305	18686	33
4495	18333	19378	66
4496	18333	19378	66
4497	18336	19492	66
4498	18347	18904	66
4499	18363	18680	66
4500	18371	18805	33
4501	18375	18681	33
4502	18376	18558	33
4503	18377	18558	33
4504	18380	18568	33
4505	18394	18637	33
4506	18409	18678	33
4507	18411	19231	66
4508	18413	18785	66
4509	18413	18785	66
4510	18413	18785	66
4511	18413	18797	66
4512	18417	18680	33
4513	18436	18876	33
4514	18458	18881	33
4515	18459	18700	33
4516	18462	18669	33
4517	18462	18669	33
4518	18466	18696	25
4519	18485	18929	66
4520	18485	19540	66
4521	18492	18874	33
4522	18497	18952	33
4523	18510	18924	66
4524	18529	18903	33
4525	18535	19197	66
4526	18544	18839	66
4527	18548	18819	66
4528	18558	18813	33
4529	18568	18845	50
4530	18590	18787	25
4531	18605	19068	33
4532	18605	19085	33
4533	18650	18902	25
4534	18651	18923	25
4535	18651	18923	25
4536	18661	18846	66
4537	18661	18857	33
4538	18661	19919	33
4539	18678	19264	33
4540	18679	19038	33
4541	18713	18917	66
4542	18726	18983	33
4543	18727	18973	33
4544	18736	18978	33
4545	18744	19014	33
4546	18752	19075	25
4547	18759	19686	33
4548	18762	20160	66
4549	18771	19345	33
4550	18783	19014	33
4551	18783	19209	25
4552	18787	19238	33
4553	18790	19487	33
4554	18790	19487	33
4555	18790	19487	33
4556	18790	19487	33
4557	18790	19487	33
4558	18790	19487	33
4559	18790	19487	33
4560	18790	19487	33
4561	18790	19487	33
4562	18790	19487	33
4563	18790	19487	33
4564	18790	19487	33
4565	18790	19487	33
4566	18790	19487	33
4567	18790	19487	33
4568	18792	20160	25
4569	18796	19136	66
4570	18796	19136	66
4571	18796	19136	66
4572	18796	19136	66
4573	18796	19136	66
4574	18796	19136	66
4575	18796	19136	66
4576	18797	18978	33
4577	18832	20160	66
4578	18842	20100	66
4579	18842	20100	66
4580	18852	19154	66
4581	18852	19299	33
4582	18852	19308	33
4583	18852	20160	33
4584	18853	19345	33
4585	18855	20160	66
4586	18856	19069	33
4587	18866	20160	33
4588	18866	20160	33
4589	18866	20160	33
4590	18866	20160	33
4591	18866	20160	33
4592	18871	19080	50
4593	18884	19101	66
4594	18884	19101	66
4595	18884	20160	66
4596	18887	19591	25
4597	18888	20160	33
4598	18893	19487	33
4599	18893	19487	33
4600	18911	19694	33
4601	18917	19584	33
4602	18917	19584	33
4603	18935	19752	33
4604	18935	19757	33
4605	18946	20160	33
4606	18946	20160	33
4607	18946	20160	33
4608	18947	19323	33
4609	18947	19448	33
4610	18947	19806	33
4611	18947	19807	33
4612	18947	19807	33
4613	18947	19807	33
4614	18947	20160	33
4615	18947	20160	33
4616	18947	20160	33
4617	18947	20160	33
4618	18947	20160	33
4619	18947	20160	33
4620	18947	20160	33
4621	18947	20160	33
4622	18947	20160	33
4623	18947	20160	33
4624	18947	20160	33
4625	18947	20160	33
4626	18947	20160	33
4627	18947	20160	33
4628	18947	20160	33
4629	18947	20160	33
4630	18947	20160	33
4631	18947	20160	33
4632	18947	20160	33
4633	18947	20160	33
4634	18947	20160	33
4635	18947	20160	33
4636	18947	20160	33
4637	18947	20160	33
4638	18947	20160	33
4639	18947	20160	33
4640	18947	20160	33
4641	18947	20160	33
4642	18947	20160	33
4643	18947	20160	33
4644	18947	20160	33
4645	18947	20160	33
4646	18947	20160	33
4647	18947	20160	33
4648	18947	20160	33
4649	18948	19322	33
4650	18948	19322	33
4651	18948	20160	33
4652	18948	20160	33
4653	18948	20160	33
4654	18948	20160	33
4655	18948	20160	33
4656	18948	20160	33
4657	18948	20160	33
4658	18948	20160	33
4659	18961	19248	66
4660	18961	19637	66
4661	18968	19269	33
4662	18968	19923	33
4663	18969	19477	33
4664	18969	19923	33
4665	18971	19230	25
4666	18974	19207	33
4667	18981	19650	50
4668	19009	20160	66
4669	19016	20160	33
4670	19021	19602	33
4671	19021	20160	33
4672	19021	20160	33
4673	19022	19267	33
4674	19029	19217	66
4675	19036	19362	33
4676	19048	19362	33
4677	19049	20160	33
4678	19057	19904	66
4679	19078	19286	66
4680	19085	20160	33
4681	19102	20160	66
4682	19103	20160	33
4683	19105	19323	66
4684	19107	20160	33
4685	19107	20160	33
4686	19112	20160	33
4687	19112	20160	33
4688	19125	20160	30
4689	19140	20160	33
4690	19146	19329	66
4691	19151	19400	66
4692	19165	19353	33
4693	19165	19377	33
4694	19168	19811	33
4695	19173	19561	33
4696	19176	19374	66
4697	19177	20160	33
4698	19191	20160	33
4699	19204	19630	33
4700	19206	19462	33
4701	19214	20160	25
4702	19218	19572	33
4703	19228	19858	30
4704	19253	19521	66
4705	19266	20160	66
4706	19291	20160	33
4707	19294	20160	33
4708	19298	20160	66
4709	19304	20146	33
4710	19311	20146	33
4711	19322	19877	33
4712	19322	20160	33
4713	19326	20160	33
4714	19328	20160	33
4715	19332	20007	33
4716	19332	20160	33
4717	19334	20160	33
4718	19336	20025	66
4719	19347	20160	33
4720	19348	20160	33
4721	19348	20160	33
4722	19348	20160	33
4723	19357	20160	33
4724	19368	20160	40
4725	19376	20160	33
4726	19381	19567	66
4727	19383	20160	33
4728	19384	20160	33
4729	19385	19790	33
4730	19385	19807	33
4731	19386	19779	33
4732	19386	19790	33
4733	19394	20160	33
4734	19397	19939	66
4735	19400	19697	33
4736	19420	19745	33
4737	19431	19721	66
4738	19431	19865	66
4739	19441	19915	66
4740	19444	20106	66
4741	19445	20131	33
4742	19447	19732	33
4743	19449	20160	33
4744	19456	19661	66
4745	19459	20160	33
4746	19462	20160	33
4747	19464	19729	33
4748	19464	20160	33
4749	19464	20160	33
4750	19465	20160	33
4751	19467	19699	33
4752	19467	19745	33
4753	19470	19842	66
4754	19470	19908	66
4755	19470	19908	66
4756	19470	20160	66
4757	19472	19868	66
4758	19473	20160	33
4759	19475	20160	30
4760	19476	20160	33
4761	19476	20160	33
4762	19483	20160	33
4763	19493	19841	33
4764	19500	19682	33
4765	19502	19808	33
4766	19502	20160	33
4767	19504	20037	33
4768	19504	20045	66
4769	19506	20160	66
4770	19507	20115	33
4771	19511	19720	66
4772	19511	20020	33
4773	19511	20071	33
4774	19511	20160	33
4775	19517	20160	33
4776	19522	20160	33
4777	19523	20160	33
4778	19524	19809	33
4779	19524	19809	33
4780	19524	19809	33
4781	19524	19809	33
4782	19524	19985	33
4783	19524	20039	33
4784	19524	20160	33
4785	19524	20160	33
4786	19524	20160	33
4787	19524	20160	33
4788	19524	20160	33
4789	19524	20160	33
4790	19524	20160	33
4791	19524	20160	33
4792	19524	20160	33
4793	19524	20160	33
4794	19524	20160	33
4795	19524	20160	33
4796	19524	20160	33
4797	19524	20160	33
4798	19524	20160	33
4799	19524	20160	33
4800	19524	20160	33
4801	19524	20160	33
4802	19531	20160	33
4803	19532	20160	33
4804	19546	19865	66
4805	19546	20160	66
4806	19548	19844	66
4807	19563	20160	33
4808	19563	20160	33
4809	19564	19926	33
4810	19565	19875	66
4811	19569	20160	33
4812	19570	20065	33
4813	19574	20160	33
4814	19615	19879	66
4815	19615	20160	33
4816	19616	20160	33
4817	19619	20160	66
4818	19620	19839	66
4819	19622	20160	33
4820	19622	20160	66
4821	19622	20160	66
4822	19624	20160	66
4823	19624	20160	25
4824	19625	19907	66
4825	19627	20160	33
4826	19627	20160	33
4827	19639	19863	33
4828	19648	19853	25
4829	19648	20160	66
4830	19652	19990	33
4831	19657	20160	33
4832	19658	19879	66
4833	19658	19879	66
4834	19664	20160	33
4835	19678	20160	25
4836	19681	19943	33
4837	19681	20119	66
4838	19687	19943	33
4839	19690	19917	25
4840	19691	20160	33
4841	19692	19893	66
4842	19696	20084	33
4843	19708	20160	66
4844	19709	19894	33
4845	19710	20160	66
4846	19710	20160	66
4847	19715	19897	33
4848	19721	19992	33
4849	19724	20160	66
4850	19725	19936	66
4851	19729	20160	50
4852	19733	20160	66
4853	19737	20160	33
4854	19743	20160	33
4855	19747	20160	30
4856	19750	19984	33
4857	19751	19950	66
4858	19751	19953	33
4859	19751	19953	33
4860	19752	20160	66
4861	19764	20139	33
4862	19768	20160	33
4863	19778	20160	66
4864	19782	20160	33
4865	19783	20160	33
4866	19786	20000	66
4867	19791	20043	50
4868	19792	20160	33
4869	19801	20097	66
4870	19805	20160	66
4871	19805	20160	66
4872	19805	20160	66
4873	19805	20160	66
4874	19805	20160	66
4875	19805	20160	66
4876	19805	20160	66
4877	19805	20160	66
4878	19806	20097	66
4879	19806	20160	66
4880	19806	20160	66
4881	19806	20160	66
4882	19806	20160	66
4883	19806	20160	66
4884	19806	20160	66
4885	19806	20160	66
4886	19807	20035	66
4887	19807	20097	66
4888	19807	20160	33
4889	19808	20160	66
4890	19808	20160	66
4891	19808	20160	66
4892	19808	20160	66
4893	19808	20160	66
4894	19808	20160	66
4895	19808	20160	66
4896	19808	20160	66
4897	19808	20160	66
4898	19809	20160	66
4899	19809	20160	66
4900	19809	20160	66
4901	19809	20160	66
4902	19809	20160	66
4903	19809	20160	66
4904	19809	20160	66
4905	19809	20160	66
4906	19809	20160	66
4907	19809	20160	66
4908	19809	20160	66
4909	19809	20160	66
4910	19809	20160	66
4911	19809	20160	66
4912	19809	20160	66
4913	19809	20160	66
4914	19809	20160	66
4915	19809	20160	66
4916	19809	20160	66
4917	19809	20160	66
4918	19809	20160	66
4919	19809	20160	66
4920	19809	20160	66
4921	19809	20160	66
4922	19809	20160	66
4923	19809	20160	66
4924	19809	20160	66
4925	19809	20160	66
4926	19809	20160	66
4927	19809	20160	66
4928	19810	20160	66
4929	19810	20160	66
4930	19810	20160	66
4931	19810	20160	66
4932	19810	20160	66
4933	19810	20160	66
4934	19810	20160	66
4935	19810	20160	66
4936	19810	20160	66
4937	19810	20160	66
4938	19810	20160	66
4939	19810	20160	66
4940	19810	20160	66
4941	19810	20160	66
4942	19810	20160	66
4943	19810	20160	66
4944	19810	20160	66
4945	19810	20160	66
4946	19810	20160	66
4947	19810	20160	66
4948	19810	20160	66
4949	19810	20160	66
4950	19811	20122	33
4951	19811	20160	33
4952	19816	19997	66
4953	19824	20046	25
4954	19829	20035	66
4955	19829	20160	33
4956	19829	20160	33
4957	19834	20160	30
4958	19859	20160	33
4959	19860	20160	33
4960	19861	20160	33
4961	19861	20160	33
4962	19861	20160	33
4963	19862	20160	33
4964	19864	20124	33
4965	19864	20160	33
4966	19867	20160	33
4967	19879	20132	66
4968	19896	20160	33
4969	19908	20160	33
4970	19908	20160	30
4971	19911	20160	66
4972	19913	20160	33
4973	19915	20160	33
4974	19916	20160	66
4975	19916	20160	66
4976	19919	20160	66
4977	19919	20160	66
4978	19921	20160	66
4979	19921	20160	66
4980	19922	20160	66
4981	19922	20160	66
4982	19922	20160	66
4983	19922	20160	66
4984	19924	20160	66
4985	19924	20160	66
4986	19924	20160	66
4987	19924	20160	66
4988	19925	20160	66
4989	19925	20160	66
4990	19928	20160	33
4991	19928	20160	33
4992	19933	20160	33
4993	19935	20160	66
4994	19945	20129	66
4995	19954	20160	50
4996	19963	20160	66
4997	19966	20160	33
4998	19978	20160	33
4999	19978	20160	66
