5000	100	0	0
0	0	181	33
1	0	181	33
2	0	182	33
3	0	182	33
4	0	188	33
5	0	188	33
6	0	188	33
7	0	188	33
8	0	188	33
9	0	188	33
10	0	188	33
11	0	188	33
12	0	188	33
13	0	188	33
14	0	188	33
15	0	188	33
16	0	188	33
17	0	188	33
18	0	188	33
19	0	188	33
20	0	188	33
21	0	188	33
22	0	188	33
23	0	188	33
24	0	188	33
25	0	188	33
26	0	188	33
27	0	188	33
28	0	188	33
29	0	188	33
30	0	188	33
31	0	188	33
32	0	188	33
33	0	188	33
34	0	188	33
35	0	188	33
36	0	188	33
37	0	188	33
38	0	188	33
39	0	188	33
40	0	188	33
41	0	188	33
42	0	188	33
43	0	188	33
44	0	188	33
45	0	188	33
46	0	188	33
47	0	188	33
48	0	188	33
49	0	188	33
50	0	194	30
51	0	195	33
52	0	200	33
53	0	200	33
54	0	200	33
55	0	200	33
56	0	200	33
57	0	200	33
58	0	200	33
59	0	200	33
60	0	200	33
61	0	200	33
62	0	200	33
63	0	200	33
64	0	200	33
65	0	200	33
66	0	200	33
67	0	200	33
68	0	200	33
69	0	200	33
70	0	200	33
71	0	200	33
72	0	215	66
73	0	215	66
74	0	215	66
75	0	215	33
76	0	215	33
77	0	215	33
78	0	215	33
79	0	215	33
80	0	215	33
81	0	215	33
82	0	215	33
83	0	215	33
84	0	215	66
85	0	215	33
86	0	215	33
87	0	215	66
88	0	215	66
89	0	215	66
90	0	215	66
91	0	215	66
92	0	215	66
93	0	215	66
94	0	215	66
95	0	215	66
96	0	215	66
97	0	215	66
98	0	215	66
99	0	215	66
100	0	215	66
101	0	215	33
102	0	215	33
103	0	215	33
104	0	215	33
105	0	215	66
106	0	216	66
107	0	239	33
108	0	239	66
109	0	242	33
110	0	243	33
111	0	250	33
112	0	251	66
113	0	251	66
114	0	251	66
115	0	251	66
116	0	252	66
117	0	252	33
118	0	252	66
119	0	253	33
120	0	253	33
121	0	253	33
122	0	253	33
123	0	253	33
124	0	253	33
125	0	253	33
126	0	253	33
127	0	253	33
128	0	253	33
129	0	253	33
130	0	253	33
131	0	253	33
132	0	254	33
133	0	254	33
134	0	254	33
135	0	254	33
136	0	254	33
137	0	254	33
138	0	254	33
139	0	254	33
140	0	254	33
141	0	254	33
142	0	254	33
143	0	254	33
144	0	254	33
145	0	254	33
146	0	254	33
147	0	254	33
148	0	254	33
149	0	254	33
150	0	254	33
151	0	254	33
152	0	254	33
153	0	254	33
154	0	254	33
155	0	255	33
156	0	255	33
157	0	255	33
158	0	255	33
159	0	255	33
160	0	255	33
161	0	255	33
162	0	256	33
163	0	258	66
164	0	258	33
165	0	258	66
166	0	258	66
167	0	258	66
168	0	258	66
169	0	258	66
170	0	267	33
171	0	268	33
172	0	268	33
173	0	268	33
174	0	268	33
175	0	268	33
176	0	268	33
177	0	268	33
178	0	268	33
179	0	268	33
180	0	268	33
181	0	268	33
182	0	268	33
183	0	268	33
184	0	268	33
185	0	268	33
186	0	268	33
187	0	268	33
188	0	268	33
189	0	269	33
190	0	269	33
191	0	269	33
192	0	269	33
193	0	269	33
194	0	269	33
195	0	269	33
196	0	272	33
197	0	278	33
198	0	279	33
199	0	279	33
200	0	279	33
201	0	279	33
202	0	279	33
203	0	279	33
204	0	280	33
205	0	280	33
206	0	280	33
207	0	280	33
208	0	280	33
209	0	280	33
210	0	280	33
211	0	293	30
212	0	294	33
213	0	297	25
214	0	300	25
215	0	301	25
216	0	303	66
217	0	305	33
218	0	305	33
219	0	306	33
220	0	307	33
221	0	307	33
222	0	307	33
223	0	307	33
224	0	307	33
225	0	308	33
226	0	308	33
227	0	308	33
228	0	310	33
229	0	314	33
230	0	325	33
231	0	338	66
232	0	338	33
233	0	338	33
234	0	339	33
235	0	345	66
236	0	352	33
237	0	358	66
238	0	361	33
239	0	361	33
240	0	361	33
241	0	361	33
242	0	365	66
243	0	366	66
244	0	368	66
245	0	372	33
246	0	378	33
247	0	379	33
248	0	419	33
249	0	419	33
250	0	419	33
251	0	419	33
252	0	419	33
253	0	419	33
254	0	419	33
255	0	419	33
256	0	419	33
257	0	419	33
258	0	419	33
259	0	419	33
260	0	419	33
261	0	419	33
262	0	420	33
263	0	420	33
264	0	420	33
265	0	420	33
266	0	420	33
267	0	420	33
268	0	420	33
269	0	420	33
270	0	420	33
271	0	420	33
272	0	420	33
273	0	420	33
274	0	420	33
275	0	421	33
276	0	421	33
277	0	422	33
278	0	423	33
279	0	423	33
280	0	423	33
281	0	423	33
282	0	424	33
283	0	456	33
284	0	457	33
285	0	458	66
286	0	458	33
287	0	461	33
288	0	468	33
289	0	470	66
290	0	477	33
291	0	477	33
292	0	477	33
293	0	477	33
294	0	478	33
295	0	481	66
296	0	482	33
297	0	488	66
298	0	495	33
299	0	506	33
300	0	506	33
301	0	506	33
302	0	506	33
303	0	506	33
304	0	506	33
305	0	506	33
306	0	506	33
307	0	506	33
308	0	506	33
309	0	506	33
310	0	506	33
311	0	506	33
312	0	507	33
313	0	507	33
314	0	507	33
315	0	507	33
316	0	507	33
317	0	507	33
318	0	507	33
319	0	507	33
320	0	507	33
321	0	507	33
322	0	507	33
323	0	507	33
324	0	507	33
325	0	507	33
326	0	507	33
327	0	509	33
328	0	509	33
329	0	509	33
330	0	509	33
331	0	509	33
332	0	509	33
333	0	509	33
334	0	509	33
335	0	509	33
336	0	509	33
337	0	509	33
338	0	509	33
339	0	509	33
340	0	509	33
341	0	509	33
342	0	509	33
343	0	509	33
344	0	509	33
345	0	509	33
346	0	509	33
347	0	511	33
348	0	511	33
349	0	511	33
350	0	511	33
351	0	511	33
352	0	511	33
353	0	512	33
354	0	513	66
355	0	513	66
356	0	513	66
357	0	513	66
358	0	513	66
359	0	513	66
360	0	513	66
361	0	513	66
362	0	513	66
363	0	513	66
364	0	513	66
365	0	513	66
366	0	513	66
367	0	513	66
368	0	513	66
369	0	513	66
370	0	513	66
371	0	513	66
372	0	514	33
373	0	514	33
374	0	514	66
375	0	514	66
376	0	514	33
377	0	515	66
378	0	515	66
379	0	515	66
380	0	515	66
381	0	515	66
382	0	515	66
383	0	515	66
384	0	515	33
385	0	515	66
386	0	515	33
387	0	516	66
388	0	516	66
389	0	516	66
390	0	516	66
391	0	520	66
392	0	520	66
393	0	520	66
394	0	520	66
395	0	520	66
396	0	527	66
397	0	527	66
398	0	528	66
399	0	528	66
400	0	528	33
401	0	528	66
402	0	528	66
403	0	528	66
404	0	531	66
405	0	531	66
406	0	531	66
407	0	531	66
408	0	531	66
409	0	531	66
410	0	531	66
411	0	531	66
412	0	534	33
413	0	534	33
414	0	534	33
415	0	534	33
416	0	534	33
417	0	535	33
418	0	537	33
419	0	537	33
420	0	537	33
421	0	538	33
422	0	538	33
423	0	538	33
424	0	538	33
425	0	538	33
426	0	538	33
427	0	538	33
428	0	538	33
429	0	538	33
430	0	538	33
431	0	538	33
432	0	539	33
433	0	540	33
434	0	541	33
435	0	549	33
436	0	550	33
437	0	550	33
438	0	550	33
439	0	550	33
440	0	550	33
441	0	550	33
442	0	550	33
443	0	550	33
444	0	550	33
445	0	550	33
446	0	550	33
447	0	550	33
448	0	550	33
449	0	550	33
450	0	550	33
451	0	550	33
452	0	550	33
453	0	550	33
454	0	550	33
455	0	552	33
456	0	552	33
457	0	552	33
458	0	552	33
459	0	552	33
460	0	552	33
461	0	552	33
462	0	552	33
463	0	552	33
464	0	552	33
465	0	552	33
466	0	552	33
467	0	552	33
468	0	552	33
469	0	552	33
470	0	552	33
471	0	552	33
472	0	552	33
473	0	552	33
474	0	552	33
475	0	552	33
476	0	552	33
477	0	552	33
478	0	552	33
479	0	552	33
480	0	552	33
481	0	555	33
482	0	555	33
483	0	555	33
484	0	555	33
485	0	555	33
486	0	555	33
487	0	555	33
488	0	576	66
489	0	576	66
490	0	576	66
491	0	576	66
492	0	576	66
493	0	576	66
494	0	576	66
495	0	576	66
496	0	576	66
497	0	576	33
498	0	576	33
499	0	576	66
500	0	576	66
501	0	576	66
502	0	576	66
503	0	577	33
504	0	577	33
505	0	577	33
506	0	577	33
507	0	577	33
508	0	577	33
509	0	577	33
510	0	577	33
511	0	577	33
512	0	577	33
513	0	577	33
514	0	577	33
515	0	577	33
516	0	577	33
517	0	579	33
518	0	579	33
519	0	579	33
520	0	579	33
521	0	579	33
522	0	579	33
523	0	579	33
524	0	580	33
525	0	580	33
526	0	580	33
527	0	580	33
528	0	580	33
529	0	580	33
530	0	580	33
531	0	580	33
532	0	580	33
533	0	580	33
534	0	580	33
535	0	580	33
536	0	580	33
537	0	580	33
538	0	580	33
539	0	580	33
540	0	580	33
541	0	580	33
542	0	580	33
543	0	580	33
544	0	580	33
545	0	580	33
546	0	580	33
547	0	580	33
548	0	580	33
549	0	580	33
550	0	580	33
551	0	580	33
552	0	580	33
553	0	580	33
554	0	580	33
555	0	580	33
556	0	580	33
557	0	580	33
558	0	580	33
559	0	580	33
560	0	580	33
561	0	580	33
562	0	580	33
563	0	580	33
564	0	580	33
565	0	580	33
566	0	580	33
567	0	580	33
568	0	580	33
569	0	580	33
570	0	580	33
571	0	580	33
572	0	580	33
573	0	580	33
574	0	580	33
575	0	580	33
576	0	580	33
577	0	580	33
578	0	580	33
579	0	580	33
580	0	580	33
581	0	580	33
582	0	580	33
583	0	580	33
584	0	586	30
585	0	605	33
586	0	605	33
587	0	605	33
588	0	605	33
589	0	606	33
590	0	607	66
591	0	612	33
592	0	612	33
593	0	612	33
594	0	612	33
595	0	615	33
596	0	615	33
597	0	615	33
598	0	616	33
599	0	618	33
600	0	618	33
601	0	618	33
602	0	622	33
603	0	622	33
604	0	622	33
605	0	622	33
606	0	622	33
607	0	622	33
608	0	622	33
609	0	626	33
610	0	626	33
611	0	626	33
612	0	626	33
613	0	626	33
614	0	626	33
615	0	627	33
616	0	627	33
617	0	632	66
618	0	632	33
619	0	633	33
620	0	637	33
621	0	637	33
622	0	637	25
623	0	637	33
624	0	637	33
625	0	637	33
626	0	637	33
627	0	638	33
628	0	640	33
629	0	640	33
630	0	640	33
631	0	640	33
632	0	640	33
633	0	640	33
634	0	640	33
635	0	640	33
636	0	640	33
637	0	640	33
638	0	640	33
639	0	640	33
640	0	640	33
641	0	640	33
642	0	640	33
643	0	640	33
644	0	640	33
645	0	640	33
646	0	641	33
647	0	641	33
648	0	654	33
649	0	655	61
650	0	661	33
651	0	666	33
652	0	668	66
653	0	670	33
654	0	677	33
655	0	696	33
656	0	705	33
657	0	722	33
658	0	723	33
659	0	729	33
660	0	755	33
661	0	755	33
662	0	755	33
663	0	755	33
664	0	755	33
665	0	755	33
666	0	755	33
667	0	755	33
668	0	755	33
669	0	755	33
670	0	755	33
671	0	755	33
672	0	755	33
673	0	755	33
674	0	755	33
675	0	755	33
676	0	755	33
677	0	755	33
678	0	755	33
679	0	755	33
680	0	755	33
681	0	755	33
682	0	755	33
683	0	764	33
684	0	797	33
685	0	844	66
686	0	859	50
687	0	860	33
688	0	862	33
689	0	892	33
690	0	900	33
691	0	900	33
692	0	900	33
693	0	1013	66
694	0	1020	33
695	0	1076	66
696	0	1087	66
697	0	1088	33
698	0	1141	33
699	0	1141	33
700	0	1141	33
701	0	1141	33
702	0	1142	33
703	0	1142	33
704	0	1142	33
705	0	1142	33
706	0	1142	33
707	0	1142	33
708	0	1143	33
709	0	1146	30
710	0	1150	33
711	0	1157	33
712	0	1157	33
713	0	1157	33
714	0	1157	33
715	0	1157	33
716	0	1157	33
717	0	1157	33
718	0	1158	33
719	0	1158	33
720	0	1175	33
721	0	1198	30
722	0	1202	30
723	0	1230	25
724	0	1247	33
725	0	1247	33
726	0	1249	30
727	0	1249	30
728	0	1260	33
729	0	1265	33
730	0	1271	33
731	0	1302	30
732	0	1310	66
733	0	1332	30
734	0	1351	33
735	0	1351	33
736	0	1390	66
737	0	1390	33
738	0	1418	66
739	0	1418	66
740	0	1418	66
741	0	1418	66
742	0	1418	50
743	4	1111	30
744	4	1111	30
745	11	221	66
746	39	351	30
747	42	282	66
748	43	350	30
749	44	1476	33
750	57	367	30
751	61	1311	33
752	61	1311	33
753	67	868	33
754	68	267	33
755	72	360	33
756	75	267	66
757	81	599	33
758	91	601	33
759	104	420	33
760	121	878	33
761	122	1381	66
762	122	1381	66
763	125	516	66
764	125	516	66
765	125	517	66
766	125	517	66
767	125	517	66
768	125	517	66
769	126	359	66
770	127	331	66
771	127	331	66
772	127	368	66
773	127	516	66
774	127	516	66
775	127	516	66
776	127	516	66
777	127	516	66
778	130	517	66
779	130	517	66
780	131	516	66
781	133	516	66
782	133	516	66
783	133	516	66
784	137	338	66
785	161	484	66
786	161	789	66
787	165	1107	33
788	172	371	66
789	172	501	66
790	188	469	33
791	196	396	25
792	196	689	25
793	196	689	25
794	197	607	33
795	200	380	33
796	200	1381	66
797	201	482	66
798	204	990	33
799	206	482	66
800	206	1141	66
801	206	1142	66
802	207	390	66
803	207	456	66
804	210	585	33
805	212	1473	33
806	215	1501	33
807	216	538	66
808	216	860	66
809	216	1043	66
810	216	1142	66
811	216	1142	66
812	216	1142	66
813	219	1573	33
814	222	722	33
815	222	1147	33
816	223	980	66
817	223	1157	66
818	230	457	66
819	230	457	66
820	241	925	66
821	245	668	66
822	245	671	66
823	247	1158	66
824	249	457	33
825	249	1303	66
826	252	1141	33
827	252	1142	33
828	253	485	33
829	253	862	33
830	253	1141	33
831	253	1141	33
832	253	1381	33
833	254	1081	33
834	256	462	66
835	256	462	66
836	256	462	66
837	256	462	66
838	260	530	66
839	261	558	33
840	261	661	33
841	261	901	33
842	261	1141	33
843	261	1142	33
844	261	1142	33
845	261	1142	33
846	261	1142	33
847	261	1142	33
848	261	1142	33
849	261	1142	33
850	261	1142	33
851	261	1215	33
852	261	1268	33
853	268	502	33
854	268	758	66
855	279	557	33
856	280	875	33
857	282	635	33
858	282	764	33
859	282	906	33
860	282	1142	33
861	282	1142	33
862	282	1142	33
863	282	1142	33
864	282	1142	33
865	282	1142	33
866	282	1142	33
867	282	1142	33
868	282	1142	33
869	283	498	33
870	283	586	33
871	284	1157	33
872	284	1157	33
873	284	1158	33
874	285	1157	33
875	285	1158	33
876	285	1161	33
877	298	657	33
878	303	514	33
879	314	1045	66
880	314	1045	66
881	314	1480	66
882	316	498	33
883	339	651	30
884	359	716	25
885	361	709	66
886	362	883	33
887	368	1669	33
888	374	701	66
889	377	1157	33
890	377	1157	33
891	377	1157	33
892	377	1158	33
893	377	1158	33
894	377	1158	33
895	387	885	66
896	387	885	66
897	390	1597	33
898	391	571	66
899	391	574	66
900	391	709	66
901	399	1362	66
902	408	594	33
903	412	709	66
904	414	851	33
905	415	618	33
906	415	668	33
907	415	781	33
908	415	1043	33
909	415	1043	33
910	415	1158	33
911	417	764	33
912	417	856	33
913	417	856	33
914	417	1020	33
915	417	1141	33
916	417	1141	33
917	417	1141	33
918	417	1141	33
919	417	1142	33
920	417	1142	33
921	419	994	33
922	419	1158	33
923	421	679	33
924	426	664	66
925	427	1157	33
926	427	1157	33
927	427	1157	33
928	427	1157	33
929	427	1158	33
930	428	1239	33
931	438	1865	66
932	447	1157	33
933	447	1157	33
934	447	1158	33
935	447	1158	33
936	447	1158	33
937	447	1159	33
938	447	1159	33
939	447	1164	33
940	447	1248	33
941	458	723	33
942	458	1142	33
943	458	1142	33
944	458	1144	33
945	461	1081	33
946	462	779	33
947	462	997	33
948	462	1185	33
949	464	805	33
950	464	1146	33
951	496	860	50
952	499	1296	66
953	518	980	30
954	518	1038	66
955	518	1140	66
956	518	1141	66
957	518	1141	66
958	518	1141	66
959	520	1045	66
960	524	799	33
961	532	1408	25
962	532	1408	25
963	538	845	33
964	538	862	33
965	538	961	33
966	538	1086	33
967	538	1141	33
968	538	1375	33
969	541	879	66
970	542	798	33
971	556	1270	33
972	563	1995	33
973	571	780	66
974	571	1470	33
975	572	1291	33
976	572	1456	33
977	572	1501	33
978	585	1727	66
979	587	1043	33
980	587	1043	33
981	589	1141	66
982	589	1141	66
983	589	1225	66
984	589	1501	66
985	590	1038	66
986	590	1045	66
987	590	1141	66
988	590	1141	66
989	590	1142	66
990	590	1142	66
991	590	1142	66
992	592	1023	66
993	600	1155	66
994	600	1159	66
995	605	917	30
996	608	1575	33
997	609	1286	33
998	609	1291	33
999	609	1666	33
1000	610	1291	33
1001	613	1769	33
1002	614	1157	33
1003	614	1157	33
1004	614	1157	33
1005	614	1157	33
1006	614	1158	33
1007	614	1158	33
1008	614	1158	33
1009	614	1158	33
1010	614	1158	33
1011	614	1200	33
1012	615	1157	33
1013	615	1157	33
1014	615	1158	33
1015	616	1385	33
1016	616	1827	25
1017	617	1141	33
1018	617	1141	33
1019	617	1320	33
1020	617	2013	33
1021	619	977	33
1022	619	1257	33
1023	627	1157	33
1024	661	873	50
1025	661	891	66
1026	661	1681	33
1027	661	1681	33
1028	664	922	66
1029	667	1607	33
1030	668	1111	66
1031	668	1947	33
1032	670	986	33
1033	690	879	66
1034	696	887	25
1035	697	1297	33
1036	699	1417	33
1037	701	1005	33
1038	720	1461	25
1039	721	1102	66
1040	722	1863	30
1041	725	1052	66
1042	744	1013	33
1043	748	2136	33
1044	754	1005	66
1045	754	1005	66
1046	759	1142	66
1047	759	1142	66
1048	764	1064	33
1049	767	1905	33
1050	768	1901	33
1051	771	1796	33
1052	778	985	66
1053	780	1681	33
1054	781	1563	33
1055	783	1046	33
1056	786	1326	66
1057	786	1328	66
1058	787	1142	66
1059	805	1564	66
1060	805	1564	66
1061	805	1653	25
1062	808	1092	33
1063	811	1502	50
1064	811	1503	50
1065	814	1420	33
1066	816	1901	33
1067	816	1901	33
1068	816	1901	33
1069	816	1901	33
1070	816	1901	33
1071	816	1901	33
1072	816	1905	33
1073	817	1901	33
1074	818	1901	33
1075	818	1901	33
1076	818	1901	33
1077	818	1901	33
1078	818	1901	33
1079	818	1901	33
1080	819	1901	33
1081	819	1901	33
1082	819	1901	33
1083	819	1901	33
1084	820	1901	33
1085	820	1901	33
1086	820	1901	33
1087	821	1901	33
1088	821	1901	33
1089	821	1901	33
1090	831	1042	33
1091	839	1198	25
1092	844	1503	66
1093	844	1503	66
1094	845	1627	33
1095	846	1155	30
1096	850	1047	33
1097	855	1498	66
1098	863	1201	33
1099	870	1453	33
1100	871	1431	33
1101	877	1153	33
1102	877	1327	30
1103	879	1234	33
1104	891	1711	30
1105	900	1111	33
1106	900	1247	33
1107	900	1441	33
1108	909	1603	33
1109	911	2026	66
1110	917	1388	33
1111	926	2026	66
1112	926	2026	66
1113	926	2026	66
1114	927	1565	50
1115	933	1901	33
1116	944	1266	33
1117	954	1180	33
1118	955	1217	33
1119	955	1944	66
1120	957	1141	33
1121	958	1142	33
1122	958	1238	33
1123	959	1474	25
1124	964	1144	25
1125	965	1405	66
1126	967	1933	33
1127	967	2221	33
1128	976	1236	66
1129	979	1405	66
1130	983	1227	30
1131	986	1168	66
1132	987	1218	33
1133	987	1218	33
1134	987	1517	33
1135	988	1743	30
1136	994	1291	33
1137	1003	1861	66
1138	1007	1569	66
1139	1036	1256	66
1140	1040	1307	66
1141	1041	1295	66
1142	1041	1313	66
1143	1044	1226	66
1144	1045	1292	66
1145	1045	1292	66
1146	1045	1314	66
1147	1045	1361	25
1148	1045	2203	66
1149	1047	1703	33
1150	1050	1390	33
1151	1051	1253	66
1152	1051	1256	66
1153	1051	1264	66
1154	1068	1252	66
1155	1074	2300	50
1156	1079	1887	33
1157	1084	2195	33
1158	1106	1343	33
1159	1115	1323	66
1160	1132	1322	66
1161	1137	1345	33
1162	1140	1404	66
1163	1140	1740	66
1164	1140	2523	33
1165	1141	1333	66
1166	1141	1740	66
1167	1141	1741	66
1168	1142	1336	66
1169	1146	2278	33
1170	1152	1508	33
1171	1155	1379	25
1172	1156	1398	30
1173	1156	1496	33
1174	1156	1508	33
1175	1156	1508	33
1176	1156	1518	33
1177	1156	1518	33
1178	1156	1538	33
1179	1156	2108	33
1180	1157	1396	33
1181	1159	1508	33
1182	1159	1518	33
1183	1159	1550	33
1184	1159	2119	33
1185	1161	1451	33
1186	1161	1451	33
1187	1166	2522	66
1188	1168	2301	25
1189	1172	2146	66
1190	1177	1905	33
1191	1178	1905	33
1192	1179	1901	33
1193	1179	1901	33
1194	1179	1901	33
1195	1179	1901	33
1196	1179	1901	33
1197	1181	1901	33
1198	1191	1538	33
1199	1201	1436	66
1200	1203	1551	30
1201	1211	1590	33
1202	1214	1603	33
1203	1219	1840	66
1204	1219	2041	66
1205	1219	2161	66
1206	1219	2171	66
1207	1222	1471	33
1208	1222	1898	66
1209	1222	1951	66
1210	1222	1986	66
1211	1222	1988	66
1212	1222	1998	66
1213	1222	1998	66
1214	1222	2495	66
1215	1224	1583	33
1216	1230	1412	25
1217	1235	2166	50
1218	1242	1516	66
1219	1242	2044	66
1220	1242	2357	66
1221	1242	2478	66
1222	1242	2494	66
1223	1242	2495	66
1224	1244	1986	66
1225	1247	1528	33
1226	1255	1500	66
1227	1260	1494	25
1228	1260	1586	50
1229	1261	1519	33
1230	1266	1452	33
1231	1267	1472	33
1232	1267	1472	33
1233	1271	1484	50
1234	1282	2056	33
1235	1298	1497	33
1236	1298	1518	33
1237	1298	1771	33
1238	1298	2108	33
1239	1299	1484	33
1240	1299	1484	33
1241	1299	1497	33
1242	1299	1508	33
1243	1299	1514	33
1244	1299	1528	33
1245	1299	1538	33
1246	1299	1568	33
1247	1299	1568	33
1248	1299	2098	33
1249	1299	2108	33
1250	1305	1535	33
1251	1311	2270	66
1252	1313	1505	66
1253	1313	2270	66
1254	1313	2270	66
1255	1313	2270	66
1256	1313	2270	66
1257	1318	2270	66
1258	1318	2270	66
1259	1322	1555	66
1260	1322	2060	66
1261	1322	2060	66
1262	1322	2060	66
1263	1322	2060	66
1264	1322	2060	66
1265	1322	2062	66
1266	1322	2062	66
1267	1322	2063	66
1268	1322	2063	66
1269	1322	2063	66
1270	1323	2158	33
1271	1330	2270	66
1272	1336	2270	66
1273	1342	1996	33
1274	1344	1652	30
1275	1352	2272	66
1276	1353	2272	66
1277	1356	1665	30
1278	1360	2272	66
1279	1364	1581	66
1280	1370	1583	66
1281	1378	2131	33
1282	1382	1776	33
1283	1384	1643	66
1284	1392	1627	66
1285	1392	1760	66
1286	1392	2457	66
1287	1404	2300	50
1288	1434	1814	66
1289	1434	1814	66
1290	1437	2297	33
1291	1449	2072	30
1292	1453	2098	33
1293	1465	1676	66
1294	1476	1786	30
1295	1488	2064	33
1296	1499	2300	25
1297	1501	1760	66
1298	1502	1744	33
1299	1505	1730	33
1300	1505	2270	66
1301	1506	1686	25
1302	1508	1901	33
1303	1513	2301	25
1304	1517	1718	33
1305	1517	1718	33
1306	1519	2035	66
1307	1519	2035	66
1308	1519	2035	66
1309	1520	2196	33
1310	1520	2196	33
1311	1538	1846	30
1312	1547	1903	33
1313	1549	1901	33
1314	1552	1804	30
1315	1552	1804	30
1316	1552	1908	33
1317	1553	1861	30
1318	1560	1740	33
1319	1560	1752	33
1320	1561	1745	66
1321	1561	2140	33
1322	1562	1823	33
1323	1562	2119	33
1324	1563	2821	66
1325	1565	1785	66
1326	1567	1889	66
1327	1576	2010	33
1328	1576	2010	33
1329	1577	2011	33
1330	1591	2144	33
1331	1605	2418	66
1332	1607	2311	25
1333	1618	1927	30
1334	1633	2334	33
1335	1633	2458	33
1336	1634	2575	33
1337	1635	1891	33
1338	1635	2069	25
1339	1636	1816	33
1340	1636	1863	33
1341	1636	1898	33
1342	1636	2001	33
1343	1645	1827	33
1344	1645	2380	33
1345	1645	2741	33
1346	1650	1898	33
1347	1650	1984	33
1348	1650	2048	33
1349	1659	3002	33
1350	1665	1889	66
1351	1684	1995	33
1352	1684	2022	33
1353	1684	2161	33
1354	1684	2647	33
1355	1685	1878	40
1356	1701	2123	33
1357	1709	2132	33
1358	1710	2190	33
1359	1710	2298	33
1360	1710	3078	33
1361	1726	1957	33
1362	1726	2222	33
1363	1726	2224	33
1364	1726	2225	33
1365	1726	2418	33
1366	1726	2504	33
1367	1726	2504	33
1368	1726	2504	33
1369	1730	2061	33
1370	1736	3125	66
1371	1738	1926	33
1372	1738	2650	33
1373	1742	1991	33
1374	1760	2309	33
1375	1764	2129	33
1376	1765	2076	33
1377	1765	2098	33
1378	1765	2119	33
1379	1765	2119	33
1380	1766	2087	33
1381	1766	2098	33
1382	1766	2098	33
1383	1769	2309	33
1384	1778	2123	66
1385	1793	3069	66
1386	1798	1981	33
1387	1799	1994	33
1388	1799	2291	33
1389	1799	2291	33
1390	1806	2830	33
1391	1809	2322	50
1392	1810	2220	33
1393	1810	2222	66
1394	1816	2339	33
1395	1816	2339	33
1396	1816	2339	33
1397	1816	2339	33
1398	1816	2343	33
1399	1816	2370	33
1400	1816	2591	33
1401	1818	2225	33
1402	1819	2247	33
1403	1821	2462	33
1404	1827	2161	33
1405	1827	2162	33
1406	1827	2694	33
1407	1831	2224	66
1408	1832	2179	66
1409	1834	2254	33
1410	1835	2346	33
1411	1835	2753	33
1412	1835	2819	33
1413	1835	2885	33
1414	1835	2885	33
1415	1837	2161	33
1416	1840	2059	33
1417	1840	2165	33
1418	1840	2272	33
1419	1840	2823	33
1420	1840	2823	33
1421	1844	2062	33
1422	1845	2118	33
1423	1849	2528	26
1424	1849	2528	26
1425	1855	2056	33
1426	1855	2066	33
1427	1855	2087	33
1428	1855	2087	33
1429	1855	2098	33
1430	1855	2099	33
1431	1855	2119	33
1432	1856	2076	33
1433	1857	2039	33
1434	1857	2039	33
1435	1857	2046	33
1436	1862	2103	33
1437	1867	2471	33
1438	1879	2327	33
1439	1879	2327	33
1440	1891	2176	66
1441	1893	3071	33
1442	1893	3221	33
1443	1918	2504	33
1444	1920	2254	33
1445	1920	2255	33
1446	1920	2302	33
1447	1920	3063	33
1448	1931	2188	66
1449	1931	2190	66
1450	1933	2229	33
1451	1935	2224	33
1452	1935	2362	33
1453	1935	2926	33
1454	1937	2342	33
1455	1938	2250	30
1456	1945	2193	66
1457	1950	2282	33
1458	1950	2399	30
1459	1951	2161	30
1460	1955	2348	33
1461	1963	2302	33
1462	1964	2372	30
1463	1969	2282	33
1464	1969	2291	33
1465	1969	2504	33
1466	1982	2221	33
1467	1983	2360	66
1468	1985	2224	66
1469	1986	2252	30
1470	1997	2221	40
1471	2008	2481	30
1472	2039	3326	33
1473	2041	2221	33
1474	2046	2719	33
1475	2048	2714	33
1476	2048	2976	33
1477	2049	2719	33
1478	2049	2737	33
1479	2057	2417	33
1480	2057	2439	33
1481	2057	3017	33
1482	2057	3309	66
1483	2069	3364	33
1484	2075	2342	66
1485	2075	2342	66
1486	2075	3371	66
1487	2084	3103	33
1488	2090	2546	33
1489	2090	3138	33
1490	2104	2942	66
1491	2111	2355	33
1492	2114	2798	33
1493	2120	2688	25
1494	2130	3094	66
1495	2135	2679	33
1496	2160	2507	50
1497	2162	3122	33
1498	2162	3123	33
1499	2163	2824	66
1500	2166	3152	33
1501	2168	3165	33
1502	2170	2710	33
1503	2170	2710	66
1504	2173	2730	33
1505	2180	2491	30
1506	2185	2494	66
1507	2185	2495	66
1508	2185	2507	66
1509	2185	2550	66
1510	2195	2926	50
1511	2203	3095	66
1512	2211	3165	33
1513	2220	3120	33
1514	2221	2940	33
1515	2221	2940	33
1516	2221	2943	33
1517	2221	3529	33
1518	2222	3529	33
1519	2223	3122	33
1520	2225	2452	33
1521	2236	2489	33
1522	2236	2723	33
1523	2243	2575	33
1524	2247	2622	66
1525	2255	2936	33
1526	2256	2456	66
1527	2256	2481	66
1528	2266	3091	25
1529	2276	2633	33
1530	2280	2841	66
1531	2282	2841	66
1532	2282	2841	66
1533	2283	2585	66
1534	2292	3093	33
1535	2308	3299	33
1536	2316	2504	33
1537	2316	2504	33
1538	2319	2636	33
1539	2327	2751	33
1540	2328	2855	33
1541	2346	2666	66
1542	2354	2708	33
1543	2354	3320	33
1544	2355	2565	66
1545	2356	3305	33
1546	2371	2730	33
1547	2390	2626	33
1548	2406	2683	33
1549	2410	2692	25
1550	2410	2866	33
1551	2411	2684	33
1552	2426	3053	30
1553	2429	2641	33
1554	2436	2627	33
1555	2443	3586	66
1556	2447	2708	66
1557	2447	3534	66
1558	2448	2695	30
1559	2454	2733	33
1560	2459	2703	30
1561	2462	2702	66
1562	2462	3857	33
1563	2469	3867	33
1564	2470	3071	66
1565	2470	3071	66
1566	2470	3071	66
1567	2471	3511	33
1568	2474	2689	50
1569	2474	2720	66
1570	2476	2931	33
1571	2484	2897	33
1572	2487	3143	33
1573	2488	2931	33
1574	2496	2787	25
1575	2498	3209	66
1576	2502	2785	33
1577	2505	2743	33
1578	2507	2743	33
1579	2507	3600	66
1580	2511	3864	33
1581	2517	3856	33
1582	2517	3856	33
1583	2518	2717	33
1584	2518	2717	33
1585	2518	2851	33
1586	2518	3731	33
1587	2518	3864	33
1588	2522	2882	33
1589	2522	2886	33
1590	2522	2886	33
1591	2522	2886	33
1592	2524	3727	33
1593	2534	2949	66
1594	2571	3538	66
1595	2581	2794	66
1596	2597	2791	66
1597	2597	3210	66
1598	2598	2791	66
1599	2633	2943	30
1600	2638	4024	33
1601	2641	3448	66
1602	2641	3448	66
1603	2644	3449	66
1604	2644	3449	66
1605	2644	3449	66
1606	2650	3448	66
1607	2650	3448	66
1608	2650	3449	66
1609	2650	3449	66
1610	2650	3449	66
1611	2650	3449	66
1612	2651	3448	66
1613	2652	2865	33
1614	2653	3449	66
1615	2655	2849	33
1616	2655	2861	33
1617	2655	2901	33
1618	2655	2901	33
1619	2655	2901	33
1620	2655	2902	33
1621	2656	2938	33
1622	2656	3533	66
1623	2661	2915	33
1624	2661	2988	33
1625	2664	2999	33
1626	2680	3444	66
1627	2680	3444	66
1628	2680	3444	66
1629	2680	3445	66
1630	2682	3445	66
1631	2684	3444	66
1632	2684	3444	66
1633	2684	3444	66
1634	2695	3001	66
1635	2722	2907	25
1636	2742	3672	33
1637	2750	2937	25
1638	2760	3025	66
1639	2761	3067	33
1640	2780	2964	66
1641	2781	2981	33
1642	2787	2969	33
1643	2787	2977	33
1644	2787	2977	33
1645	2787	2977	33
1646	2787	2980	33
1647	2787	2980	33
1648	2788	2975	33
1649	2788	2977	33
1650	2790	2974	33
1651	2790	2974	33
1652	2790	2975	33
1653	2790	2977	33
1654	2790	2979	33
1655	2793	2977	33
1656	2793	2977	33
1657	2793	2977	33
1658	2793	2980	33
1659	2793	2984	33
1660	2796	3145	33
1661	2824	3783	33
1662	2880	3350	50
1663	2880	3352	66
1664	2880	3352	66
1665	2883	3352	66
1666	2889	3153	25
1667	2890	3217	33
1668	2898	3342	33
1669	2900	3368	25
1670	2912	3214	25
1671	2932	3247	33
1672	2937	3340	33
1673	2937	3347	33
1674	2941	3258	66
1675	2941	3481	66
1676	2952	3337	33
1677	2953	3741	25
1678	2954	3741	25
1679	2956	3136	33
1680	2956	3354	66
1681	2956	3354	66
1682	2957	3214	25
1683	2971	3337	33
1684	2977	3211	33
1685	2977	3213	33
1686	2977	3907	33
1687	2980	3479	33
1688	2980	3479	33
1689	2988	3190	33
1690	2988	3783	33
1691	2989	3872	33
1692	2992	3304	30
1693	2997	3187	33
1694	2998	3211	33
1695	2998	3218	66
1696	2998	3857	66
1697	2998	3858	66
1698	2999	3183	33
1699	2999	3187	33
1700	2999	3502	33
1701	3002	3349	66
1702	3002	3349	66
1703	3003	3427	33
1704	3003	3427	33
1705	3003	3427	33
1706	3004	3724	33
1707	3004	3724	33
1708	3004	3847	33
1709	3005	3189	33
1710	3008	3557	33
1711	3008	3623	33
1712	3008	3658	33
1713	3008	3681	33
1714	3008	3733	33
1715	3008	3738	33
1716	3008	3738	33
1717	3008	3780	33
1718	3008	4432	33
1719	3010	3663	33
1720	3010	4021	33
1721	3010	4034	33
1722	3011	3975	33
1723	3039	3857	33
1724	3040	3672	33
1725	3042	3557	33
1726	3042	3780	33
1727	3042	3904	33
1728	3051	3258	33
1729	3064	3358	66
1730	3076	3308	50
1731	3090	3616	33
1732	3090	3793	33
1733	3093	3568	66
1734	3123	3802	33
1735	3125	3309	33
1736	3126	3457	33
1737	3126	3458	33
1738	3126	4261	33
1739	3126	4502	33
1740	3127	3454	33
1741	3133	3325	66
1742	3161	3872	33
1743	3196	3428	50
1744	3196	3428	50
1745	3196	3691	33
1746	3196	3691	33
1747	3198	3510	30
1748	3227	3526	30
1749	3241	3428	66
1750	3244	3774	33
1751	3244	3797	33
1752	3250	3640	33
1753	3250	3718	33
1754	3254	3593	33
1755	3257	3473	50
1756	3261	3602	33
1757	3262	3505	33
1758	3262	3860	33
1759	3278	3571	33
1760	3278	3738	33
1761	3331	3512	33
1762	3335	3541	33
1763	3335	3558	33
1764	3337	4124	33
1765	3344	3550	33
1766	3346	4021	66
1767	3346	4021	66
1768	3357	3774	33
1769	3361	3548	66
1770	3362	3545	66
1771	3397	3648	66
1772	3397	3648	66
1773	3397	3648	66
1774	3403	3607	33
1775	3404	3907	33
1776	3417	3856	33
1777	3420	3626	66
1778	3421	3850	66
1779	3421	3850	66
1780	3425	3658	33
1781	3425	3849	33
1782	3425	3857	33
1783	3426	4812	33
1784	3427	3858	33
1785	3427	3978	40
1786	3428	3658	33
1787	3429	4685	66
1788	3432	4861	33
1789	3440	3688	66
1790	3440	3698	66
1791	3447	4876	33
1792	3453	3857	33
1793	3453	3870	33
1794	3453	3873	33
1795	3453	4034	33
1796	3461	3692	33
1797	3464	3846	33
1798	3465	3738	66
1799	3465	4004	33
1800	3465	4036	33
1801	3467	3661	33
1802	3481	3705	33
1803	3483	3857	33
1804	3486	4219	30
1805	3502	4915	30
1806	3503	3742	33
1807	3513	3906	33
1808	3513	3906	33
1809	3525	3774	25
1810	3537	3858	66
1811	3552	3849	66
1812	3552	4036	66
1813	3607	3820	66
1814	3617	4999	33
1815	3618	4658	33
1816	3651	4045	33
1817	3653	3875	33
1818	3655	3864	66
1819	3665	4866	66
1820	3685	4016	66
1821	3685	4017	66
1822	3685	4017	66
1823	3685	4017	66
1824	3722	3913	66
1825	3727	3908	25
1826	3732	4036	33
1827	3742	5028	33
1828	3770	4034	33
1829	3770	5161	33
1830	3778	4030	33
1831	3790	3979	33
1832	3790	5127	33
1833	3790	5127	33
1834	3821	4436	33
1835	3831	4109	33
1836	3833	4478	33
1837	3843	4690	33
1838	3848	4148	33
1839	3848	4312	66
1840	3848	5067	66
1841	3849	4034	33
1842	3849	4034	33
1843	3850	4109	33
1844	3851	4621	33
1845	3858	4077	66
1846	3865	4175	30
1847	3866	5161	33
1848	3871	4281	33
1849	3872	5127	33
1850	3873	4560	33
1851	3881	4490	33
1852	3881	4490	33
1853	3882	4350	33
1854	3886	4561	33
1855	3886	4679	33
1856	3887	4621	33
1857	3887	4810	33
1858	3903	4281	33
1859	3910	4926	66
1860	3915	4816	33
1861	3917	4137	66
1862	3917	4810	33
1863	3917	4981	33
1864	3924	4291	33
1865	3924	4374	33
1866	3924	4756	33
1867	3925	4315	33
1868	3925	4321	33
1869	3927	4522	33
1870	3928	4522	33
1871	3929	4281	33
1872	3937	5375	33
1873	3961	4477	33
1874	3963	4938	33
1875	3969	4177	25
1876	3970	4179	25
1877	3971	4220	33
1878	3975	4259	33
1879	3975	4623	33
1880	3976	4251	66
1881	3990	4552	33
1882	3996	4747	33
1883	3996	4887	66
1884	4004	4806	33
1885	4004	5443	33
1886	4010	4502	33
1887	4010	5449	33
1888	4010	5449	33
1889	4010	5449	33
1890	4010	5449	33
1891	4010	5449	33
1892	4010	5449	33
1893	4010	5449	33
1894	4028	5375	33
1895	4031	5449	33
1896	4033	4541	33
1897	4038	4344	33
1898	4039	4321	33
1899	4044	5045	33
1900	4045	4336	33
1901	4046	4322	33
1902	4070	4462	33
1903	4070	4486	33
1904	4072	4382	30
1905	4090	4273	33
1906	4090	4687	33
1907	4090	5488	33
1908	4090	5488	33
1909	4090	5488	33
1910	4092	4291	33
1911	4092	5488	33
1912	4092	5488	33
1913	4092	5488	33
1914	4092	5488	33
1915	4095	4331	33
1916	4095	5434	66
1917	4095	5519	33
1918	4095	5519	33
1919	4095	5519	33
1920	4095	5519	33
1921	4096	5121	66
1922	4121	4439	33
1923	4135	5059	33
1924	4142	5057	33
1925	4148	4337	66
1926	4148	4433	50
1927	4149	4456	30
1928	4161	4371	25
1929	4183	4542	30
1930	4195	4634	66
1931	4195	4634	66
1932	4209	5034	66
1933	4215	4620	66
1934	4221	4531	30
1935	4226	4479	66
1936	4226	4479	66
1937	4226	4485	66
1938	4232	5066	66
1939	4232	5327	33
1940	4236	4455	33
1941	4249	5127	33
1942	4249	5127	33
1943	4249	5282	33
1944	4249	5282	33
1945	4249	5298	33
1946	4253	4502	33
1947	4253	4503	33
1948	4253	5041	33
1949	4253	5048	33
1950	4254	4560	30
1951	4256	4459	33
1952	4256	5127	33
1953	4256	5127	33
1954	4256	5132	33
1955	4259	4831	33
1956	4262	4742	33
1957	4262	4749	33
1958	4264	4493	66
1959	4268	4634	66
1960	4276	4634	33
1961	4297	5250	33
1962	4297	5311	33
1963	4302	4756	33
1964	4302	4756	33
1965	4322	4803	33
1966	4332	4638	33
1967	4344	4672	66
1968	4381	4773	66
1969	4381	4774	66
1970	4381	4774	66
1971	4381	4774	66
1972	4381	4774	66
1973	4385	4597	25
1974	4390	4570	33
1975	4391	4598	33
1976	4391	4776	33
1977	4394	4776	33
1978	4402	5834	33
1979	4402	5834	33
1980	4403	4879	66
1981	4435	4776	33
1982	4441	4776	33
1983	4460	4683	33
1984	4460	4816	33
1985	4462	4770	30
1986	4471	4784	33
1987	4471	4784	33
1988	4475	5759	33
1989	4475	5759	33
1990	4483	4757	33
1991	4483	4775	33
1992	4486	4829	66
1993	4488	4756	33
1994	4489	5522	33
1995	4501	4688	66
1996	4501	5014	25
1997	4537	4812	33
1998	4538	4818	33
1999	4541	4898	33
2000	4545	5223	33
2001	4545	5315	33
2002	4545	5331	33
2003	4546	5120	66
2004	4546	5120	66
2005	4562	5995	66
2006	4564	5624	33
2007	4577	5472	66
2008	4626	5101	33
2009	4675	4946	66
2010	4680	5206	33
2011	4680	5206	33
2012	4680	5206	33
2013	4680	5206	33
2014	4683	5076	66
2015	4686	5284	33
2016	4697	5871	66
2017	4713	5767	33
2018	4721	5127	33
2019	4728	5028	66
2020	4730	5098	33
2021	4733	5040	30
2022	4736	5453	33
2023	4745	5943	33
2024	4745	5943	33
2025	4747	5966	33
2026	4749	5943	33
2027	4750	4936	33
2028	4750	5242	33
2029	4796	4986	66
2030	4796	4986	66
2031	4822	6197	33
2032	4841	5250	33
2033	4841	5250	33
2034	4841	5311	33
2035	4841	5311	33
2036	4847	6160	33
2037	4865	5169	50
2038	4870	5177	30
2039	4904	5388	33
2040	4904	5388	33
2041	4904	5388	33
2042	4907	5388	33
2043	4914	5158	33
2044	4914	5158	33
2045	4914	5158	33
2046	4914	5169	50
2047	4928	6188	66
2048	4936	5278	25
2049	4942	6229	33
2050	4987	5172	66
2051	5040	5993	33
2052	5042	6183	30
2053	5043	6221	33
2054	5044	6304	66
2055	5044	6304	66
2056	5048	5934	33
2057	5050	5734	33
2058	5054	5355	33
2059	5068	6342	33
2060	5078	5321	33
2061	5079	5570	30
2062	5080	5706	30
2063	5087	5339	66
2064	5087	5339	66
2065	5088	5340	66
2066	5090	5339	66
2067	5090	5339	66
2068	5098	5339	66
2069	5098	5339	66
2070	5099	5340	66
2071	5099	5340	66
2072	5099	5340	66
2073	5100	5339	66
2074	5100	5339	66
2075	5103	5340	66
2076	5103	5340	66
2077	5103	5340	66
2078	5103	5340	66
2079	5103	5340	66
2080	5103	5340	66
2081	5103	6185	66
2082	5116	5510	33
2083	5119	5340	66
2084	5119	5340	66
2085	5119	5340	66
2086	5119	5340	66
2087	5119	5340	66
2088	5125	6107	33
2089	5127	5391	66
2090	5127	5391	66
2091	5127	5392	66
2092	5133	5334	66
2093	5133	5334	66
2094	5133	5334	66
2095	5135	5333	66
2096	5135	5333	66
2097	5135	5333	66
2098	5136	5334	66
2099	5136	5334	66
2100	5136	5334	66
2101	5136	5334	66
2102	5136	5334	66
2103	5136	5334	66
2104	5146	5334	66
2105	5147	5334	66
2106	5147	5334	66
2107	5148	5334	66
2108	5148	5334	66
2109	5148	5334	66
2110	5148	5334	66
2111	5148	5334	66
2112	5161	6038	66
2113	5174	5476	30
2114	5178	5384	33
2115	5189	5398	33
2116	5204	5417	33
2117	5222	5442	66
2118	5227	5469	33
2119	5229	5469	33
2120	5235	5461	33
2121	5238	5427	66
2122	5278	5488	66
2123	5282	5489	66
2124	5284	5471	33
2125	5296	5998	66
2126	5296	5999	66
2127	5297	5998	66
2128	5297	5998	66
2129	5297	5999	66
2130	5299	5649	33
2131	5299	5841	33
2132	5299	5841	33
2133	5300	5955	33
2134	5300	5955	33
2135	5302	5881	33
2136	5303	5529	33
2137	5303	6197	33
2138	5303	6361	33
2139	5304	5968	33
2140	5304	5968	33
2141	5304	6287	66
2142	5304	6369	33
2143	5305	5646	33
2144	5305	5887	33
2145	5305	5983	33
2146	5305	6008	33
2147	5305	6301	33
2148	5305	6380	33
2149	5315	5654	66
2150	5349	6472	33
2151	5350	6628	33
2152	5353	6364	33
2153	5354	6229	33
2154	5367	5873	33
2155	5383	5886	33
2156	5385	5905	33
2157	5387	6338	33
2158	5390	5910	33
2159	5395	5884	33
2160	5395	5988	33
2161	5395	6406	33
2162	5401	5648	66
2163	5409	5752	33
2164	5427	5884	33
2165	5430	5743	33
2166	5430	5743	33
2167	5436	5745	30
2168	5440	6288	30
2169	5444	5914	33
2170	5446	5821	33
2171	5452	6402	33
2172	5452	6402	33
2173	5464	6255	33
2174	5470	6329	66
2175	5487	6255	33
2176	5501	6539	66
2177	5502	6365	66
2178	5506	5755	33
2179	5514	6249	33
2180	5514	6606	33
2181	5515	5704	33
2182	5515	5994	33
2183	5515	6013	33
2184	5515	6129	33
2185	5516	5761	33
2186	5516	5763	33
2187	5516	5767	33
2188	5516	5947	33
2189	5516	6393	33
2190	5516	6437	33
2191	5516	6437	33
2192	5516	6723	33
2193	5516	6733	33
2194	5516	6845	33
2195	5516	6922	33
2196	5516	6922	33
2197	5516	6922	33
2198	5519	5762	33
2199	5519	5762	33
2200	5519	6956	33
2201	5519	6956	33
2202	5520	5718	33
2203	5520	5771	33
2204	5520	5777	33
2205	5520	5777	33
2206	5520	5946	33
2207	5520	6187	33
2208	5520	6221	33
2209	5520	6249	33
2210	5520	6393	33
2211	5520	6437	33
2212	5520	6731	33
2213	5520	6922	33
2214	5520	6922	33
2215	5520	6922	33
2216	5520	6922	33
2217	5520	6922	33
2218	5520	6956	33
2219	5520	6956	33
2220	5520	6956	33
2221	5520	6956	33
2222	5520	6956	33
2223	5520	6956	33
2224	5520	6956	33
2225	5520	6956	33
2226	5520	6956	33
2227	5520	6956	33
2228	5520	6956	33
2229	5520	6956	33
2230	5520	6956	33
2231	5520	6956	33
2232	5520	6956	33
2233	5520	6956	33
2234	5520	6956	33
2235	5520	6956	33
2236	5520	6956	33
2237	5520	6956	33
2238	5520	6956	33
2239	5520	6956	33
2240	5520	6956	33
2241	5520	6956	33
2242	5520	6956	33
2243	5520	6956	33
2244	5520	6957	33
2245	5520	6957	33
2246	5520	6957	33
2247	5520	6957	33
2248	5520	6957	33
2249	5520	6957	33
2250	5520	6957	33
2251	5520	6957	33
2252	5520	6957	33
2253	5520	6957	33
2254	5520	6957	33
2255	5520	6957	33
2256	5520	6957	33
2257	5520	6957	33
2258	5529	6956	33
2259	5537	5767	66
2260	5552	5802	33
2261	5552	5802	33
2262	5553	5802	33
2263	5553	5802	33
2264	5553	5802	33
2265	5553	5802	33
2266	5553	5802	33
2267	5553	5802	33
2268	5553	5802	33
2269	5553	5802	33
2270	5553	5802	33
2271	5553	5802	33
2272	5553	5802	33
2273	5554	5763	33
2274	5554	5802	33
2275	5554	5802	33
2276	5554	5802	33
2277	5554	5802	33
2278	5554	5802	33
2279	5554	5802	33
2280	5554	5802	33
2281	5554	5802	33
2282	5554	5802	33
2283	5554	5802	33
2284	5554	5802	33
2285	5554	5802	33
2286	5554	5802	33
2287	5554	5802	33
2288	5554	5802	33
2289	5554	5802	33
2290	5554	5802	33
2291	5554	5802	33
2292	5554	5802	33
2293	5554	5802	33
2294	5554	5802	33
2295	5554	5802	33
2296	5554	5802	33
2297	5554	5802	33
2298	5554	5802	33
2299	5554	5802	33
2300	5554	5802	33
2301	5554	5802	33
2302	5554	5802	33
2303	5554	5802	33
2304	5554	5802	33
2305	5554	5802	33
2306	5554	5802	33
2307	5554	5802	33
2308	5554	5802	33
2309	5555	5802	33
2310	5555	5802	33
2311	5555	5802	33
2312	5555	5802	33
2313	5555	5802	33
2314	5555	5802	33
2315	5555	5802	33
2316	5555	5802	33
2317	5555	5804	33
2318	5555	5804	33
2319	5556	5802	33
2320	5556	5802	33
2321	5556	5804	33
2322	5556	5804	33
2323	5557	5804	33
2324	5557	5804	33
2325	5557	5804	33
2326	5557	5804	33
2327	5558	5802	33
2328	5558	5802	33
2329	5558	5802	33
2330	5558	5802	33
2331	5558	5802	33
2332	5558	5802	33
2333	5558	5802	33
2334	5558	5802	33
2335	5558	5802	33
2336	5558	5802	33
2337	5558	5802	33
2338	5558	5802	33
2339	5558	5802	33
2340	5558	5804	33
2341	5558	5804	33
2342	5558	5804	33
2343	5559	5802	33
2344	5559	5802	33
2345	5559	5802	33
2346	5559	5802	33
2347	5559	5802	33
2348	5559	5802	33
2349	5559	5802	33
2350	5559	5802	33
2351	5559	5802	33
2352	5559	5802	33
2353	5559	5802	33
2354	5559	5802	33
2355	5559	5804	33
2356	5559	5804	33
2357	5559	5804	33
2358	5559	5804	33
2359	5559	5805	33
2360	5559	5805	33
2361	5559	5805	33
2362	5562	5802	33
2363	5562	5802	33
2364	5562	5802	33
2365	5563	5802	33
2366	5563	5802	33
2367	5563	5802	33
2368	5563	5802	33
2369	5563	5802	33
2370	5563	5802	33
2371	5563	5802	33
2372	5563	5802	33
2373	5563	5802	33
2374	5563	5802	33
2375	5566	5802	33
2376	5566	5802	33
2377	5581	5802	33
2378	5582	5802	33
2379	5582	5802	33
2380	5582	5802	33
2381	5582	5802	33
2382	5582	5802	33
2383	5583	5802	33
2384	5583	5802	33
2385	5583	5802	33
2386	5583	5802	33
2387	5584	5802	33
2388	5584	5802	33
2389	5584	6347	33
2390	5590	5802	33
2391	5590	5802	33
2392	5590	5802	33
2393	5594	5801	66
2394	5594	5801	66
2395	5594	5801	66
2396	5594	5801	66
2397	5594	5801	66
2398	5594	5801	66
2399	5594	5801	66
2400	5594	5801	66
2401	5594	5801	66
2402	5594	5801	66
2403	5594	5801	66
2404	5594	5801	66
2405	5595	5801	66
2406	5595	5801	66
2407	5600	5801	66
2408	5600	5801	66
2409	5603	5802	33
2410	5603	5802	33
2411	5603	5802	33
2412	5603	5802	33
2413	5603	5802	33
2414	5603	5802	33
2415	5603	5802	33
2416	5603	5802	33
2417	5607	5832	33
2418	5608	5801	66
2419	5608	5801	66
2420	5611	5802	66
2421	5611	5802	66
2422	5611	5802	66
2423	5612	5802	33
2424	5612	5802	33
2425	5612	5802	33
2426	5612	5802	33
2427	5612	5802	33
2428	5613	5802	33
2429	5616	5801	66
2430	5616	5801	66
2431	5618	5801	66
2432	5618	5801	66
2433	5686	6076	33
2434	5693	6040	33
2435	5701	6073	33
2436	5706	5915	66
2437	5719	6031	30
2438	5721	6934	33
2439	5731	5989	33
2440	5731	6475	66
2441	5731	6475	66
2442	5731	6475	66
2443	5732	6476	66
2444	5732	6476	66
2445	5734	7106	30
2446	5736	6476	66
2447	5736	6476	66
2448	5736	6476	66
2449	5742	6475	66
2450	5742	6475	66
2451	5743	6476	66
2452	5743	6476	66
2453	5744	6475	66
2454	5744	6475	66
2455	5744	6475	66
2456	5744	6475	66
2457	5751	6062	30
2458	5757	6326	33
2459	5766	6150	33
2460	5772	6366	33
2461	5777	6476	66
2462	5777	6476	66
2463	5777	6476	66
2464	5788	6074	33
2465	5796	6107	30
2466	5807	5998	66
2467	5870	6153	33
2468	5870	6156	33
2469	5876	6872	33
2470	5881	6210	33
2471	5881	6210	33
2472	5881	6210	33
2473	5881	6210	33
2474	5881	6406	33
2475	5883	7151	33
2476	5884	6221	33
2477	5884	6279	66
2478	5884	6596	33
2479	5884	6604	33
2480	5886	6279	66
2481	5886	6279	66
2482	5886	6279	66
2483	5886	6279	66
2484	5886	6279	66
2485	5886	6279	66
2486	5886	6279	66
2487	5886	6279	66
2488	5886	6279	66
2489	5886	6280	66
2490	5886	6280	66
2491	5886	6409	33
2492	5886	6655	33
2493	5888	6279	66
2494	5889	6280	66
2495	5889	6280	66
2496	5889	6280	66
2497	5889	6731	33
2498	5895	6316	33
2499	5895	6542	33
2500	5895	6545	33
2501	5895	6851	33
2502	5896	7175	33
2503	5896	7175	33
2504	5896	7175	33
2505	5896	7332	33
2506	5897	6976	33
2507	5898	6280	66
2508	5898	6280	66
2509	5899	6280	66
2510	5899	6280	66
2511	5900	6279	66
2512	5900	6279	66
2513	5901	6727	33
2514	5901	6922	33
2515	5911	6278	66
2516	5911	6278	66
2517	5911	6278	66
2518	5911	6278	66
2519	5911	6278	66
2520	5911	6278	66
2521	5911	6278	66
2522	5912	6279	66
2523	5912	6279	66
2524	5913	6278	66
2525	5914	6279	66
2526	5914	6279	66
2527	5914	6279	66
2528	5919	6278	66
2529	5919	6278	66
2530	5919	6278	66
2531	5919	6278	66
2532	5919	6278	66
2533	5920	6228	30
2534	5925	6278	66
2535	5925	6278	66
2536	5925	6480	33
2537	5926	6278	66
2538	5926	6278	66
2539	5926	6773	33
2540	5930	6278	66
2541	5930	6278	66
2542	5930	6278	66
2543	5930	6278	66
2544	5932	6278	66
2545	5932	6278	66
2546	5933	6279	66
2547	5933	6279	66
2548	5933	6279	66
2549	5933	6279	66
2550	5933	6279	66
2551	5933	6279	66
2552	5933	6279	66
2553	5933	6279	66
2554	5933	6279	66
2555	5935	6280	66
2556	5935	6280	66
2557	5935	6280	66
2558	5936	6124	66
2559	5941	6131	66
2560	5946	7047	50
2561	5947	6631	50
2562	5948	6792	50
2563	5978	6872	33
2564	5988	6257	66
2565	5994	6549	33
2566	6001	6438	25
2567	6001	6676	66
2568	6004	6262	33
2569	6013	6562	66
2570	6013	6565	66
2571	6016	7386	66
2572	6016	7386	66
2573	6016	7435	66
2574	6017	6519	25
2575	6030	6620	25
2576	6032	6238	66
2577	6050	6872	33
2578	6058	6278	33
2579	6061	6325	66
2580	6067	6360	30
2581	6080	6382	66
2582	6112	6423	30
2583	6116	6505	66
2584	6121	7501	50
2585	6122	7204	33
2586	6132	6490	33
2587	6134	6444	33
2588	6134	6449	33
2589	6181	6768	33
2590	6187	6540	33
2591	6214	6421	50
2592	6216	6486	33
2593	6217	6871	33
2594	6236	6541	30
2595	6250	6580	66
2596	6252	6557	30
2597	6256	6438	25
2598	6266	6621	33
2599	6274	7569	33
2600	6291	7072	33
2601	6296	6634	33
2602	6296	6634	33
2603	6300	6510	66
2604	6300	6548	66
2605	6300	6548	66
2606	6303	6670	33
2607	6303	6671	33
2608	6315	7044	33
2609	6327	6562	33
2610	6327	6845	33
2611	6327	6972	33
2612	6327	7236	33
2613	6330	6584	33
2614	6330	6827	33
2615	6331	6845	33
2616	6331	6857	33
2617	6331	7352	33
2618	6333	6732	33
2619	6336	6962	33
2620	6344	6799	33
2621	6351	6608	33
2622	6351	6910	33
2623	6352	7791	33
2624	6352	7791	33
2625	6352	7791	33
2626	6352	7791	33
2627	6352	7791	33
2628	6352	7791	33
2629	6353	7791	33
2630	6353	7791	33
2631	6353	7791	33
2632	6353	7791	33
2633	6353	7791	33
2634	6353	7791	33
2635	6353	7791	33
2636	6353	7791	33
2637	6353	7791	33
2638	6353	7791	33
2639	6353	7791	33
2640	6356	7794	33
2641	6363	6799	33
2642	6365	7038	66
2643	6365	7040	66
2644	6365	7040	66
2645	6367	7349	33
2646	6368	6675	30
2647	6368	6676	30
2648	6375	7261	33
2649	6382	6690	30
2650	6390	7284	33
2651	6402	6649	66
2652	6402	6651	66
2653	6412	7349	33
2654	6434	6725	33
2655	6437	6922	33
2656	6437	6944	33
2657	6441	6911	33
2658	6441	6916	33
2659	6441	6916	33
2660	6441	6922	33
2661	6441	6922	33
2662	6441	6922	33
2663	6441	7136	33
2664	6441	7158	33
2665	6441	7158	33
2666	6441	7177	33
2667	6442	6924	33
2668	6442	7395	33
2669	6443	6922	33
2670	6443	6922	33
2671	6443	6922	33
2672	6443	6922	33
2673	6443	6922	33
2674	6443	6969	33
2675	6443	7882	33
2676	6443	7882	33
2677	6443	7882	33
2678	6443	7882	33
2679	6443	7882	33
2680	6443	7882	33
2681	6444	6703	33
2682	6445	6772	33
2683	6445	7882	33
2684	6445	7882	33
2685	6445	7882	33
2686	6446	6845	33
2687	6446	6867	33
2688	6446	7177	33
2689	6446	7882	33
2690	6446	7882	33
2691	6446	7882	33
2692	6446	7882	33
2693	6446	7882	33
2694	6446	7882	33
2695	6446	7882	33
2696	6446	7882	33
2697	6446	7882	33
2698	6446	7884	33
2699	6447	7882	33
2700	6447	7882	33
2701	6457	6939	33
2702	6476	6918	33
2703	6476	6922	33
2704	6477	6924	33
2705	6477	6924	33
2706	6481	6682	33
2707	6481	6740	33
2708	6481	6916	33
2709	6481	6916	33
2710	6481	6916	33
2711	6481	6916	33
2712	6481	6922	33
2713	6481	6922	33
2714	6481	6922	33
2715	6481	6922	33
2716	6481	6922	33
2717	6481	6922	33
2718	6481	6922	33
2719	6481	6924	33
2720	6484	6784	33
2721	6484	6972	33
2722	6484	7145	66
2723	6485	6802	33
2724	6485	6929	33
2725	6485	6932	33
2726	6485	6934	33
2727	6487	6734	50
2728	6487	6924	33
2729	6508	6802	33
2730	6511	6757	66
2731	6511	6757	66
2732	6516	7231	50
2733	6541	7380	66
2734	6542	7442	25
2735	6543	6845	33
2736	6546	7237	33
2737	6546	7237	33
2738	6552	7311	66
2739	6554	6746	33
2740	6554	6762	33
2741	6554	6840	33
2742	6568	6787	33
2743	6575	6769	66
2744	6600	6940	66
2745	6610	6811	33
2746	6638	7747	33
2747	6639	6924	66
2748	6639	6982	66
2749	6640	6953	33
2750	6646	6841	33
2751	6653	6967	66
2752	6655	6967	66
2753	6656	6853	66
2754	6656	6854	66
2755	6658	6968	66
2756	6658	6968	66
2757	6666	6968	66
2758	6666	6983	66
2759	6666	7411	66
2760	6667	6967	66
2761	6667	6967	66
2762	6667	6982	66
2763	6668	6967	66
2764	6668	6968	66
2765	6668	6982	66
2766	6668	6982	66
2767	6679	6982	66
2768	6688	6983	66
2769	6693	6982	66
2770	6693	6982	66
2771	6694	6983	66
2772	6694	6983	66
2773	6696	7005	30
2774	6697	6983	66
2775	6703	7215	33
2776	6710	6961	33
2777	6711	6934	33
2778	6712	6982	66
2779	6713	6931	33
2780	6718	6983	66
2781	6718	6983	66
2782	6718	7322	50
2783	6724	6965	66
2784	6724	6965	66
2785	6724	6965	66
2786	6726	6965	66
2787	6726	6965	66
2788	6726	6965	66
2789	6728	6965	66
2790	6731	6965	66
2791	6731	6965	66
2792	6731	7174	33
2793	6734	6985	66
2794	6740	6983	66
2795	6741	6965	66
2796	6741	7084	33
2797	6743	6969	33
2798	6743	6970	33
2799	6743	7053	30
2800	6743	7091	33
2801	6744	6964	66
2802	6744	6964	66
2803	6744	6964	66
2804	6746	7826	66
2805	6749	6961	33
2806	6749	7175	33
2807	6749	7686	33
2808	6749	7922	33
2809	6751	7481	66
2810	6755	6965	66
2811	6755	6965	66
2812	6755	6965	66
2813	6758	7410	33
2814	6765	6985	66
2815	6765	6985	66
2816	6766	6985	66
2817	6767	6986	66
2818	6770	6969	33
2819	6773	7481	66
2820	6776	6986	66
2821	6779	7324	50
2822	6781	6985	66
2823	6781	6985	66
2824	6781	6985	66
2825	6782	6985	66
2826	6782	6985	66
2827	6786	7730	66
2828	6790	7672	33
2829	6799	7564	33
2830	6804	7110	30
2831	6812	7015	66
2832	6855	7364	50
2833	6856	7174	33
2834	6857	7111	50
2835	6857	7135	33
2836	6857	7527	66
2837	6857	7554	66
2838	6857	7554	66
2839	6871	7476	66
2840	6879	7219	33
2841	6882	7466	33
2842	6890	7708	66
2843	6890	7708	66
2844	6890	7708	66
2845	6890	7708	66
2846	6907	7090	66
2847	6913	7321	33
2848	6916	7930	33
2849	6931	7210	66
2850	6961	7141	66
2851	6961	7195	66
2852	6961	7195	66
2853	6962	7149	33
2854	6965	7288	30
2855	6966	7332	66
2856	6969	7155	33
2857	6973	7312	66
2858	6979	7898	33
2859	6980	7173	25
2860	6991	7247	66
2861	7010	7254	66
2862	7012	7327	30
2863	7035	7272	66
2864	7036	7217	66
2865	7036	7261	66
2866	7047	7477	66
2867	7051	7265	66
2868	7056	7375	30
2869	7056	7510	66
2870	7070	7707	50
2871	7103	7513	33
2872	7111	7352	33
2873	7111	7515	33
2874	7112	7346	33
2875	7114	7342	33
2876	7114	7574	33
2877	7118	7522	33
2878	7136	7344	66
2879	7141	7711	33
2880	7142	7522	33
2881	7155	7572	66
2882	7158	7882	33
2883	7158	7884	33
2884	7158	7930	33
2885	7159	7342	33
2886	7159	7342	33
2887	7159	7352	33
2888	7159	7574	33
2889	7163	7346	33
2890	7163	7352	33
2891	7175	7407	33
2892	7175	7486	30
2893	7222	7408	33
2894	7231	7584	33
2895	7236	7548	30
2896	7236	7849	25
2897	7242	7504	33
2898	7254	7770	33
2899	7258	7443	25
2900	7273	7488	33
2901	7276	7514	33
2902	7280	7770	33
2903	7309	7571	33
2904	7316	8059	33
2905	7322	8580	66
2906	7322	8580	66
2907	7322	8581	66
2908	7323	7607	33
2909	7323	7770	33
2910	7332	7793	33
2911	7336	7520	33
2912	7340	8206	66
2913	7357	7552	66
2914	7357	8369	33
2915	7368	7554	33
2916	7376	7956	33
2917	7381	7592	25
2918	7381	7593	66
2919	7381	7680	30
2920	7381	7794	25
2921	7386	8124	33
2922	7386	8138	33
2923	7386	8170	33
2924	7397	8226	66
2925	7405	7710	30
2926	7418	7727	30
2927	7440	7794	25
2928	7440	7794	25
2929	7441	7794	25
2930	7447	8527	33
2931	7449	7659	25
2932	7461	7771	30
2933	7490	7738	33
2934	7497	7905	66
2935	7502	8580	66
2936	7511	7724	33
2937	7524	7956	33
2938	7535	7908	66
2939	7538	7895	30
2940	7539	8060	25
2941	7552	7846	33
2942	7562	7835	66
2943	7562	8059	25
2944	7578	8991	33
2945	7581	8060	50
2946	7590	7908	66
2947	7593	8059	25
2948	7610	8415	33
2949	7614	7920	30
2950	7618	8966	33
2951	7620	7823	66
2952	7620	7823	66
2953	7621	8251	25
2954	7632	8135	33
2955	7636	8227	66
2956	7637	8786	25
2957	7655	7949	33
2958	7658	7952	33
2959	7658	8046	33
2960	7658	8092	33
2961	7660	8335	33
2962	7667	9100	33
2963	7672	8160	33
2964	7673	7972	66
2965	7681	7868	66
2966	7689	7897	33
2967	7693	7893	33
2968	7693	7893	33
2969	7693	7908	33
2970	7713	8237	66
2971	7716	8031	30
2972	7736	8065	50
2973	7740	8034	50
2974	7753	8480	30
2975	7756	8566	33
2976	7758	9195	33
2977	7771	8160	66
2978	7774	8317	30
2979	7776	8317	30
2980	7776	8317	30
2981	7803	8717	25
2982	7811	8498	33
2983	7812	8572	33
2984	7812	8598	33
2985	7815	8060	25
2986	7816	8218	33
2987	7818	8060	25
2988	7832	9121	33
2989	7833	8783	33
2990	7836	8385	33
2991	7847	8157	66
2992	7854	8642	66
2993	7860	8162	30
2994	7861	8060	66
2995	7861	8581	50
2996	7862	8702	50
2997	7865	8085	66
2998	7865	8944	33
2999	7866	8175	30
3000	7877	8849	33
3001	7901	8103	33
3002	7921	8194	33
3003	7921	8386	66
3004	7921	8387	66
3005	7921	8757	33
3006	7922	8386	66
3007	7922	8386	66
3008	7922	8386	66
3009	7926	9199	33
3010	7927	8706	25
3011	7937	8176	33
3012	7959	8339	33
3013	7969	8194	33
3014	7969	8208	33
3015	7973	8262	33
3016	7976	8606	33
3017	7977	8214	25
3018	7981	8701	25
3019	7982	8235	66
3020	7982	8235	66
3021	7984	8525	66
3022	7991	8279	33
3023	7991	8521	33
3024	7993	8483	33
3025	7996	8551	30
3026	7998	8607	33
3027	8009	9199	33
3028	8029	8347	66
3029	8035	8341	30
3030	8040	8927	66
3031	8043	8427	66
3032	8045	8354	66
3033	8046	9149	33
3034	8048	8964	33
3035	8048	8964	33
3036	8049	9030	33
3037	8052	8389	33
3038	8057	8252	66
3039	8057	8427	66
3040	8071	9095	33
3041	8072	8777	33
3042	8078	8437	33
3043	8085	8714	66
3044	8097	8359	33
3045	8097	8359	33
3046	8102	8310	33
3047	8106	8846	66
3048	8127	8731	33
3049	8131	8427	66
3050	8131	8639	33
3051	8159	8702	33
3052	8161	8427	66
3053	8165	8379	33
3054	8176	8676	25
3055	8186	9538	33
3056	8189	8815	33
3057	8191	8890	66
3058	8204	8448	33
3059	8221	8488	33
3060	8221	8488	33
3061	8236	8464	33
3062	8241	9402	33
3063	8243	9365	66
3064	8251	8734	33
3065	8252	8830	66
3066	8252	8831	66
3067	8266	8941	30
3068	8272	8671	66
3069	8277	9416	66
3070	8278	8980	33
3071	8288	9470	33
3072	8291	9190	33
3073	8294	9502	25
3074	8294	9502	50
3075	8296	8645	33
3076	8296	8772	66
3077	8297	8511	33
3078	8297	8545	66
3079	8303	8549	30
3080	8303	8755	33
3081	8316	8563	66
3082	8317	8844	33
3083	8319	9621	66
3084	8319	9621	66
3085	8322	8505	25
3086	8333	8523	25
3087	8348	8656	30
3088	8388	8766	66
3089	8394	8980	33
3090	8412	8980	33
3091	8417	8803	66
3092	8418	8783	66
3093	8419	8766	66
3094	8426	8638	66
3095	8461	8766	66
3096	8485	8760	33
3097	8492	8760	33
3098	8494	9545	33
3099	8499	9758	66
3100	8509	8944	33
3101	8509	8979	66
3102	8509	9125	25
3103	8513	9443	66
3104	8516	8750	33
3105	8516	8750	33
3106	8516	8750	33
3107	8516	8948	33
3108	8516	8952	33
3109	8516	8958	33
3110	8516	8963	33
3111	8516	8963	33
3112	8517	8769	33
3113	8517	8958	33
3114	8517	8963	33
3115	8517	8963	33
3116	8517	8975	33
3117	8517	8985	33
3118	8517	8985	33
3119	8517	9589	33
3120	8518	8769	33
3121	8521	8769	33
3122	8521	8769	33
3123	8521	8952	33
3124	8522	8750	33
3125	8522	8769	33
3126	8522	8952	33
3127	8522	8985	33
3128	8527	8944	33
3129	8527	8963	33
3130	8527	9618	33
3131	8528	8769	33
3132	8528	9556	33
3133	8530	8973	33
3134	8532	8717	33
3135	8574	9704	66
3136	8575	8958	33
3137	8576	8797	66
3138	8576	9064	33
3139	8577	8784	25
3140	8601	9621	33
3141	8606	9903	33
3142	8611	9341	33
3143	8611	9343	33
3144	8611	9348	33
3145	8626	9126	25
3146	8630	8825	66
3147	8630	8825	66
3148	8630	8826	66
3149	8637	9482	40
3150	8646	8940	66
3151	8646	9341	33
3152	8650	8866	33
3153	8653	9033	33
3154	8657	8944	66
3155	8673	9661	33
3156	8675	9704	66
3157	8694	9080	66
3158	8713	9502	25
3159	8727	9034	25
3160	8733	9076	66
3161	8754	8943	33
3162	8754	9215	33
3163	8755	9203	33
3164	8762	10021	66
3165	8763	9162	66
3166	8766	9069	33
3167	8775	8956	33
3168	8791	9174	33
3169	8792	9178	66
3170	8821	10168	66
3171	8831	9735	30
3172	8855	9128	25
3173	8863	9396	33
3174	8881	9365	25
3175	8882	10318	66
3176	8902	9210	30
3177	8947	9229	66
3178	8956	9449	33
3179	8958	9209	33
3180	8958	9449	33
3181	8970	9449	33
3182	8973	9373	33
3183	8978	9190	50
3184	8994	10141	33
3185	9024	9939	66
3186	9056	9280	33
3187	9065	9389	66
3188	9116	10097	33
3189	9139	9557	33
3190	9157	9590	30
3191	9157	10094	33
3192	9158	9348	66
3193	9182	9495	30
3194	9191	10111	33
3195	9197	9396	66
3196	9197	9420	66
3197	9205	9775	33
3198	9213	9454	66
3199	9215	9765	33
3200	9221	9554	33
3201	9221	9563	33
3202	9221	9563	33
3203	9222	9554	33
3204	9222	9554	33
3205	9222	9554	33
3206	9222	9558	33
3207	9222	9560	33
3208	9222	9560	33
3209	9222	9563	33
3210	9222	9563	33
3211	9223	9554	33
3212	9223	9558	33
3213	9223	9558	33
3214	9223	9560	33
3215	9228	9408	33
3216	9228	9419	33
3217	9228	9432	33
3218	9229	9419	33
3219	9229	9419	33
3220	9229	9419	33
3221	9229	9432	33
3222	9229	9432	33
3223	9229	9544	33
3224	9230	9419	33
3225	9235	9471	50
3226	9241	9909	33
3227	9243	10156	33
3228	9243	10156	33
3229	9246	9926	33
3230	9246	9931	33
3231	9256	9438	25
3232	9257	9936	33
3233	9260	9990	33
3234	9272	9568	66
3235	9284	9518	33
3236	9301	9601	66
3237	9304	9617	30
3238	9328	9632	30
3239	9335	9515	66
3240	9335	9618	33
3241	9341	10112	33
3242	9353	9660	30
3243	9363	10103	25
3244	9364	9876	33
3245	9376	9685	33
3246	9390	10706	30
3247	9391	10142	30
3248	9392	9633	33
3249	9398	9603	66
3250	9401	9865	33
3251	9408	9731	66
3252	9424	9904	66
3253	9431	9756	33
3254	9431	9756	33
3255	9433	9924	33
3256	9433	10388	33
3257	9434	9847	33
3258	9435	10664	33
3259	9440	10040	33
3260	9445	9751	30
3261	9453	10141	33
3262	9481	10711	66
3263	9482	9786	33
3264	9482	9796	33
3265	9488	9708	50
3266	9489	9670	33
3267	9496	9684	25
3268	9496	9708	50
3269	9497	10071	33
3270	9508	10432	33
3271	9520	9808	66
3272	9523	9716	33
3273	9526	9812	33
3274	9527	10236	33
3275	9531	10351	30
3276	9536	9824	66
3277	9539	9841	30
3278	9539	10142	50
3279	9541	9907	66
3280	9545	9827	66
3281	9554	9907	66
3282	9561	9871	30
3283	9569	9838	66
3284	9572	9775	33
3285	9574	9851	66
3286	9576	9848	66
3287	9576	9852	66
3288	9576	9854	66
3289	9577	9767	66
3290	9585	9798	50
3291	9592	10035	66
3292	9598	9944	30
3293	9600	10130	33
3294	9605	10850	30
3295	9642	9845	33
3296	9643	9948	30
3297	9652	10227	66
3298	9654	10073	33
3299	9656	10145	66
3300	9662	9902	66
3301	9672	10042	66
3302	9688	10334	66
3303	9688	10334	66
3304	9688	10334	66
3305	9688	10336	66
3306	9713	9921	66
3307	9721	10042	66
3308	9733	10940	50
3309	9734	10754	66
3310	9747	10171	33
3311	9758	10159	66
3312	9766	10749	66
3313	9772	9962	66
3314	9776	10183	33
3315	9776	10343	66
3316	9789	10470	33
3317	9812	10086	66
3318	9815	10835	66
3319	9816	10013	33
3320	9825	10088	66
3321	9832	10033	33
3322	9835	10087	66
3323	9835	10088	66
3324	9835	10088	66
3325	9835	10088	66
3326	9845	10076	66
3327	9846	10809	66
3328	9848	10142	66
3329	9855	10447	66
3330	9865	10851	66
3331	9869	10167	66
3332	9876	10087	66
3333	9880	10088	66
3334	9880	10088	66
3335	9885	10340	30
3336	9900	10260	33
3337	9901	10718	66
3338	9913	10132	33
3339	9921	10231	30
3340	9960	10325	33
3341	9960	10325	33
3342	9977	10242	33
3343	9977	10242	33
3344	9977	10252	33
3345	9977	10252	33
3346	9977	10258	33
3347	9977	10269	33
3348	9977	10280	33
3349	9977	10290	33
3350	9977	10290	33
3351	9977	10301	33
3352	9977	10301	33
3353	9977	10311	33
3354	9977	10324	33
3355	9977	10330	33
3356	9978	10242	33
3357	9978	10259	33
3358	9978	10280	33
3359	9978	10301	33
3360	9978	10301	33
3361	9978	10322	33
3362	9978	10325	33
3363	9978	10328	33
3364	9979	10280	33
3365	9979	10325	33
3366	9991	10528	33
3367	10003	10334	66
3368	10011	10234	66
3369	10015	10242	33
3370	10021	10251	66
3371	10022	10224	66
3372	10037	10230	33
3373	10037	10259	33
3374	10037	10318	33
3375	10037	10322	33
3376	10037	10325	33
3377	10037	10328	33
3378	10037	11289	66
3379	10040	10252	33
3380	10040	10348	33
3381	10041	10318	33
3382	10051	10261	66
3383	10051	10266	66
3384	10058	10273	66
3385	10059	10252	33
3386	10066	10367	30
3387	10081	10586	66
3388	10088	10361	66
3389	10088	10368	66
3390	10088	10369	66
3391	10095	10341	66
3392	10095	10344	66
3393	10095	10346	66
3394	10096	10345	66
3395	10113	10440	25
3396	10130	10441	30
3397	10132	10405	33
3398	10137	10318	33
3399	10137	10318	33
3400	10141	10681	66
3401	10143	10437	33
3402	10151	10371	33
3403	10152	10940	25
3404	10163	10471	30
3405	10170	10520	33
3406	10201	10667	33
3407	10201	10667	33
3408	10201	11462	66
3409	10202	11460	66
3410	10208	10667	33
3411	10216	10619	33
3412	10231	10619	33
3413	10232	10815	25
3414	10241	10542	33
3415	10243	10542	33
3416	10248	10940	50
3417	10261	10789	66
3418	10261	11448	33
3419	10267	11673	33
3420	10280	10582	33
3421	10289	10503	66
3422	10290	10906	66
3423	10291	10831	33
3424	10301	10542	33
3425	10311	11708	33
3426	10314	10582	33
3427	10319	11611	66
3428	10321	10526	25
3429	10328	10637	30
3430	10338	10639	66
3431	10356	10592	30
3432	10368	10669	33
3433	10414	10727	30
3434	10415	10769	30
3435	10441	10905	33
3436	10456	10873	66
3437	10469	10929	33
3438	10482	10889	30
3439	10496	11209	66
3440	10515	10706	66
3441	10531	11641	33
3442	10547	10888	66
3443	10551	10995	25
3444	10565	11169	33
3445	10566	10863	33
3446	10571	10781	33
3447	10576	10878	50
3448	10576	10878	50
3449	10578	10759	33
3450	10586	10837	33
3451	10591	11446	30
3452	10597	10905	30
3453	10601	11305	33
3454	10605	10873	66
3455	10610	11262	33
3456	10631	10922	40
3457	10636	10958	66
3458	10640	12072	33
3459	10681	12093	33
3460	10684	11654	33
3461	10685	11397	33
3462	10691	10873	66
3463	10693	11361	33
3464	10693	11361	33
3465	10693	11361	33
3466	10693	11373	33
3467	10693	12032	33
3468	10695	11538	33
3469	10696	10935	50
3470	10699	10972	33
3471	10702	11100	33
3472	10704	11129	25
3473	10736	11777	33
3474	10741	11213	66
3475	10741	11377	66
3476	10741	11377	66
3477	10741	11377	66
3478	10750	11766	33
3479	10750	11766	33
3480	10756	11650	25
3481	10769	10977	33
3482	10770	11730	66
3483	10790	10975	66
3484	10796	10999	66
3485	10800	11541	25
3486	10802	11380	33
3487	10802	11581	33
3488	10803	11421	33
3489	10803	11464	66
3490	10804	11283	33
3491	10810	11352	66
3492	10810	12025	33
3493	10813	11526	33
3494	10813	11881	33
3495	10816	11850	33
3496	10817	11846	33
3497	10829	12200	33
3498	10832	11755	33
3499	10835	11551	33
3500	10836	11551	33
3501	10849	11096	25
3502	10855	11171	33
3503	10857	11068	33
3504	10857	11084	33
3505	10857	11116	33
3506	10860	11403	33
3507	10861	11506	33
3508	10861	11583	33
3509	10865	11159	33
3510	10866	11177	30
3511	10868	11659	33
3512	10869	11337	33
3513	10870	11536	33
3514	10871	11352	33
3515	10874	11615	33
3516	10876	11185	33
3517	10876	11581	30
3518	10888	11613	66
3519	10888	11614	66
3520	10888	11614	66
3521	10891	11647	30
3522	10898	11940	33
3523	10915	11171	33
3524	10917	11205	33
3525	10931	11507	33
3526	10936	11156	25
3527	10951	11159	66
3528	10951	11159	66
3529	10957	11232	33
3530	10959	11300	66
3531	10979	11356	33
3532	10979	11356	33
3533	10981	11298	33
3534	10983	11940	33
3535	10984	11218	66
3536	10986	11216	66
3537	10987	11218	66
3538	10987	11419	66
3539	10996	11179	33
3540	10997	11265	25
3541	11003	11312	30
3542	11009	11909	66
3543	11011	11213	66
3544	11011	11533	30
3545	11016	11227	66
3546	11021	11265	66
3547	11021	11265	66
3548	11030	11213	66
3549	11030	11223	66
3550	11030	11234	66
3551	11030	11282	66
3552	11030	11282	66
3553	11044	11278	33
3554	11061	11408	66
3555	11061	12123	66
3556	11069	11353	33
3557	11074	12044	66
3558	11074	12044	66
3559	11074	12044	66
3560	11074	12044	66
3561	11087	11663	33
3562	11088	11278	33
3563	11091	11415	33
3564	11091	11430	33
3565	11096	11385	33
3566	11096	11468	33
3567	11096	12380	25
3568	11099	11519	66
3569	11099	11519	66
3570	11099	11519	66
3571	11102	11402	66
3572	11121	11372	33
3573	11127	11355	33
3574	11127	11510	66
3575	11127	11940	33
3576	11128	11336	66
3577	11129	11552	33
3578	11130	11859	33
3579	11161	11940	33
3580	11162	12023	66
3581	11164	11365	33
3582	11166	11669	33
3583	11174	11509	33
3584	11176	11587	25
3585	11181	11380	33
3586	11181	12339	33
3587	11182	11370	33
3588	11182	11380	33
3589	11182	12339	33
3590	11182	12339	33
3591	11183	11366	33
3592	11184	11859	33
3593	11184	12167	66
3594	11187	11443	33
3595	11221	11409	66
3596	11222	11680	33
3597	11230	11459	66
3598	11268	12382	25
3599	11282	11516	66
3600	11283	11874	33
3601	11283	12339	33
3602	11284	11819	33
3603	11301	11719	33
3604	11302	11719	33
3605	11302	11719	33
3606	11304	11493	25
3607	11304	11575	33
3608	11307	11679	33
3609	11307	11679	33
3610	11308	11642	33
3611	11309	11549	33
3612	11311	11854	33
3613	11321	11559	66
3614	11357	12440	66
3615	11359	11577	33
3616	11378	11563	33
3617	11382	12731	33
3618	11383	12339	33
3619	11383	12380	25
3620	11387	12339	33
3621	11387	12339	33
3622	11388	11869	33
3623	11388	11884	33
3624	11388	11966	33
3625	11388	12339	33
3626	11388	12339	33
3627	11388	12341	33
3628	11388	12341	33
3629	11388	12341	33
3630	11391	12339	33
3631	11391	12339	33
3632	11391	12339	33
3633	11392	11864	33
3634	11392	11864	33
3635	11392	11875	33
3636	11392	11967	33
3637	11392	12339	33
3638	11402	11670	33
3639	11409	11855	33
3640	11411	11683	66
3641	11427	11967	33
3642	11434	11746	66
3643	11440	11972	66
3644	11440	11974	66
3645	11440	11974	66
3646	11440	11974	66
3647	11465	12421	33
3648	11466	11659	33
3649	11466	11664	33
3650	11466	11673	33
3651	11476	11864	33
3652	11476	11869	33
3653	11476	11870	33
3654	11476	11876	33
3655	11476	11884	33
3656	11476	12340	33
3657	11477	12339	33
3658	11480	11892	33
3659	11488	11727	66
3660	11505	11754	66
3661	11507	11864	33
3662	11507	11864	33
3663	11507	11870	33
3664	11507	11884	33
3665	11507	11884	33
3666	11507	11896	33
3667	11507	11967	33
3668	11507	12339	33
3669	11521	12549	33
3670	11531	12847	33
3671	11553	11980	33
3672	11564	11786	66
3673	11576	11980	33
3674	11582	11789	66
3675	11590	11980	33
3676	11596	11987	33
3677	11599	11985	33
3678	11625	12381	25
3679	11641	11934	33
3680	11641	12091	33
3681	11704	11894	66
3682	11707	11903	66
3683	11711	11938	33
3684	11743	12439	33
3685	11750	12160	33
3686	11764	12978	33
3687	11779	12773	30
3688	11791	12418	66
3689	11819	12269	66
3690	11823	12228	30
3691	11823	12386	33
3692	11843	12289	33
3693	11843	12381	33
3694	11849	12154	33
3695	11858	12107	66
3696	11881	12211	66
3697	11941	12211	66
3698	11941	12211	66
3699	11949	12177	33
3700	11951	12237	33
3701	11958	12146	66
3702	11958	12181	33
3703	11965	12913	33
3704	11979	12161	66
3705	11987	12222	66
3706	12039	13415	66
3707	12098	13281	33
3708	12124	13105	33
3709	12124	13105	33
3710	12132	12753	33
3711	12136	12599	33
3712	12136	12599	33
3713	12137	12501	33
3714	12137	12501	33
3715	12137	12556	33
3716	12138	12599	33
3717	12146	12591	33
3718	12146	13034	33
3719	12167	12462	66
3720	12172	13348	33
3721	12182	12525	33
3722	12182	12543	33
3723	12185	12487	66
3724	12195	12599	33
3725	12196	12599	33
3726	12210	13145	66
3727	12210	13155	66
3728	12241	12738	66
3729	12241	12738	66
3730	12242	12431	66
3731	12243	12964	25
3732	12243	13015	25
3733	12243	13263	33
3734	12254	13021	33
3735	12254	13100	33
3736	12254	13100	33
3737	12254	13116	33
3738	12267	13668	33
3739	12268	13327	33
3740	12297	12724	66
3741	12297	13664	66
3742	12298	12994	66
3743	12298	12996	66
3744	12298	13304	33
3745	12301	12522	66
3746	12304	12846	66
3747	12306	13035	33
3748	12310	13391	33
3749	12316	12500	33
3750	12316	12532	33
3751	12316	12875	33
3752	12321	12921	33
3753	12323	12793	33
3754	12324	12676	33
3755	12324	12676	33
3756	12324	12677	33
3757	12324	12677	33
3758	12325	12671	33
3759	12325	12671	33
3760	12325	12671	33
3761	12325	12671	33
3762	12325	12675	33
3763	12325	12675	33
3764	12325	12675	33
3765	12325	12675	33
3766	12325	12675	33
3767	12325	12675	33
3768	12325	12675	33
3769	12325	12675	33
3770	12325	12675	33
3771	12325	12675	33
3772	12325	12675	33
3773	12325	12675	33
3774	12325	12677	33
3775	12325	12677	33
3776	12325	12677	33
3777	12326	12675	33
3778	12327	12644	66
3779	12327	12644	66
3780	12327	12646	66
3781	12332	13086	30
3782	12343	12838	66
3783	12343	12840	66
3784	12346	13171	25
3785	12349	12922	25
3786	12354	12539	66
3787	12361	12900	33
3788	12365	12837	66
3789	12365	12837	66
3790	12365	12837	66
3791	12365	12839	66
3792	12376	12611	66
3793	12383	12629	33
3794	12404	12673	66
3795	12418	12654	25
3796	12423	12868	33
3797	12425	12866	33
3798	12425	13026	33
3799	12426	12630	33
3800	12426	12630	33
3801	12441	13354	33
3802	12451	12736	33
3803	12463	13456	66
3804	12475	13298	33
3805	12487	12724	66
3806	12487	12839	66
3807	12491	12979	66
3808	12497	12925	66
3809	12497	12925	66
3810	12497	12925	66
3811	12507	12831	25
3812	12532	13446	50
3813	12550	13358	33
3814	12561	12789	66
3815	12565	12988	33
3816	12565	12988	33
3817	12567	13740	33
3818	12575	13683	66
3819	12580	12761	33
3820	12580	12770	33
3821	12580	12771	33
3822	12580	12775	33
3823	12580	12775	33
3824	12581	12773	33
3825	12582	12769	33
3826	12587	13068	30
3827	12591	13000	66
3828	12601	12921	66
3829	12601	12921	66
3830	12601	12921	66
3831	12601	13033	33
3832	12616	13820	25
3833	12631	12963	33
3834	12637	12894	66
3835	12638	13649	33
3836	12645	13755	66
3837	12647	13728	66
3838	12649	12856	33
3839	12649	12959	33
3840	12650	12845	33
3841	12650	13016	33
3842	12660	13582	33
3843	12661	12858	66
3844	12661	12858	66
3845	12663	12949	33
3846	12663	12963	33
3847	12664	12877	33
3848	12666	12951	25
3849	12669	12854	33
3850	12671	12898	33
3851	12676	12989	66
3852	12690	13830	33
3853	12700	12924	33
3854	12745	13187	33
3855	12750	13142	66
3856	12750	13747	66
3857	12754	13010	33
3858	12757	12997	33
3859	12781	12970	33
3860	12781	12970	33
3861	12781	12970	33
3862	12796	13260	33
3863	12802	12982	66
3864	12808	13295	33
3865	12838	13190	66
3866	12841	13022	66
3867	13001	13283	33
3868	13022	13418	33
3869	13022	13418	33
3870	13026	13351	66
3871	13029	13371	33
3872	13084	13852	33
3873	13096	13706	66
3874	13111	13852	33
3875	13121	13970	33
3876	13132	13885	30
3877	13145	13641	66
3878	13151	13498	33
3879	13192	13467	66
3880	13200	13393	25
3881	13201	13680	33
3882	13201	13848	66
3883	13207	13405	25
3884	13260	13516	33
3885	13264	13697	33
3886	13335	13523	33
3887	13335	13609	33
3888	13371	13669	66
3889	13445	14000	33
3890	13453	13784	50
3891	13465	13738	66
3892	13516	13698	25
3893	13576	13839	33
3894	13587	14442	25
3895	13625	14704	33
3896	13626	14704	33
3897	13642	14876	33
3898	13656	13954	33
3899	13662	14231	33
3900	13668	14037	66
3901	13681	13874	66
3902	13681	14160	66
3903	13681	14161	66
3904	13682	13871	66
3905	13683	13990	33
3906	13683	14007	66
3907	13685	13940	66
3908	13690	14526	66
3909	13711	14420	66
3910	13749	14178	66
3911	13753	14755	33
3912	13762	14203	30
3913	13769	14057	66
3914	13778	14144	66
3915	13782	15083	33
3916	13792	14365	33
3917	13809	14261	33
3918	13873	14063	33
3919	13884	14215	33
3920	13886	14400	66
3921	13923	14195	66
3922	13924	14869	66
3923	13972	15088	66
3924	13987	15174	66
3925	14015	14195	66
3926	14041	14236	66
3927	14051	15080	30
3928	14055	14346	33
3929	14064	14277	33
3930	14068	14812	33
3931	14101	14484	66
3932	14101	14484	66
3933	14101	14484	66
3934	14102	15139	66
3935	14134	14636	30
3936	14140	14329	33
3937	14161	14385	66
3938	14195	14385	66
3939	14233	14521	33
3940	14313	14715	33
3941	14357	15104	25
3942	14447	14768	33
3943	14461	14872	33
3944	14461	14872	33
3945	14461	14891	66
3946	14467	14750	25
3947	14468	14794	25
3948	14472	14823	25
3949	14476	14984	33
3950	14478	14750	25
3951	14506	14872	33
3952	14509	14875	33
3953	14511	14984	33
3954	14521	14984	33
3955	14521	14984	33
3956	14525	15204	30
3957	14528	14891	33
3958	14594	15414	33
3959	14594	15430	33
3960	14641	15113	30
3961	14645	15100	25
3962	14655	15218	66
3963	14701	14896	33
3964	14702	15218	66
3965	14728	15011	33
3966	14761	14974	66
3967	14769	15305	33
3968	14790	15105	33
3969	14811	14992	33
3970	14817	15009	33
3971	14821	15004	66
3972	14821	15058	50
3973	14824	15004	66
3974	14834	15058	33
3975	14840	16064	33
3976	14856	16036	33
3977	14856	16041	33
3978	14878	15592	66
3979	14910	16346	30
3980	14924	15437	66
3981	14924	15437	66
3982	14924	15439	66
3983	14950	15288	33
3984	14969	15174	33
3985	15037	15318	30
3986	15051	15545	33
3987	15051	15545	33
3988	15061	15284	50
3989	15065	15545	33
3990	15066	15545	33
3991	15076	15702	66
3992	15112	15818	33
3993	15121	15869	66
3994	15121	15870	66
3995	15123	16143	33
3996	15128	16522	33
3997	15132	15439	33
3998	15148	15439	33
3999	15158	15558	30
4000	15188	15385	33
4001	15196	15732	66
4002	15198	15615	30
4003	15209	15472	66
4004	15209	15472	66
4005	15209	15473	66
4006	15209	15473	66
4007	15211	15534	66
4008	15224	15407	33
4009	15241	15421	66
4010	15289	15480	33
4011	15303	15548	33
4012	15305	16374	66
4013	15312	15865	33
4014	15343	16577	33
4015	15365	16464	66
4016	15389	15575	33
4017	15390	15575	33
4018	15403	15604	50
4019	15409	16134	33
4020	15424	16361	33
4021	15431	15615	33
4022	15443	16452	66
4023	15444	15945	66
4024	15448	15783	33
4025	15456	15962	33
4026	15461	15769	33
4027	15463	15706	30
4028	15467	16591	66
4029	15468	16315	66
4030	15469	16004	30
4031	15492	16453	66
4032	15495	15926	66
4033	15515	16110	66
4034	15517	16110	66
4035	15540	15902	33
4036	15541	15755	33
4037	15546	15729	33
4038	15546	16402	33
4039	15572	16049	30
4040	15580	16397	33
4041	15601	15869	33
4042	15606	15893	33
4043	15607	16128	33
4044	15615	16426	33
4045	15617	16107	66
4046	15641	15829	33
4047	15661	16483	33
4048	15665	15895	66
4049	15677	15983	33
4050	15678	15869	33
4051	15679	15869	33
4052	15705	15983	33
4053	15706	16150	66
4054	15730	16149	33
4055	15740	16121	30
4056	15753	15983	33
4057	15753	15983	33
4058	15755	16274	33
4059	15756	15980	33
4060	15775	16162	33
4061	15781	16067	33
4062	15782	16274	33
4063	15841	16869	33
4064	15843	16116	33
4065	15856	16465	66
4066	15857	16112	33
4067	15870	16092	33
4068	15870	16159	33
4069	15881	16225	33
4070	15886	16232	33
4071	15916	16354	33
4072	15916	16354	33
4073	15917	16354	33
4074	15919	16409	66
4075	15920	16227	33
4076	15949	16225	33
4077	15949	16225	33
4078	15953	16227	33
4079	15960	16188	25
4080	15961	16188	25
4081	15961	16218	66
4082	15965	16354	33
4083	15967	16224	33
4084	15997	16209	66
4085	16025	16543	25
4086	16027	16540	33
4087	16034	16724	33
4088	16041	16646	33
4089	16041	16663	33
4090	16056	16485	33
4091	16056	16485	33
4092	16081	16495	66
4093	16081	16912	66
4094	16082	16483	33
4095	16087	16541	66
4096	16087	17168	33
4097	16090	16540	33
4098	16097	16459	66
4099	16097	16459	66
4100	16123	16702	66
4101	16135	16500	66
4102	16154	16342	33
4103	16168	16374	33
4104	16176	16649	33
4105	16192	16457	33
4106	16201	16552	66
4107	16201	16552	66
4108	16207	16552	66
4109	16209	16486	33
4110	16214	16870	33
4111	16214	17051	33
4112	16221	17143	33
4113	16222	16413	66
4114	16231	16436	66
4115	16231	16552	66
4116	16231	17466	66
4117	16261	16493	33
4118	16268	16921	66
4119	16273	16786	33
4120	16301	16572	33
4121	16307	16492	33
4122	16308	16489	33
4123	16309	16490	33
4124	16309	16496	33
4125	16312	16492	33
4126	16312	16496	33
4127	16312	16765	33
4128	16316	16496	33
4129	16321	16563	66
4130	16321	16563	66
4131	16334	16647	30
4132	16342	16540	33
4133	16342	16570	33
4134	16348	16921	33
4135	16350	16766	66
4136	16358	17325	66
4137	16360	17624	66
4138	16365	17570	33
4139	16397	16766	66
4140	16415	17338	33
4141	16452	17202	33
4142	16452	17715	33
4143	16454	16799	33
4144	16454	16799	33
4145	16463	17124	33
4146	16464	17069	33
4147	16464	17421	33
4148	16464	17568	33
4149	16464	17575	33
4150	16472	17401	33
4151	16477	16686	66
4152	16477	17194	33
4153	16516	16830	66
4154	16530	16994	66
4155	16530	16994	66
4156	16558	17580	33
4157	16559	16800	33
4158	16559	17341	66
4159	16561	17269	66
4160	16561	17270	66
4161	16561	17270	66
4162	16564	16798	25
4163	16564	16978	66
4164	16564	17288	33
4165	16566	16751	66
4166	16566	17564	33
4167	16573	17619	33
4168	16585	17211	30
4169	16589	17287	33
4170	16591	16933	33
4171	16594	16844	33
4172	16600	17441	66
4173	16606	17282	33
4174	16607	17351	66
4175	16609	16881	33
4176	16611	17008	33
4177	16621	16837	33
4178	16621	17343	33
4179	16623	16813	33
4180	16623	16852	33
4181	16623	16898	33
4182	16624	17166	66
4183	16624	17830	33
4184	16626	16989	66
4185	16627	17094	33
4186	16627	17143	33
4187	16627	17172	33
4188	16629	17019	33
4189	16630	17123	66
4190	16630	17605	66
4191	16633	16860	33
4192	16633	16964	33
4193	16637	17159	33
4194	16652	17313	40
4195	16653	17148	33
4196	16654	16920	33
4197	16668	16978	66
4198	16672	17325	66
4199	16685	17065	33
4200	16686	17268	33
4201	16689	17313	33
4202	16710	17198	66
4203	16713	16905	66
4204	16713	17125	66
4205	16714	16903	66
4206	16717	17275	33
4207	16717	17486	33
4208	16725	16919	66
4209	16726	17275	33
4210	16731	17033	33
4211	16741	16956	33
4212	16742	16988	33
4213	16742	17275	33
4214	16747	16975	66
4215	16751	17381	30
4216	16758	17035	33
4217	16763	16961	33
4218	16765	17881	66
4219	16766	17460	33
4220	16777	18154	33
4221	16781	17836	33
4222	16788	17282	33
4223	16819	17354	33
4224	16826	17281	33
4225	16831	17291	33
4226	16842	17045	33
4227	16845	17344	66
4228	16854	17122	66
4229	16855	17122	66
4230	16862	17801	66
4231	16866	17403	66
4232	16867	17236	66
4233	16871	17383	33
4234	16875	17270	33
4235	16877	17151	33
4236	16891	17598	33
4237	16900	17507	33
4238	16901	18162	33
4239	16923	17401	33
4240	16927	17199	33
4241	16931	18271	33
4242	16935	17250	33
4243	16941	18271	33
4244	16951	17156	66
4245	16953	17371	33
4246	16954	17371	33
4247	16985	17374	66
4248	16985	17374	66
4249	16986	17215	66
4250	16986	17990	66
4251	16997	17437	25
4252	16998	17183	66
4253	16998	17872	33
4254	17003	17332	33
4255	17009	17464	66
4256	17020	17862	66
4257	17025	17985	66
4258	17036	17480	30
4259	17044	17500	66
4260	17046	17248	66
4261	17046	17335	66
4262	17062	17251	33
4263	17075	18422	33
4264	17077	17291	33
4265	17086	17720	33
4266	17093	18003	33
4267	17096	17363	33
4268	17102	17293	66
4269	17110	17290	66
4270	17110	17290	66
4271	17138	18057	33
4272	17143	17367	33
4273	17160	17343	33
4274	17161	17376	66
4275	17179	17769	33
4276	17187	17601	33
4277	17187	17605	33
4278	17197	17465	66
4279	17213	18638	33
4280	17221	17500	66
4281	17235	17515	66
4282	17236	17513	66
4283	17253	17474	66
4284	17278	18071	33
4285	17286	18723	33
4286	17291	17516	33
4287	17311	17791	66
4288	17341	17612	33
4289	17346	17968	33
4290	17347	18699	25
4291	17350	17631	33
4292	17350	17636	33
4293	17376	17657	33
4294	17381	17776	33
4295	17390	18665	33
4296	17402	18661	66
4297	17419	17917	33
4298	17431	17835	33
4299	17446	18110	66
4300	17460	18171	33
4301	17460	18183	33
4302	17461	17711	25
4303	17461	17835	33
4304	17461	18183	33
4305	17465	17776	33
4306	17471	17861	33
4307	17482	17676	66
4308	17491	17769	66
4309	17500	17835	33
4310	17503	18301	33
4311	17506	17771	66
4312	17506	17982	66
4313	17508	18162	33
4314	17529	18220	33
4315	17531	18173	33
4316	17538	17733	33
4317	17551	17928	30
4318	17555	18229	30
4319	17578	18140	25
4320	17582	18423	30
4321	17595	18167	33
4322	17595	18167	33
4323	17597	18167	33
4324	17597	18167	33
4325	17597	18171	33
4326	17598	18102	33
4327	17599	18171	33
4328	17599	18182	33
4329	17601	18171	33
4330	17603	18171	33
4331	17603	18171	33
4332	17603	18171	33
4333	17603	18183	33
4334	17606	18167	33
4335	17607	18167	33
4336	17619	18093	33
4337	17621	18162	33
4338	17641	18176	33
4339	17661	18704	33
4340	17661	18740	33
4341	17665	18846	33
4342	17671	17988	66
4343	17674	18196	33
4344	17686	18348	33
4345	17689	18213	33
4346	17690	17970	33
4347	17690	17988	33
4348	17690	17988	33
4349	17690	17988	33
4350	17701	18209	33
4351	17707	17959	33
4352	17711	18173	33
4353	17731	18023	66
4354	17771	17952	33
4355	17771	17952	33
4356	17771	17982	33
4357	17772	17970	33
4358	17772	17978	33
4359	17783	17970	33
4360	17784	17978	33
4361	17784	17982	33
4362	17816	18872	33
4363	17821	18101	66
4364	17825	18311	33
4365	17829	18070	33
4366	17832	19265	33
4367	17841	18182	33
4368	17884	18175	50
4369	17884	18175	50
4370	17892	18584	33
4371	17892	18745	33
4372	17893	18513	33
4373	17893	18565	33
4374	17893	18565	33
4375	17893	19076	33
4376	17895	18873	33
4377	17901	18849	33
4378	17944	19265	66
4379	17960	18245	33
4380	17960	18245	33
4381	17961	18205	66
4382	17966	18227	33
4383	17980	18245	33
4384	17980	18245	33
4385	18001	18535	33
4386	18002	18407	66
4387	18002	18407	66
4388	18002	18408	66
4389	18002	18408	66
4390	18002	18408	66
4391	18002	18408	66
4392	18004	19145	66
4393	18006	18404	33
4394	18011	18751	33
4395	18011	18767	33
4396	18012	18209	33
4397	18016	18438	33
4398	18018	18278	66
4399	18018	18280	66
4400	18018	18281	66
4401	18018	18520	66
4402	18019	19101	66
4403	18025	18486	33
4404	18025	18562	33
4405	18031	18579	33
4406	18032	18961	33
4407	18037	18751	33
4408	18045	18404	33
4409	18048	18785	66
4410	18048	19232	66
4411	18058	18305	33
4412	18060	18804	30
4413	18064	18605	66
4414	18064	18606	66
4415	18066	18527	33
4416	18066	18527	33
4417	18066	18780	33
4418	18066	19092	33
4419	18066	19273	33
4420	18074	18520	66
4421	18075	18273	33
4422	18076	18520	66
4423	18087	18658	66
4424	18088	18276	33
4425	18095	18932	33
4426	18098	18318	66
4427	18098	18346	66
4428	18098	18507	66
4429	18118	18448	33
4430	18119	18843	33
4431	18122	18310	66
4432	18130	18510	33
4433	18130	18562	33
4434	18130	18629	33
4435	18130	18700	33
4436	18130	18763	33
4437	18130	18825	33
4438	18149	18347	66
4439	18187	18424	33
4440	18188	19473	66
4441	18190	18938	66
4442	18199	18396	66
4443	18199	18929	66
4444	18201	18683	25
4445	18204	18782	33
4446	18208	19119	66
4447	18216	18631	33
4448	18220	18554	33
4449	18239	18439	66
4450	18239	18439	66
4451	18239	18439	66
4452	18241	18500	33
4453	18246	18680	66
4454	18247	18561	33
4455	18248	18502	33
4456	18248	18502	33
4457	18249	18563	33
4458	18250	18558	33
4459	18250	18680	66
4460	18254	18842	33
4461	18255	18998	66
4462	18256	18525	33
4463	18257	18955	33
4464	18261	19183	66
4465	18262	18749	25
4466	18267	18804	40
4467	18270	18547	33
4468	18270	18558	33
4469	18270	18584	33
4470	18270	18784	66
4471	18270	18784	66
4472	18270	18784	66
4473	18270	18785	66
4474	18271	18547	33
4475	18271	18568	33
4476	18271	18584	33
4477	18272	18568	33
4478	18275	18547	33
4479	18275	18558	33
4480	18275	18572	33
4481	18275	18572	33
4482	18276	18572	33
4483	18279	19691	33
4484	18283	18511	33
4485	18284	19691	33
4486	18285	19493	66
4487	18287	19301	66
4488	18290	18893	33
4489	18290	18894	33
4490	18296	18793	33
4491	18301	18541	66
4492	18304	18680	66
4493	18305	18520	66
4494	18305	18521	66
4495	18317	18734	33
4496	18319	18648	33
4497	18319	18902	33
4498	18324	18709	33
4499	18329	18709	33
4500	18336	19492	33
4501	18361	18556	66
4502	18361	18680	66
4503	18362	18556	66
4504	18365	18690	33
4505	18375	18572	33
4506	18376	18568	33
4507	18377	18558	33
4508	18377	18569	33
4509	18397	18796	33
4510	18405	19306	33
4511	18413	18785	66
4512	18413	18785	66
4513	18413	18785	66
4514	18413	18785	66
4515	18413	18797	66
4516	18427	18774	33
4517	18441	19407	66
4518	18451	18651	33
4519	18454	18699	33
4520	18456	19589	33
4521	18485	19208	33
4522	18487	18903	66
4523	18491	18874	33
4524	18495	18691	66
4525	18495	18691	66
4526	18513	18911	66
4527	18533	18776	66
4528	18533	18777	66
4529	18538	19230	33
4530	18546	18845	50
4531	18546	18873	50
4532	18557	19360	66
4533	18580	19185	33
4534	18605	19041	33
4535	18606	18879	33
4536	18614	19209	25
4537	18619	19011	33
4538	18628	18939	66
4539	18628	18939	66
4540	18630	18850	33
4541	18646	18835	66
4542	18661	18846	66
4543	18664	18892	33
4544	18666	20015	25
4545	18678	19754	33
4546	18689	19659	50
4547	18692	18879	33
4548	18706	19209	25
4549	18712	19387	33
4550	18712	19402	33
4551	18726	18983	33
4552	18727	18973	33
4553	18727	18973	33
4554	18727	19014	33
4555	18727	20138	33
4556	18732	18984	66
4557	18736	18948	33
4558	18736	20160	33
4559	18738	19038	33
4560	18742	20160	26
4561	18744	19014	33
4562	18762	20160	66
4563	18777	20160	66
4564	18790	19487	33
4565	18790	19487	33
4566	18790	19487	33
4567	18790	19487	33
4568	18790	19487	33
4569	18790	19487	33
4570	18790	19487	33
4571	18790	19487	33
4572	18790	19487	33
4573	18791	19487	33
4574	18791	19487	33
4575	18791	19487	33
4576	18791	19487	33
4577	18791	19487	33
4578	18791	19487	33
4579	18796	19135	66
4580	18796	19136	66
4581	18796	19136	66
4582	18796	19136	66
4583	18796	19136	66
4584	18797	18978	33
4585	18797	18978	33
4586	18797	19136	66
4587	18797	19136	66
4588	18797	19136	66
4589	18797	19233	66
4590	18826	19160	33
4591	18830	19213	33
4592	18842	20101	66
4593	18844	19093	33
4594	18845	19085	33
4595	18846	19077	33
4596	18848	19511	66
4597	18858	19305	66
4598	18866	20160	33
4599	18866	20160	33
4600	18866	20160	33
4601	18866	20160	33
4602	18866	20160	33
4603	18866	20160	33
4604	18866	20160	33
4605	18866	20160	33
4606	18870	19080	50
4607	18879	20160	33
4608	18893	19487	33
4609	18893	19487	33
4610	18893	19487	33
4611	18903	19144	33
4612	18906	20160	66
4613	18910	19146	25
4614	18914	20160	33
4615	18935	19754	33
4616	18935	19754	33
4617	18940	20160	66
4618	18942	19151	66
4619	18945	19156	66
4620	18945	19156	66
4621	18946	20160	33
4622	18946	20160	33
4623	18946	20160	33
4624	18946	20160	33
4625	18947	19324	33
4626	18947	19324	33
4627	18947	19806	33
4628	18947	19806	33
4629	18947	20160	33
4630	18947	20160	33
4631	18947	20160	33
4632	18947	20160	33
4633	18947	20160	33
4634	18947	20160	33
4635	18947	20160	33
4636	18947	20160	33
4637	18947	20160	33
4638	18947	20160	33
4639	18947	20160	33
4640	18947	20160	33
4641	18947	20160	33
4642	18947	20160	33
4643	18947	20160	33
4644	18947	20160	33
4645	18947	20160	33
4646	18947	20160	33
4647	18947	20160	33
4648	18947	20160	33
4649	18947	20160	33
4650	18947	20160	33
4651	18947	20160	33
4652	18947	20160	33
4653	18947	20160	33
4654	18947	20160	33
4655	18947	20160	33
4656	18947	20160	33
4657	18948	19145	33
4658	18948	19809	33
4659	18948	19809	33
4660	18948	19927	33
4661	18948	20160	33
4662	18948	20160	33
4663	18948	20160	33
4664	18948	20160	33
4665	18948	20160	33
4666	18948	20160	33
4667	18949	19913	66
4668	18961	19183	66
4669	18961	19637	66
4670	18969	19923	33
4671	18982	20160	33
4672	18982	20160	33
4673	18988	20160	66
4674	18996	19258	33
4675	19021	19579	33
4676	19022	19267	33
4677	19022	20160	33
4678	19031	19234	33
4679	19046	20160	33
4680	19049	20160	66
4681	19078	20160	33
4682	19081	19816	66
4683	19107	20160	33
4684	19107	20160	33
4685	19112	20160	33
4686	19112	20160	33
4687	19131	19511	66
4688	19134	19750	33
4689	19134	19766	33
4690	19139	19509	33
4691	19139	20140	33
4692	19141	20024	66
4693	19143	19393	66
4694	19146	19329	66
4695	19148	19624	66
4696	19167	19509	33
4697	19176	19678	33
4698	19206	19462	33
4699	19213	20160	50
4700	19231	19866	30
4701	19231	20160	33
4702	19237	19429	66
4703	19237	20160	33
4704	19261	19511	66
4705	19267	20160	33
4706	19272	20160	33
4707	19300	20024	30
4708	19309	19790	33
4709	19309	20160	33
4710	19321	20160	33
4711	19322	19790	33
4712	19322	19790	33
4713	19323	20160	33
4714	19325	19927	33
4715	19332	20002	33
4716	19332	20007	33
4717	19332	20016	33
4718	19332	20160	33
4719	19332	20160	33
4720	19332	20160	33
4721	19332	20160	33
4722	19333	19541	33
4723	19336	20160	33
4724	19347	19924	33
4725	19348	20128	33
4726	19348	20160	33
4727	19348	20160	33
4728	19348	20160	33
4729	19348	20160	33
4730	19375	19885	33
4731	19376	20160	33
4732	19384	19682	33
4733	19394	19717	33
4734	19394	19890	33
4735	19394	20160	33
4736	19407	20160	33
4737	19414	20160	66
4738	19414	20160	66
4739	19431	19721	66
4740	19431	19865	66
4741	19431	19865	66
4742	19441	19918	66
4743	19443	19771	33
4744	19443	20160	33
4745	19444	20160	33
4746	19444	20160	66
4747	19445	19790	33
4748	19445	20160	25
4749	19446	19790	33
4750	19447	19732	33
4751	19451	19737	33
4752	19451	20160	33
4753	19453	19863	33
4754	19459	19727	33
4755	19464	20160	33
4756	19464	20160	66
4757	19465	20125	33
4758	19467	19759	33
4759	19467	19775	33
4760	19470	19908	66
4761	19471	20160	33
4762	19472	20160	66
4763	19478	20160	33
4764	19478	20160	33
4765	19486	20160	33
4766	19496	20160	33
4767	19501	19915	66
4768	19501	20160	66
4769	19502	20160	33
4770	19503	19728	33
4771	19503	20160	33
4772	19506	20160	33
4773	19507	20085	33
4774	19510	19694	33
4775	19513	19756	33
4776	19517	20160	33
4777	19519	20160	30
4778	19523	20160	33
4779	19523	20160	33
4780	19524	19809	33
4781	19524	19809	33
4782	19524	19859	33
4783	19524	19985	33
4784	19524	19985	33
4785	19524	19995	33
4786	19524	20025	33
4787	19524	20025	33
4788	19524	20039	33
4789	19524	20039	33
4790	19524	20160	33
4791	19524	20160	33
4792	19524	20160	33
4793	19524	20160	33
4794	19524	20160	33
4795	19524	20160	33
4796	19524	20160	33
4797	19524	20160	33
4798	19524	20160	33
4799	19524	20160	33
4800	19524	20160	33
4801	19524	20160	33
4802	19524	20160	33
4803	19524	20160	33
4804	19524	20160	33
4805	19531	20160	33
4806	19531	20160	50
4807	19531	20160	50
4808	19532	20160	33
4809	19533	20160	33
4810	19537	20137	33
4811	19540	20160	33
4812	19546	19907	66
4813	19546	19907	66
4814	19548	19842	66
4815	19548	19856	66
4816	19556	20160	33
4817	19561	20100	33
4818	19562	20160	33
4819	19563	20160	33
4820	19563	20160	33
4821	19564	19926	33
4822	19565	19824	33
4823	19565	20160	33
4824	19565	20160	33
4825	19569	20160	33
4826	19573	20160	33
4827	19574	19920	33
4828	19578	19760	33
4829	19588	20160	66
4830	19597	19873	33
4831	19604	20160	33
4832	19610	20160	33
4833	19620	19839	66
4834	19620	20160	66
4835	19620	20160	66
4836	19621	20073	66
4837	19622	20160	66
4838	19626	20066	33
4839	19627	19811	33
4840	19627	19812	33
4841	19627	19816	33
4842	19627	19824	33
4843	19627	19839	66
4844	19645	20160	33
4845	19650	20160	66
4846	19657	20160	33
4847	19657	20160	33
4848	19678	20160	25
4849	19681	19887	33
4850	19682	19875	25
4851	19685	20119	66
4852	19686	20160	33
4853	19687	20160	33
4854	19688	19943	33
4855	19701	20160	33
4856	19703	20160	33
4857	19706	19894	33
4858	19708	20160	33
4859	19708	20160	33
4860	19711	20160	66
4861	19711	20160	66
4862	19717	20160	33
4863	19718	20160	33
4864	19721	19926	33
4865	19722	20043	33
4866	19726	20152	66
4867	19737	19924	50
4868	19737	20160	33
4869	19741	20004	33
4870	19741	20160	66
4871	19747	20160	66
4872	19752	20160	66
4873	19760	19994	33
4874	19760	20139	33
4875	19764	20139	33
4876	19764	20139	33
4877	19768	20160	33
4878	19768	20160	66
4879	19781	20160	66
4880	19784	20160	33
4881	19787	20160	33
4882	19790	20160	33
4883	19793	20160	66
4884	19801	20160	66
4885	19802	20160	66
4886	19805	20160	66
4887	19805	20160	66
4888	19805	20160	66
4889	19805	20160	66
4890	19805	20160	66
4891	19805	20160	66
4892	19805	20160	66
4893	19805	20160	66
4894	19806	20035	66
4895	19806	20160	66
4896	19806	20160	66
4897	19806	20160	66
4898	19806	20160	66
4899	19806	20160	66
4900	19807	20160	33
4901	19807	20160	33
4902	19808	20160	66
4903	19808	20160	66
4904	19808	20160	66
4905	19808	20160	66
4906	19808	20160	66
4907	19808	20160	66
4908	19808	20160	66
4909	19808	20160	66
4910	19808	20160	66
4911	19808	20160	66
4912	19808	20160	66
4913	19808	20160	66
4914	19808	20160	66
4915	19808	20160	66
4916	19808	20160	66
4917	19808	20160	66
4918	19809	20160	66
4919	19809	20160	66
4920	19809	20160	66
4921	19809	20160	66
4922	19809	20160	66
4923	19809	20160	66
4924	19809	20160	66
4925	19809	20160	66
4926	19809	20160	66
4927	19810	20160	66
4928	19810	20160	66
4929	19810	20160	66
4930	19810	20160	66
4931	19810	20160	66
4932	19810	20160	66
4933	19810	20160	66
4934	19810	20160	66
4935	19810	20160	66
4936	19810	20160	66
4937	19810	20160	66
4938	19810	20160	66
4939	19810	20160	66
4940	19810	20160	66
4941	19810	20160	66
4942	19810	20160	66
4943	19810	20160	66
4944	19810	20160	66
4945	19810	20160	66
4946	19810	20160	66
4947	19810	20160	66
4948	19810	20160	66
4949	19810	20160	66
4950	19810	20160	66
4951	19810	20160	66
4952	19810	20160	66
4953	19811	20122	33
4954	19811	20122	33
4955	19811	20122	33
4956	19813	20048	33
4957	19814	20054	33
4958	19816	20160	33
4959	19816	20160	25
4960	19817	20160	25
4961	19825	20158	30
4962	19827	20160	25
4963	19829	20035	66
4964	19834	20160	30
4965	19845	20160	66
4966	19846	20160	66
4967	19861	20081	66
4968	19861	20160	33
4969	19861	20160	33
4970	19861	20160	33
4971	19864	20160	33
4972	19867	20160	33
4973	19891	20160	66
4974	19893	20083	25
4975	19896	20160	33
4976	19903	20160	33
4977	19911	20160	66
4978	19911	20160	66
4979	19911	20160	66
4980	19914	20160	66
4981	19916	20160	66
4982	19916	20160	66
4983	19916	20160	66
4984	19916	20160	66
4985	19919	20160	66
4986	19919	20160	66
4987	19919	20160	66
4988	19921	20160	66
4989	19922	20160	66
4990	19922	20160	66
4991	19922	20160	66
4992	19922	20160	66
4993	19923	20124	66
4994	19924	20160	66
4995	19924	20160	66
4996	19928	20160	33
4997	19942	20138	33
4998	19950	20160	33
4999	19971	20160	66
