5000	100	0	0
0	0	60	25
1	0	62	33
2	0	66	33
3	0	68	25
4	0	69	33
5	0	70	66
6	0	73	33
7	0	80	33
8	0	86	66
9	0	86	66
10	0	86	66
11	0	86	66
12	0	86	66
13	0	86	66
14	0	86	66
15	0	92	33
16	0	93	33
17	0	93	33
18	0	96	33
19	0	96	33
20	0	96	33
21	0	96	33
22	0	96	33
23	0	96	33
24	0	96	33
25	0	96	33
26	0	96	33
27	0	96	33
28	0	96	33
29	0	96	33
30	0	96	33
31	0	96	33
32	0	96	33
33	0	96	33
34	0	96	33
35	0	96	33
36	0	96	66
37	0	96	33
38	0	96	33
39	0	96	33
40	0	97	33
41	0	97	33
42	0	97	33
43	0	97	33
44	0	97	33
45	0	97	33
46	0	97	33
47	0	97	33
48	0	97	33
49	0	97	33
50	0	97	33
51	0	97	33
52	0	97	33
53	0	97	33
54	0	97	33
55	0	98	33
56	0	98	33
57	0	98	33
58	0	99	33
59	0	101	66
60	0	101	33
61	0	101	33
62	0	107	33
63	0	108	33
64	0	112	33
65	0	118	66
66	0	122	33
67	0	126	61
68	0	126	66
69	0	128	66
70	0	130	33
71	0	130	33
72	0	130	33
73	0	133	66
74	0	133	66
75	0	133	66
76	0	133	66
77	0	133	66
78	0	133	66
79	0	133	66
80	0	133	66
81	0	133	66
82	0	133	66
83	0	133	66
84	0	134	33
85	0	135	33
86	0	136	33
87	0	137	66
88	0	147	61
89	0	154	33
90	0	155	33
91	0	155	66
92	0	155	61
93	0	158	61
94	0	161	33
95	0	166	66
96	0	166	66
97	0	169	66
98	0	181	33
99	0	182	33
100	0	182	33
101	0	188	33
102	0	188	33
103	0	188	33
104	0	188	33
105	0	188	33
106	0	188	33
107	0	188	33
108	0	188	33
109	0	188	33
110	0	188	33
111	0	188	33
112	0	188	33
113	0	188	33
114	0	188	33
115	0	188	33
116	0	188	33
117	0	188	33
118	0	188	33
119	0	188	33
120	0	188	33
121	0	188	33
122	0	200	33
123	0	200	33
124	0	200	33
125	0	200	33
126	0	200	33
127	0	200	33
128	0	200	33
129	0	200	33
130	0	200	33
131	0	200	33
132	0	200	33
133	0	200	66
134	0	200	33
135	0	205	66
136	0	211	33
137	0	213	33
138	0	215	66
139	0	215	66
140	0	215	66
141	0	215	66
142	0	215	33
143	0	215	33
144	0	215	33
145	0	215	66
146	0	215	33
147	0	215	66
148	0	215	66
149	0	215	66
150	0	215	33
151	0	215	33
152	0	215	33
153	0	218	66
154	0	222	33
155	0	252	66
156	0	253	33
157	0	253	33
158	0	253	33
159	0	253	33
160	0	253	33
161	0	253	33
162	0	253	33
163	0	253	33
164	0	254	33
165	0	254	33
166	0	254	33
167	0	254	33
168	0	254	33
169	0	254	33
170	0	254	33
171	0	254	33
172	0	255	33
173	0	255	33
174	0	255	33
175	0	255	33
176	0	255	33
177	0	258	66
178	0	258	66
179	0	258	33
180	0	258	33
181	0	258	66
182	0	258	66
183	0	268	33
184	0	268	33
185	0	268	33
186	0	268	33
187	0	268	33
188	0	268	33
189	0	268	33
190	0	268	33
191	0	269	33
192	0	269	33
193	0	269	33
194	0	269	33
195	0	269	33
196	0	269	33
197	0	269	33
198	0	269	33
199	0	269	33
200	0	269	33
201	0	272	33
202	0	274	33
203	0	277	33
204	0	279	33
205	0	279	33
206	0	279	33
207	0	279	33
208	0	280	33
209	0	280	33
210	0	294	33
211	0	299	25
212	0	307	33
213	0	307	33
214	0	308	33
215	0	310	33
216	0	316	66
217	0	318	33
218	0	326	33
219	0	329	25
220	0	353	33
221	0	358	66
222	0	364	33
223	0	364	33
224	0	365	66
225	0	378	33
226	0	419	33
227	0	420	33
228	0	420	33
229	0	420	33
230	0	420	33
231	0	420	33
232	0	421	33
233	0	423	33
234	0	425	33
235	0	442	33
236	0	459	33
237	0	477	33
238	0	477	33
239	0	482	33
240	0	484	33
241	0	506	33
242	0	506	33
243	0	506	33
244	0	506	33
245	0	506	33
246	0	506	33
247	0	507	33
248	0	507	33
249	0	507	33
250	0	507	33
251	0	507	33
252	0	507	33
253	0	509	33
254	0	509	33
255	0	509	33
256	0	509	33
257	0	509	33
258	0	509	33
259	0	511	33
260	0	511	33
261	0	513	66
262	0	513	66
263	0	513	66
264	0	513	66
265	0	515	66
266	0	515	66
267	0	515	66
268	0	515	66
269	0	515	66
270	0	515	66
271	0	515	66
272	0	516	66
273	0	520	66
274	0	527	33
275	0	527	66
276	0	528	66
277	0	531	66
278	0	531	66
279	0	531	66
280	0	531	66
281	0	531	66
282	0	531	66
283	0	534	33
284	0	536	33
285	0	538	33
286	0	538	33
287	0	538	33
288	0	538	33
289	0	538	33
290	0	542	33
291	0	542	33
292	0	547	33
293	0	549	61
294	0	549	61
295	0	550	33
296	0	550	33
297	0	550	33
298	0	550	33
299	0	550	33
300	0	550	33
301	0	550	33
302	0	552	33
303	0	552	33
304	0	552	33
305	0	552	33
306	0	552	33
307	0	552	33
308	0	552	33
309	0	552	33
310	0	555	33
311	0	576	33
312	0	576	66
313	0	576	66
314	0	576	66
315	0	576	66
316	0	577	33
317	0	577	33
318	0	577	33
319	0	579	33
320	0	579	33
321	0	579	33
322	0	579	33
323	0	579	33
324	0	580	33
325	0	580	33
326	0	580	33
327	0	580	33
328	0	580	33
329	0	580	33
330	0	580	33
331	0	580	33
332	0	580	33
333	0	580	33
334	0	580	33
335	0	580	33
336	0	580	33
337	0	580	33
338	0	580	33
339	0	580	33
340	0	580	33
341	0	580	33
342	0	580	33
343	0	580	33
344	0	580	33
345	0	580	33
346	0	580	33
347	0	580	33
348	0	580	33
349	0	580	33
350	0	580	33
351	0	587	33
352	0	587	66
353	0	605	33
354	0	605	33
355	0	609	33
356	0	612	33
357	0	615	33
358	0	618	33
359	0	618	33
360	0	618	33
361	0	618	33
362	0	622	33
363	0	622	33
364	0	626	33
365	0	631	66
366	0	632	33
367	0	637	33
368	0	640	33
369	0	640	33
370	0	640	33
371	0	640	33
372	0	640	33
373	0	640	33
374	0	640	33
375	0	640	33
376	0	640	33
377	0	640	33
378	0	640	33
379	0	640	33
380	0	640	33
381	0	640	33
382	0	640	33
383	0	640	33
384	0	640	33
385	0	644	33
386	0	661	33
387	0	682	33
388	0	685	66
389	0	713	33
390	0	724	33
391	0	730	66
392	0	745	33
393	0	747	33
394	0	755	33
395	0	755	33
396	0	755	33
397	0	755	33
398	0	755	33
399	0	755	33
400	0	755	33
401	0	755	33
402	0	755	33
403	0	755	33
404	0	755	33
405	0	755	33
406	0	755	33
407	0	755	33
408	0	755	33
409	0	755	33
410	0	802	33
411	0	821	33
412	0	902	33
413	0	938	66
414	0	945	66
415	0	996	66
416	0	1007	33
417	0	1062	33
418	0	1076	66
419	0	1087	66
420	0	1088	33
421	0	1133	33
422	0	1141	33
423	0	1143	30
424	0	1156	33
425	0	1157	33
426	0	1157	33
427	0	1158	33
428	0	1166	30
429	0	1171	33
430	0	1173	33
431	0	1321	33
432	0	1381	33
433	0	1418	66
434	0	1418	66
435	0	1418	66
436	2	850	33
437	11	78	66
438	26	318	33
439	37	166	33
440	38	112	66
441	61	615	33
442	65	157	66
443	67	181	25
444	73	860	25
445	92	165	66
446	102	180	66
447	109	372	33
448	118	186	66
449	118	878	33
450	120	1382	66
451	121	878	33
452	121	878	33
453	122	239	33
454	122	1380	66
455	123	256	50
456	125	516	66
457	125	516	66
458	125	516	66
459	125	516	66
460	125	517	66
461	127	516	66
462	127	516	66
463	127	516	66
464	127	516	66
465	127	516	66
466	128	198	66
467	130	516	66
468	131	516	66
469	131	516	66
470	133	516	66
471	135	196	66
472	136	208	66
473	137	210	66
474	137	626	66
475	151	254	33
476	162	578	33
477	162	922	66
478	163	338	66
479	179	251	33
480	180	396	66
481	181	250	66
482	181	357	66
483	183	299	66
484	203	511	30
485	206	481	66
486	211	510	30
487	214	318	66
488	216	486	66
489	216	1142	66
490	216	1142	66
491	216	1142	66
492	217	366	33
493	217	526	30
494	218	1037	66
495	230	457	66
496	241	316	66
497	241	379	66
498	242	340	66
499	242	340	66
500	249	338	33
501	249	408	33
502	249	408	33
503	261	357	33
504	261	358	33
505	261	378	33
506	261	421	33
507	261	424	33
508	261	668	33
509	261	1141	33
510	261	1141	33
511	261	1142	33
512	261	1142	33
513	261	1142	33
514	261	1142	33
515	261	1382	33
516	267	1043	66
517	268	428	33
518	282	361	33
519	282	378	33
520	282	1142	33
521	282	1142	33
522	282	1142	33
523	283	1157	33
524	284	1157	33
525	284	1158	33
526	285	408	33
527	296	499	33
528	298	657	33
529	299	369	66
530	301	369	66
531	301	1021	33
532	303	372	66
533	317	377	66
534	341	416	66
535	363	450	33
536	368	633	66
537	376	441	33
538	376	445	66
539	377	526	33
540	377	526	33
541	377	1156	33
542	377	1156	33
543	377	1157	33
544	377	1157	33
545	377	1158	33
546	378	1157	33
547	387	885	66
548	391	476	66
549	415	495	66
550	415	496	33
551	415	614	33
552	415	614	33
553	415	625	33
554	415	775	33
555	415	786	33
556	415	1158	33
557	415	1220	33
558	416	500	66
559	417	482	33
560	417	482	33
561	417	900	33
562	417	1142	33
563	417	1219	33
564	419	503	33
565	419	668	33
566	419	1158	33
567	421	514	66
568	421	514	33
569	424	517	33
570	426	507	66
571	426	661	33
572	427	1153	33
573	427	1157	33
574	447	1157	33
575	447	1158	33
576	451	900	33
577	455	527	33
578	455	583	66
579	456	568	66
580	458	542	33
581	458	841	33
582	460	591	33
583	464	571	33
584	471	557	66
585	479	549	66
586	481	584	66
587	481	590	33
588	486	755	33
589	494	641	33
590	496	556	25
591	496	556	25
592	496	556	25
593	496	556	66
594	498	591	33
595	499	816	66
596	513	894	33
597	515	648	66
598	524	645	66
599	538	842	33
600	538	1161	33
601	538	1291	33
602	538	1326	33
603	538	1375	33
604	539	707	33
605	540	757	50
606	541	669	66
607	541	1670	33
608	542	1184	66
609	557	629	66
610	558	909	33
611	572	1141	33
612	572	1944	33
613	572	1944	33
614	587	677	33
615	589	1944	66
616	589	2013	66
617	590	668	66
618	590	668	66
619	590	1058	66
620	592	1160	66
621	597	1043	66
622	600	702	33
623	600	702	33
624	600	702	33
625	601	702	33
626	604	764	33
627	604	915	30
628	609	1581	33
629	614	1157	33
630	614	1157	33
631	614	1158	33
632	615	1158	33
633	615	1158	33
634	617	1141	33
635	617	1142	33
636	617	1321	33
637	619	1142	33
638	623	1338	33
639	631	737	33
640	634	737	33
641	638	774	66
642	661	722	33
643	661	726	33
644	661	726	33
645	661	730	33
646	661	736	33
647	661	745	66
648	661	866	50
649	661	891	66
650	662	782	33
651	664	916	66
652	666	733	33
653	667	1607	33
654	673	745	66
655	673	778	33
656	684	1052	66
657	693	756	33
658	701	776	33
659	718	778	66
660	718	814	66
661	718	959	33
662	721	800	66
663	722	841	33
664	725	866	66
665	748	907	33
666	751	879	66
667	751	879	66
668	751	1502	30
669	754	891	66
670	755	1019	25
671	755	1539	33
672	756	1207	66
673	759	1142	66
674	759	1142	66
675	764	1064	33
676	767	1905	33
677	772	1404	33
678	786	1206	66
679	790	1022	66
680	796	871	66
681	803	885	33
682	803	1995	33
683	808	1092	33
684	808	1785	33
685	810	912	33
686	814	1086	33
687	814	1152	33
688	816	948	33
689	817	889	66
690	817	944	33
691	817	949	33
692	817	949	33
693	818	942	33
694	818	1901	33
695	818	1901	33
696	819	952	33
697	819	1901	33
698	819	1901	33
699	820	935	33
700	820	947	33
701	820	1901	33
702	820	1901	33
703	821	1901	33
704	823	1369	30
705	845	1052	66
706	846	1207	66
707	850	917	33
708	852	1026	66
709	855	985	66
710	855	1026	66
711	855	1026	66
712	855	1026	66
713	855	1498	66
714	856	1001	66
715	856	1001	66
716	857	939	33
717	857	1027	66
718	861	1472	33
719	863	1001	66
720	863	1002	66
721	886	1034	33
722	899	985	66
723	899	1300	66
724	900	964	33
725	900	1300	66
726	900	1368	33
727	900	1378	33
728	905	1011	66
729	905	1026	66
730	905	1048	66
731	906	1405	66
732	915	989	66
733	916	986	66
734	926	2026	66
735	927	999	33
736	937	1396	33
737	938	1450	66
738	943	1027	66
739	945	1772	25
740	949	1091	66
741	951	1062	33
742	952	1052	33
743	955	1118	33
744	957	1043	33
745	957	1058	33
746	957	1058	33
747	958	1031	33
748	959	1019	33
749	960	1474	25
750	961	1059	33
751	961	1061	33
752	967	1043	33
753	967	1158	33
754	967	1933	33
755	971	1069	33
756	974	1056	25
757	976	1050	66
758	987	1098	33
759	987	1141	33
760	987	1249	33
761	993	1088	33
762	993	1360	33
763	1006	1084	33
764	1010	2019	66
765	1012	1079	66
766	1012	1079	66
767	1020	1110	33
768	1022	1120	33
769	1036	1120	66
770	1037	1256	66
771	1040	1323	66
772	1046	1703	33
773	1050	1138	33
774	1050	2305	66
775	1051	1252	66
776	1066	1185	66
777	1070	1157	66
778	1071	2070	66
779	1075	1152	33
780	1081	1200	33
781	1081	1887	33
782	1083	1221	33
783	1088	1279	33
784	1091	1699	33
785	1093	1177	33
786	1094	2300	25
787	1096	1161	66
788	1107	2112	66
789	1115	1323	66
790	1115	1324	66
791	1127	1208	66
792	1134	1271	66
793	1134	1329	66
794	1138	1395	30
795	1141	1514	25
796	1142	1220	33
797	1142	1659	33
798	1146	2200	33
799	1151	1240	66
800	1151	1332	66
801	1152	1528	33
802	1152	2098	33
803	1156	1225	33
804	1156	1226	66
805	1156	1236	33
806	1156	1247	33
807	1156	1247	33
808	1156	1257	33
809	1156	1269	33
810	1156	1508	33
811	1156	1508	33
812	1156	1752	33
813	1158	1247	33
814	1158	1269	33
815	1159	1247	33
816	1159	1257	33
817	1159	1550	33
818	1170	1246	66
819	1177	1905	33
820	1178	1901	33
821	1179	1901	33
822	1179	1901	33
823	1180	1276	33
824	1182	1279	33
825	1183	1251	66
826	1200	1352	33
827	1200	1472	33
828	1201	1269	66
829	1214	1583	33
830	1217	1309	33
831	1218	1634	30
832	1219	2041	66
833	1222	1894	66
834	1222	1998	66
835	1222	2377	66
836	1242	2498	66
837	1248	1676	66
838	1250	1648	66
839	1260	1355	66
840	1261	1375	66
841	1265	1401	33
842	1266	1379	33
843	1267	1393	33
844	1267	1399	33
845	1267	1408	33
846	1267	1410	33
847	1267	1468	33
848	1267	1479	33
849	1278	1346	66
850	1278	1397	66
851	1282	1605	33
852	1291	1359	66
853	1291	1381	33
854	1295	1392	50
855	1297	2108	33
856	1299	1371	33
857	1299	1371	33
858	1299	1463	33
859	1299	1473	33
860	1299	1473	33
861	1299	1518	33
862	1299	2119	33
863	1299	2159	33
864	1309	1419	66
865	1311	1449	50
866	1312	2270	66
867	1313	1921	66
868	1313	2270	66
869	1313	2270	66
870	1320	1380	33
871	1320	1396	33
872	1320	1396	33
873	1320	1407	33
874	1320	1777	33
875	1322	2060	66
876	1322	2060	66
877	1322	2062	66
878	1322	2063	66
879	1322	2063	66
880	1322	2063	66
881	1327	2270	66
882	1330	2270	66
883	1335	2271	66
884	1336	1555	66
885	1339	1421	66
886	1342	2270	66
887	1343	1482	66
888	1347	2709	33
889	1350	2272	66
890	1353	2064	66
891	1360	1470	33
892	1379	1441	33
893	1379	1452	33
894	1382	1466	66
895	1382	1783	33
896	1394	1464	66
897	1402	1481	66
898	1403	1470	66
899	1412	1497	25
900	1420	1501	25
901	1426	1593	33
902	1441	1522	66
903	1441	1531	66
904	1446	1558	66
905	1453	2119	33
906	1474	1536	33
907	1474	2823	66
908	1502	1562	50
909	1505	1595	50
910	1505	1730	33
911	1506	1584	33
912	1507	1901	33
913	1509	1587	66
914	1517	1791	33
915	1519	2035	66
916	1520	1918	33
917	1532	1629	33
918	1538	1698	66
919	1547	1633	66
920	1553	1901	33
921	1560	1718	33
922	1561	1630	33
923	1561	1644	66
924	1561	1662	66
925	1561	1718	33
926	1561	1730	33
927	1561	2109	33
928	1562	1630	33
929	1562	1656	33
930	1562	1664	33
931	1562	1675	33
932	1562	1707	33
933	1562	1718	33
934	1562	1730	33
935	1562	1730	33
936	1562	1740	33
937	1563	2821	66
938	1576	1648	66
939	1576	1679	66
940	1591	1655	50
941	1591	2041	66
942	1593	1655	50
943	1593	1675	33
944	1593	1730	33
945	1614	1674	33
946	1620	1781	33
947	1625	1721	66
948	1635	1891	33
949	1636	1995	33
950	1636	2000	33
951	1636	2023	33
952	1637	1726	33
953	1641	1716	33
954	1641	1716	33
955	1641	2229	33
956	1645	1738	33
957	1645	1741	33
958	1645	1799	33
959	1650	1740	33
960	1650	1743	33
961	1650	1760	33
962	1653	1765	66
963	1653	2913	66
964	1658	1829	66
965	1661	1738	33
966	1679	1739	33
967	1679	1739	33
968	1679	1739	33
969	1681	1749	66
970	1681	1947	66
971	1684	1863	33
972	1684	1982	33
973	1687	1785	33
974	1693	1798	33
975	1709	2481	33
976	1715	1798	33
977	1724	1837	33
978	1726	1931	33
979	1726	2146	33
980	1726	2508	33
981	1730	2550	33
982	1738	1926	33
983	1740	1863	33
984	1741	1809	66
985	1743	1858	66
986	1745	1851	66
987	1755	1850	33
988	1764	1826	33
989	1764	1841	33
990	1764	2077	33
991	1765	1837	33
992	1766	1826	33
993	1766	1837	33
994	1766	1837	33
995	1766	1841	33
996	1771	1858	66
997	1771	1864	33
998	1775	1837	33
999	1778	2060	66
1000	1797	2061	33
1001	1799	1861	33
1002	1799	1862	33
1003	1799	2291	33
1004	1800	1887	50
1005	1800	1887	50
1006	1801	2222	66
1007	1806	3207	66
1008	1808	1908	33
1009	1810	1878	33
1010	1810	2221	33
1011	1817	2390	33
1012	1817	2797	33
1013	1818	1940	33
1014	1818	2225	33
1015	1818	2258	33
1016	1827	1932	33
1017	1827	1932	33
1018	1835	1902	33
1019	1835	2146	30
1020	1835	2885	33
1021	1839	2205	33
1022	1839	2282	33
1023	1839	3262	33
1024	1840	2823	33
1025	1851	2161	30
1026	1855	1925	33
1027	1855	1925	33
1028	1855	1925	33
1029	1855	1928	33
1030	1855	2066	33
1031	1855	2066	33
1032	1855	2129	33
1033	1856	1925	33
1034	1863	2044	66
1035	1863	2366	33
1036	1864	1936	66
1037	1865	2020	66
1038	1865	2037	66
1039	1866	2039	33
1040	1867	1938	33
1041	1876	1940	33
1042	1878	1945	33
1043	1880	2021	33
1044	1882	2036	33
1045	1882	2249	33
1046	1890	2005	66
1047	1892	2036	33
1048	1899	2050	33
1049	1901	1967	33
1050	1904	1980	66
1051	1906	2079	33
1052	1919	2266	33
1053	1919	2640	33
1054	1920	2819	33
1055	1921	2062	33
1056	1925	2008	66
1057	1925	2044	66
1058	1927	2069	25
1059	1932	1996	66
1060	1932	1997	33
1061	1933	1995	33
1062	1933	2015	33
1063	1933	2066	33
1064	1936	2069	25
1065	1936	2069	25
1066	1937	2030	33
1067	1937	2046	33
1068	1943	2056	33
1069	1946	2016	33
1070	1950	2112	33
1071	1957	2048	33
1072	1957	2221	33
1073	1969	2221	33
1074	1970	2054	33
1075	1970	2167	33
1076	1981	2147	66
1077	1982	2201	33
1078	1982	2221	33
1079	1982	2221	33
1080	1982	2222	33
1081	1985	2073	66
1082	1985	2128	66
1083	1987	2073	66
1084	1989	3042	40
1085	1990	2192	33
1086	1992	2059	33
1087	1996	2056	66
1088	1998	2103	33
1089	1999	2074	25
1090	2005	2452	30
1091	2011	2087	33
1092	2012	2100	66
1093	2022	2125	66
1094	2040	2112	33
1095	2042	2146	33
1096	2044	3153	33
1097	2046	2724	33
1098	2046	3056	33
1099	2048	2724	33
1100	2056	2155	25
1101	2057	2348	33
1102	2057	3489	33
1103	2058	3032	33
1104	2058	3065	33
1105	2080	2823	66
1106	2090	2504	33
1107	2090	2504	33
1108	2090	2504	33
1109	2101	2596	33
1110	2151	2217	33
1111	2151	2226	33
1112	2151	2230	33
1113	2151	2233	33
1114	2151	2233	33
1115	2151	2236	33
1116	2151	2236	33
1117	2152	2230	33
1118	2153	2236	33
1119	2153	2236	33
1120	2160	2254	50
1121	2160	2280	33
1122	2161	2268	66
1123	2161	3122	33
1124	2162	2280	50
1125	2172	2710	33
1126	2173	2710	33
1127	2185	2734	66
1128	2185	2734	66
1129	2188	2780	33
1130	2189	2297	33
1131	2189	2384	66
1132	2191	2276	33
1133	2193	2295	66
1134	2206	2316	66
1135	2207	2369	33
1136	2219	2581	33
1137	2220	2940	25
1138	2221	3060	66
1139	2222	2504	33
1140	2224	3392	33
1141	2225	2942	33
1142	2226	2340	33
1143	2232	2661	33
1144	2241	2554	30
1145	2244	2761	50
1146	2244	3669	33
1147	2250	2355	66
1148	2251	2822	50
1149	2261	2340	33
1150	2271	2623	33
1151	2282	2841	66
1152	2288	2410	66
1153	2294	3001	33
1154	2296	2460	33
1155	2297	2366	66
1156	2316	2431	33
1157	2316	2504	33
1158	2318	2394	33
1159	2321	2394	33
1160	2322	2404	33
1161	2330	2410	66
1162	2330	2410	66
1163	2330	2528	66
1164	2344	2449	33
1165	2344	2449	33
1166	2346	2442	33
1167	2353	2459	33
1168	2356	2448	33
1169	2380	2452	25
1170	2380	2458	25
1171	2391	2498	33
1172	2405	2709	33
1173	2405	2747	33
1174	2405	2747	33
1175	2410	2674	33
1176	2410	2704	33
1177	2410	2866	33
1178	2412	2507	33
1179	2428	2495	33
1180	2428	2499	33
1181	2428	2504	33
1182	2428	2545	33
1183	2428	2557	33
1184	2428	2597	33
1185	2429	2495	33
1186	2429	2504	33
1187	2429	2508	33
1188	2429	2542	33
1189	2429	2597	33
1190	2431	2787	25
1191	2433	2495	33
1192	2433	2504	33
1193	2433	2590	33
1194	2434	2533	33
1195	2434	2533	33
1196	2464	3779	33
1197	2465	2562	33
1198	2471	2545	33
1199	2471	2615	33
1200	2471	2615	33
1201	2472	2584	33
1202	2472	2591	33
1203	2472	3024	33
1204	2476	2931	33
1205	2487	2931	33
1206	2487	3143	33
1207	2488	2931	33
1208	2491	3143	33
1209	2502	2581	33
1210	2509	3908	33
1211	2517	2596	33
1212	2517	2597	33
1213	2517	3856	33
1214	2519	2605	66
1215	2522	2615	33
1216	2522	2615	33
1217	2522	3849	66
1218	2527	2696	33
1219	2534	2658	66
1220	2534	2949	66
1221	2542	2606	66
1222	2542	2899	30
1223	2550	2706	66
1224	2566	2667	33
1225	2576	2880	66
1226	2581	2911	25
1227	2582	2716	50
1228	2587	2752	66
1229	2593	2660	25
1230	2594	2659	33
1231	2596	2689	66
1232	2597	2790	50
1233	2597	2814	33
1234	2598	2794	66
1235	2607	2679	33
1236	2607	3793	33
1237	2610	3373	33
1238	2618	2685	66
1239	2630	2838	33
1240	2635	2747	66
1241	2638	4024	33
1242	2641	2939	33
1243	2641	2989	66
1244	2643	3449	66
1245	2644	2742	33
1246	2649	2918	33
1247	2650	2770	33
1248	2650	3449	66
1249	2650	3449	66
1250	2651	3448	66
1251	2652	2862	33
1252	2652	2865	33
1253	2653	3449	66
1254	2653	3449	66
1255	2655	2901	33
1256	2656	2768	25
1257	2660	2735	33
1258	2660	2753	33
1259	2661	2726	33
1260	2661	2732	33
1261	2661	2740	33
1262	2661	2740	33
1263	2661	2742	33
1264	2661	2776	33
1265	2663	2742	33
1266	2664	2726	33
1267	2664	2732	33
1268	2664	2740	33
1269	2667	2777	66
1270	2668	2744	33
1271	2686	2773	33
1272	2686	2776	33
1273	2686	2790	33
1274	2690	2794	33
1275	2691	2798	33
1276	2691	2798	33
1277	2698	2809	66
1278	2702	2812	25
1279	2732	3142	66
1280	2765	2868	66
1281	2781	2981	33
1282	2787	2912	33
1283	2787	2940	33
1284	2787	2950	33
1285	2787	2950	33
1286	2787	2977	33
1287	2787	2981	33
1288	2787	2984	33
1289	2787	2984	33
1290	2791	2914	66
1291	2793	2940	33
1292	2793	2974	33
1293	2793	2977	33
1294	2793	2984	33
1295	2802	3195	33
1296	2805	3432	66
1297	2806	3195	33
1298	2809	2959	66
1299	2811	2900	30
1300	2820	2880	33
1301	2824	2917	33
1302	2824	2933	33
1303	2832	2894	33
1304	2843	2936	33
1305	2845	2942	66
1306	2845	3449	33
1307	2860	2981	33
1308	2861	2947	33
1309	2867	2954	66
1310	2882	3060	66
1311	2885	2981	66
1312	2890	3196	30
1313	2900	3069	33
1314	2915	3227	30
1315	2937	3337	33
1316	2947	3102	33
1317	2950	3349	66
1318	2954	3233	33
1319	2957	3353	33
1320	2974	3264	66
1321	2977	3062	33
1322	2977	3062	33
1323	2977	3075	33
1324	2981	3086	33
1325	2981	3638	33
1326	2987	3094	33
1327	2989	3574	33
1328	2993	3133	33
1329	2998	3480	66
1330	2998	3781	66
1331	2998	3860	66
1332	2999	3589	66
1333	3003	3427	33
1334	3003	3427	33
1335	3004	3113	33
1336	3004	3113	33
1337	3004	3113	33
1338	3004	3121	33
1339	3005	3107	33
1340	3008	3623	33
1341	3008	3658	33
1342	3008	3681	33
1343	3011	3142	33
1344	3012	3078	66
1345	3020	3091	33
1346	3029	3096	33
1347	3030	3096	33
1348	3030	3096	33
1349	3031	3101	33
1350	3031	3101	33
1351	3038	3144	33
1352	3039	3144	33
1353	3039	3857	33
1354	3042	3889	33
1355	3048	3589	33
1356	3051	3142	33
1357	3051	3857	33
1358	3056	3116	50
1359	3057	3858	33
1360	3058	3130	66
1361	3061	3179	66
1362	3069	3146	66
1363	3095	3227	33
1364	3101	3162	33
1365	3107	3247	33
1366	3107	3247	33
1367	3107	3247	33
1368	3112	3521	25
1369	3117	3303	33
1370	3117	3308	33
1371	3121	3188	66
1372	3121	3253	33
1373	3125	3243	33
1374	3126	3238	25
1375	3126	3241	33
1376	3126	3243	33
1377	3126	3258	33
1378	3130	3303	33
1379	3133	3326	66
1380	3136	3227	33
1381	3139	3274	25
1382	3150	3779	66
1383	3160	3262	33
1384	3161	3262	33
1385	3164	3745	50
1386	3173	3953	33
1387	3186	3255	25
1388	3189	3249	66
1389	3196	3428	50
1390	3197	3902	66
1391	3201	3712	33
1392	3211	3343	66
1393	3219	3501	33
1394	3221	3305	33
1395	3221	3307	33
1396	3221	3375	33
1397	3241	3428	66
1398	3244	3779	33
1399	3244	3786	33
1400	3244	3849	33
1401	3245	3428	66
1402	3254	3593	33
1403	3261	3856	33
1404	3261	3878	33
1405	3261	4581	33
1406	3262	3381	33
1407	3270	3332	33
1408	3288	3453	66
1409	3290	3383	66
1410	3294	3373	33
1411	3301	3430	33
1412	3308	3470	25
1413	3335	3623	33
1414	3361	3436	66
1415	3362	3438	66
1416	3366	3427	33
1417	3369	3448	33
1418	3369	3472	33
1419	3369	3472	33
1420	3372	3472	33
1421	3374	3452	33
1422	3375	3458	33
1423	3375	3467	33
1424	3375	3566	33
1425	3376	3443	33
1426	3376	3448	33
1427	3376	3465	33
1428	3376	3474	33
1429	3376	3497	33
1430	3377	3448	33
1431	3377	3472	33
1432	3396	3537	33
1433	3397	3648	66
1434	3418	4679	33
1435	3419	3676	33
1436	3419	3676	33
1437	3421	3548	66
1438	3427	3526	33
1439	3435	3544	66
1440	3436	3504	66
1441	3436	3517	33
1442	3440	3688	66
1443	3452	3513	33
1444	3457	3518	66
1445	3457	3522	66
1446	3459	3552	33
1447	3464	3860	33
1448	3464	3878	33
1449	3465	4036	33
1450	3482	3550	33
1451	3482	3558	33
1452	3482	3579	33
1453	3484	3663	33
1454	3485	3579	33
1455	3513	3906	33
1456	3522	3593	66
1457	3532	3841	30
1458	3537	3783	66
1459	3537	3859	66
1460	3556	3616	66
1461	3556	3703	66
1462	3557	4572	33
1463	3586	3677	33
1464	3593	3901	30
1465	3599	3681	33
1466	3603	3668	33
1467	3603	3723	33
1468	3604	3723	33
1469	3631	3798	66
1470	3631	3801	66
1471	3639	3740	33
1472	3655	3864	66
1473	3661	3744	66
1474	3666	3978	30
1475	3669	3864	66
1476	3678	3743	33
1477	3708	3811	66
1478	3721	3811	33
1479	3721	3864	66
1480	3721	3900	25
1481	3723	3798	33
1482	3728	3795	66
1483	3730	3808	66
1484	3732	3856	33
1485	3740	3908	25
1486	3741	3856	33
1487	3758	3850	66
1488	3761	3822	33
1489	3764	4186	33
1490	3770	3857	33
1491	3770	3871	33
1492	3770	3871	33
1493	3770	3871	33
1494	3770	4047	33
1495	3770	4922	33
1496	3781	3845	33
1497	3786	3882	33
1498	3789	3850	33
1499	3789	3854	33
1500	3789	3861	33
1501	3789	3861	33
1502	3789	3864	33
1503	3789	3909	33
1504	3790	3863	33
1505	3790	4036	33
1506	3790	4163	33
1507	3790	5127	33
1508	3792	3857	33
1509	3792	3857	33
1510	3792	3861	33
1511	3792	3955	33
1512	3793	3857	33
1513	3793	3897	33
1514	3796	3858	66
1515	3803	4100	33
1516	3809	3883	66
1517	3818	4129	30
1518	3832	4088	33
1519	3843	4690	33
1520	3846	3944	33
1521	3846	3944	33
1522	3848	3951	66
1523	3849	3944	33
1524	3849	4021	33
1525	3861	3941	33
1526	3869	3971	33
1527	3870	4308	33
1528	3871	4522	33
1529	3872	5127	33
1530	3883	3963	33
1531	3884	4030	33
1532	3887	3985	33
1533	3887	4921	33
1534	3890	3978	33
1535	3892	4027	33
1536	3892	4027	33
1537	3901	3974	66
1538	3901	3989	33
1539	3901	4010	66
1540	3901	4027	66
1541	3902	4438	66
1542	3909	3971	33
1543	3917	4021	33
1544	3917	4030	33
1545	3917	4030	33
1546	3917	4030	33
1547	3917	4488	33
1548	3924	4031	33
1549	3924	4321	33
1550	3931	4028	33
1551	3932	4152	66
1552	3937	5375	33
1553	3938	5282	33
1554	3957	4828	33
1555	3969	4804	33
1556	3976	4079	66
1557	3976	4156	33
1558	3981	5199	66
1559	3983	4575	33
1560	3985	4067	66
1561	3992	4067	66
1562	3992	4067	66
1563	3996	4095	33
1564	4001	4090	66
1565	4010	5449	33
1566	4010	5449	33
1567	4010	5449	33
1568	4021	4099	33
1569	4030	4114	66
1570	4030	4412	33
1571	4030	4493	33
1572	4031	4114	66
1573	4031	5383	33
1574	4036	4253	66
1575	4037	4170	33
1576	4040	4132	33
1577	4040	4170	33
1578	4044	4810	33
1579	4045	4108	66
1580	4045	4146	33
1581	4045	4743	33
1582	4045	4809	33
1583	4047	4146	33
1584	4056	5188	33
1585	4060	4234	33
1586	4062	4727	33
1587	4067	4227	66
1588	4081	4193	66
1589	4090	5488	33
1590	4090	5488	33
1591	4092	4291	33
1592	4092	5488	33
1593	4092	5488	33
1594	4092	5488	33
1595	4092	5488	33
1596	4094	4276	33
1597	4095	4388	33
1598	4095	5519	33
1599	4095	5519	33
1600	4097	4184	66
1601	4105	4181	33
1602	4110	4182	33
1603	4111	4184	66
1604	4111	4184	66
1605	4111	4184	66
1606	4148	4433	50
1607	4148	4433	50
1608	4184	4287	33
1609	4195	4274	66
1610	4195	4321	66
1611	4195	4634	66
1612	4201	4285	66
1613	4209	5034	66
1614	4221	4565	66
1615	4230	4565	66
1616	4243	4307	66
1617	4249	5127	33
1618	4249	5282	33
1619	4251	4326	33
1620	4251	4683	33
1621	4251	4683	33
1622	4253	4502	33
1623	4254	4321	33
1624	4254	4479	33
1625	4254	4926	33
1626	4256	5127	33
1627	4261	4630	33
1628	4261	4632	33
1629	4277	4438	66
1630	4277	4644	66
1631	4281	4354	33
1632	4301	4389	33
1633	4321	5726	33
1634	4325	4410	66
1635	4326	4388	66
1636	4330	4493	66
1637	4336	4423	66
1638	4340	4424	66
1639	4344	4672	66
1640	4365	4689	66
1641	4373	4686	33
1642	4381	4449	66
1643	4381	4559	33
1644	4381	4773	66
1645	4383	4570	25
1646	4391	4497	33
1647	4397	4573	66
1648	4402	5834	33
1649	4411	4515	66
1650	4433	4495	66
1651	4441	4677	50
1652	4456	4795	33
1653	4459	4814	33
1654	4459	4814	33
1655	4461	4623	33
1656	4470	4784	33
1657	4475	4536	66
1658	4484	4583	33
1659	4484	5392	33
1660	4485	4757	33
1661	4490	4583	33
1662	4493	4559	33
1663	4501	4568	33
1664	4501	4594	33
1665	4502	4575	50
1666	4505	4597	33
1667	4506	5014	25
1668	4509	4603	66
1669	4518	4677	66
1670	4518	4677	66
1671	4533	4609	33
1672	4540	4637	33
1673	4545	5285	33
1674	4559	4619	33
1675	4561	4633	33
1676	4567	4638	25
1677	4575	4655	33
1678	4581	4748	33
1679	4603	4770	66
1680	4603	4801	66
1681	4621	4805	33
1682	4628	4719	66
1683	4630	4830	50
1684	4667	4829	66
1685	4681	4780	66
1686	4681	4815	66
1687	4696	4781	33
1688	4696	4783	33
1689	4697	4784	66
1690	4699	4798	33
1691	4701	4788	33
1692	4710	5016	33
1693	4730	5114	33
1694	4730	5160	33
1695	4736	4889	33
1696	4746	5229	33
1697	4750	4877	33
1698	4750	4936	33
1699	4754	5404	33
1700	4767	4907	33
1701	4770	5323	33
1702	4770	5393	33
1703	4781	4858	33
1704	4791	5388	33
1705	4810	4935	66
1706	4814	4895	33
1707	4816	6189	33
1708	4829	4914	33
1709	4829	4987	33
1710	4841	5313	33
1711	4843	5048	33
1712	4847	4987	33
1713	4848	4926	33
1714	4848	4967	33
1715	4848	4967	33
1716	4849	4914	33
1717	4849	4932	33
1718	4849	4932	33
1719	4849	4947	33
1720	4849	4947	33
1721	4850	4987	33
1722	4861	4988	66
1723	4864	4941	33
1724	4876	4971	66
1725	4877	6309	33
1726	4878	4967	66
1727	4878	4971	66
1728	4885	4961	33
1729	4895	5089	66
1730	4896	4971	66
1731	4898	5049	66
1732	4904	5388	33
1733	4904	5388	33
1734	4914	5158	33
1735	4919	5022	50
1736	4919	5041	50
1737	4921	5051	66
1738	4922	5049	33
1739	4995	5084	66
1740	4996	5108	33
1741	5011	5111	50
1742	5015	5076	33
1743	5015	5079	33
1744	5016	5076	33
1745	5016	5076	33
1746	5040	5108	66
1747	5042	6183	30
1748	5043	5203	66
1749	5056	5124	66
1750	5056	5252	33
1751	5068	6345	33
1752	5071	5172	66
1753	5074	5222	66
1754	5087	5339	66
1755	5089	5339	66
1756	5090	5340	66
1757	5098	5166	33
1758	5098	5168	33
1759	5098	5168	33
1760	5099	5340	66
1761	5100	5339	66
1762	5103	5340	66
1763	5103	5340	66
1764	5103	5340	66
1765	5108	5182	33
1766	5110	5211	33
1767	5116	5252	33
1768	5118	5278	66
1769	5119	5340	66
1770	5127	5392	66
1771	5127	5392	66
1772	5133	5334	66
1773	5135	5333	66
1774	5136	5334	66
1775	5138	5334	66
1776	5147	5334	66
1777	5148	5334	66
1778	5153	5219	33
1779	5159	5238	66
1780	5159	5255	66
1781	5159	5334	66
1782	5159	5334	66
1783	5159	5334	66
1784	5161	5307	66
1785	5166	5334	66
1786	5166	5334	66
1787	5169	5300	66
1788	5171	5900	33
1789	5176	5674	33
1790	5177	5306	25
1791	5178	6101	33
1792	5194	5337	66
1793	5197	5337	66
1794	5197	5337	66
1795	5203	5272	33
1796	5205	5337	66
1797	5205	5337	66
1798	5209	5337	66
1799	5214	5674	33
1800	5215	5348	61
1801	5215	5674	33
1802	5231	5430	33
1803	5238	5304	66
1804	5238	5427	66
1805	5241	5313	33
1806	5245	5357	33
1807	5258	5328	50
1808	5279	5391	66
1809	5281	5450	33
1810	5286	5370	33
1811	5292	5364	66
1812	5293	5367	66
1813	5296	5455	66
1814	5296	5998	66
1815	5296	5999	66
1816	5298	5503	66
1817	5298	5503	66
1818	5299	5402	33
1819	5299	5402	33
1820	5299	5762	33
1821	5300	5417	33
1822	5301	5401	33
1823	5301	5477	33
1824	5302	5499	33
1825	5302	5908	33
1826	5303	5956	33
1827	5303	6189	33
1828	5303	6197	33
1829	5303	6669	33
1830	5304	6131	33
1831	5304	6287	66
1832	5305	5402	33
1833	5305	5477	33
1834	5305	5886	33
1835	5305	5947	33
1836	5305	6316	33
1837	5305	6380	33
1838	5309	6568	66
1839	5311	5400	33
1840	5311	5406	33
1841	5315	6149	66
1842	5316	5447	33
1843	5317	5401	33
1844	5317	5448	33
1845	5331	5565	33
1846	5331	6305	66
1847	5341	5438	66
1848	5354	6340	66
1849	5356	5444	33
1850	5358	5707	33
1851	5358	6365	33
1852	5368	5873	33
1853	5370	6506	66
1854	5381	6568	33
1855	5383	5461	33
1856	5387	5464	33
1857	5395	5884	33
1858	5395	5983	33
1859	5401	5716	33
1860	5407	5485	66
1861	5407	5648	66
1862	5416	5750	33
1863	5417	5487	66
1864	5430	5547	66
1865	5445	6836	33
1866	5450	6495	66
1867	5452	5884	33
1868	5461	5523	33
1869	5476	5573	33
1870	5477	5656	66
1871	5477	6893	66
1872	5506	5755	33
1873	5515	5820	30
1874	5515	5983	33
1875	5515	6422	33
1876	5516	5882	33
1877	5516	5886	33
1878	5516	5886	33
1879	5516	6197	33
1880	5516	6356	33
1881	5516	6379	33
1882	5516	6393	33
1883	5516	6545	33
1884	5516	6546	33
1885	5516	6922	33
1886	5519	6956	33
1887	5520	5943	33
1888	5520	6197	33
1889	5520	6316	33
1890	5520	6956	33
1891	5520	6956	33
1892	5520	6956	33
1893	5520	6956	33
1894	5520	6956	33
1895	5520	6956	33
1896	5520	6956	33
1897	5520	6956	33
1898	5520	6956	33
1899	5520	6956	33
1900	5520	6956	33
1901	5520	6956	33
1902	5520	6956	33
1903	5520	6956	33
1904	5520	6957	33
1905	5520	6957	33
1906	5520	6957	33
1907	5520	6957	33
1908	5520	6957	33
1909	5520	6957	33
1910	5520	6957	33
1911	5520	6957	33
1912	5526	6957	33
1913	5553	5802	33
1914	5553	5802	33
1915	5553	5802	33
1916	5553	5802	33
1917	5553	5802	33
1918	5553	5802	33
1919	5554	5688	33
1920	5554	5694	33
1921	5554	5802	33
1922	5554	5802	33
1923	5554	5802	33
1924	5554	5802	33
1925	5554	5802	33
1926	5554	5802	33
1927	5554	5802	33
1928	5554	5802	33
1929	5554	5802	33
1930	5554	5802	33
1931	5554	5802	33
1932	5554	5802	33
1933	5555	5802	33
1934	5555	5802	33
1935	5555	5802	33
1936	5555	5802	33
1937	5555	5802	33
1938	5555	5802	33
1939	5555	5804	33
1940	5556	5802	33
1941	5556	5802	33
1942	5556	5802	33
1943	5556	5802	33
1944	5557	5804	33
1945	5558	5618	33
1946	5558	5618	33
1947	5558	5802	33
1948	5558	5802	33
1949	5558	5802	33
1950	5558	5802	33
1951	5558	5802	33
1952	5558	5802	33
1953	5558	5802	33
1954	5558	5802	33
1955	5558	5802	33
1956	5558	5804	33
1957	5558	5804	33
1958	5558	5804	33
1959	5558	5804	33
1960	5558	5804	33
1961	5559	5802	33
1962	5559	5802	33
1963	5559	5802	33
1964	5559	5802	33
1965	5559	5802	33
1966	5559	5802	33
1967	5559	5804	33
1968	5559	5804	33
1969	5562	5731	33
1970	5563	5802	33
1971	5563	5802	33
1972	5563	5802	33
1973	5563	5802	33
1974	5563	5802	33
1975	5566	5644	33
1976	5566	5647	33
1977	5566	5802	33
1978	5566	5802	33
1979	5566	5802	33
1980	5578	5711	66
1981	5578	5711	66
1982	5578	5711	66
1983	5581	5644	33
1984	5583	5802	33
1985	5583	5802	33
1986	5584	5764	33
1987	5587	5711	66
1988	5590	5711	66
1989	5590	5802	33
1990	5590	5802	33
1991	5593	5801	66
1992	5594	5711	66
1993	5594	5801	66
1994	5594	5801	66
1995	5594	5801	66
1996	5594	5801	66
1997	5594	5801	66
1998	5595	5801	66
1999	5598	5758	66
2000	5603	5802	33
2001	5603	5802	33
2002	5603	5802	33
2003	5611	5802	66
2004	5611	5802	66
2005	5612	5711	66
2006	5612	5802	33
2007	5612	5802	33
2008	5616	5801	66
2009	5618	5689	50
2010	5618	5801	66
2011	5621	5926	30
2012	5623	5801	66
2013	5632	5941	30
2014	5643	5722	33
2015	5649	5737	33
2016	5656	5791	25
2017	5664	5802	33
2018	5664	5802	33
2019	5674	5824	33
2020	5685	5802	33
2021	5686	5802	33
2022	5694	5920	66
2023	5701	5779	66
2024	5703	6260	33
2025	5706	5915	66
2026	5716	5862	33
2027	5718	5802	33
2028	5722	6827	33
2029	5722	6921	33
2030	5729	6057	33
2031	5731	5795	66
2032	5732	6476	66
2033	5732	6476	66
2034	5734	6475	66
2035	5734	6475	66
2036	5734	6475	66
2037	5734	6475	66
2038	5736	6476	66
2039	5736	6476	66
2040	5736	6476	66
2041	5736	6476	66
2042	5736	6476	66
2043	5736	6476	66
2044	5742	6475	66
2045	5743	6476	66
2046	5764	5824	33
2047	5764	5855	33
2048	5770	5989	33
2049	5771	5891	33
2050	5788	6081	33
2051	5788	6084	33
2052	5805	5892	33
2053	5815	6120	30
2054	5823	5932	25
2055	5829	5895	33
2056	5830	5895	33
2057	5830	5923	33
2058	5868	6102	66
2059	5874	6158	33
2060	5874	6210	33
2061	5876	6872	33
2062	5881	5962	25
2063	5881	5975	66
2064	5881	5988	33
2065	5881	6210	33
2066	5881	6210	33
2067	5881	6402	33
2068	5882	5943	33
2069	5884	6279	66
2070	5884	6279	66
2071	5884	6604	33
2072	5884	7038	66
2073	5885	5984	33
2074	5886	6279	66
2075	5886	6279	66
2076	5893	7035	33
2077	5895	6153	33
2078	5895	6338	33
2079	5895	6545	33
2080	5895	7153	33
2081	5896	6013	33
2082	5896	6425	33
2083	5897	5983	33
2084	5897	6425	33
2085	5900	6082	66
2086	5901	5973	66
2087	5902	6151	66
2088	5909	6280	66
2089	5911	6248	33
2090	5911	6278	66
2091	5911	6278	66
2092	5911	6278	66
2093	5911	6278	66
2094	5913	6060	33
2095	5915	6143	33
2096	5919	6278	66
2097	5919	6278	66
2098	5925	6278	66
2099	5926	6278	66
2100	5926	6278	66
2101	5932	6012	66
2102	5932	6131	66
2103	5933	6279	66
2104	5936	6047	33
2105	5941	6069	33
2106	5943	6095	66
2107	5960	6135	33
2108	5963	6068	33
2109	5978	6047	50
2110	5980	6285	30
2111	6000	6114	25
2112	6001	6095	66
2113	6004	6262	33
2114	6006	7086	33
2115	6011	6090	33
2116	6013	6562	66
2117	6035	6194	66
2118	6051	6127	66
2119	6061	6154	66
2120	6067	6216	66
2121	6067	6216	66
2122	6067	6216	66
2123	6084	6150	66
2124	6087	6472	33
2125	6107	6270	33
2126	6108	6381	66
2127	6113	7387	33
2128	6129	6213	33
2129	6134	6211	66
2130	6135	6205	66
2131	6153	6462	66
2132	6156	6228	66
2133	6157	6226	50
2134	6181	6264	25
2135	6183	6540	33
2136	6186	6353	66
2137	6195	6274	66
2138	6196	7595	33
2139	6197	6269	66
2140	6213	6281	66
2141	6216	6502	33
2142	6217	6289	33
2143	6232	6294	33
2144	6234	7289	33
2145	6236	6544	30
2146	6242	6733	30
2147	6250	6311	33
2148	6256	6679	66
2149	6262	6417	33
2150	6266	6326	33
2151	6267	6356	33
2152	6270	6345	66
2153	6272	6628	33
2154	6272	6692	30
2155	6273	6692	30
2156	6278	6378	66
2157	6296	6634	33
2158	6301	6378	66
2159	6301	6428	66
2160	6304	6671	33
2161	6316	6413	33
2162	6316	7452	33
2163	6318	6391	66
2164	6327	6425	33
2165	6330	7153	33
2166	6331	6438	25
2167	6331	6438	25
2168	6334	6397	66
2169	6334	6406	25
2170	6336	7151	33
2171	6342	6454	50
2172	6351	7266	33
2173	6352	7791	33
2174	6352	7791	33
2175	6352	7791	33
2176	6353	7791	33
2177	6354	7112	33
2178	6356	7794	33
2179	6361	6435	33
2180	6362	7155	33
2181	6367	7041	33
2182	6368	7367	33
2183	6371	7102	30
2184	6376	6535	33
2185	6378	7042	33
2186	6378	7336	33
2187	6379	6814	33
2188	6383	6458	33
2189	6386	6744	33
2190	6387	6754	33
2191	6390	7349	33
2192	6396	6914	33
2193	6397	6505	33
2194	6398	7654	33
2195	6406	7304	33
2196	6414	6639	33
2197	6421	6507	33
2198	6421	6512	25
2199	6421	6603	66
2200	6422	7172	33
2201	6423	6541	33
2202	6431	6562	33
2203	6432	6508	66
2204	6439	7128	33
2205	6441	7158	33
2206	6441	7175	33
2207	6441	7175	33
2208	6441	7177	33
2209	6441	7178	33
2210	6442	6924	33
2211	6442	6962	33
2212	6443	6561	33
2213	6443	6969	33
2214	6443	7882	33
2215	6443	7882	33
2216	6443	7882	33
2217	6445	6562	33
2218	6446	6543	33
2219	6446	6918	33
2220	6446	7175	33
2221	6446	7175	33
2222	6447	6921	33
2223	6447	7882	33
2224	6447	7882	33
2225	6447	7882	33
2226	6447	7882	33
2227	6447	7882	33
2228	6448	6531	33
2229	6448	6562	33
2230	6448	6562	33
2231	6448	6608	33
2232	6448	6643	33
2233	6458	6634	66
2234	6470	6534	33
2235	6471	6534	33
2236	6474	6534	50
2237	6474	6546	33
2238	6475	6542	33
2239	6475	6546	33
2240	6475	6546	33
2241	6475	6556	33
2242	6476	6922	33
2243	6481	6916	33
2244	6481	6922	33
2245	6483	6579	33
2246	6484	6546	25
2247	6485	6562	33
2248	6485	6862	33
2249	6487	6854	33
2250	6491	6634	66
2251	6492	6634	66
2252	6492	7004	66
2253	6494	6634	66
2254	6495	6634	66
2255	6518	6747	33
2256	6522	6634	66
2257	6522	6634	66
2258	6523	6634	66
2259	6523	6634	66
2260	6523	6634	66
2261	6541	6652	33
2262	6543	6845	33
2263	6543	7118	66
2264	6543	7118	66
2265	6544	6769	66
2266	6550	6757	33
2267	6556	6622	66
2268	6562	6705	33
2269	6571	7265	50
2270	6572	6650	33
2271	6574	7176	33
2272	6576	6637	33
2273	6594	7079	33
2274	6599	6662	66
2275	6605	6704	33
2276	6639	6982	66
2277	6648	7048	66
2278	6655	6967	66
2279	6658	6968	66
2280	6658	6968	66
2281	6659	7462	33
2282	6666	6968	66
2283	6666	6968	66
2284	6667	6729	66
2285	6667	6982	66
2286	6668	6968	66
2287	6671	6986	66
2288	6679	6982	66
2289	6679	6982	66
2290	6682	6795	25
2291	6688	6983	66
2292	6690	6964	66
2293	6697	6983	66
2294	6697	6983	66
2295	6698	7079	66
2296	6700	6812	33
2297	6701	6769	66
2298	6707	6768	66
2299	6711	6802	33
2300	6711	6803	33
2301	6711	6803	33
2302	6711	6827	33
2303	6711	6922	33
2304	6726	6965	66
2305	6728	6965	66
2306	6731	6965	66
2307	6731	6965	66
2308	6731	6965	66
2309	6734	6964	66
2310	6740	6983	66
2311	6741	6919	33
2312	6742	6828	50
2313	6743	6841	33
2314	6743	6844	33
2315	6743	6857	33
2316	6743	6857	33
2317	6743	6860	33
2318	6745	6845	33
2319	6749	6841	33
2320	6749	6856	33
2321	6749	6922	33
2322	6749	6922	33
2323	6751	7481	66
2324	6755	6965	66
2325	6755	6965	66
2326	6761	6920	33
2327	6761	7158	33
2328	6765	6986	66
2329	6766	6985	66
2330	6766	6985	66
2331	6767	6986	66
2332	6768	7310	33
2333	6774	6855	25
2334	6776	6986	66
2335	6776	6986	66
2336	6782	6985	66
2337	6782	6985	66
2338	6782	6986	66
2339	6782	6986	66
2340	6782	7022	66
2341	6785	6977	66
2342	6791	7882	33
2343	6797	7310	33
2344	6798	7323	25
2345	6798	7462	66
2346	6839	6921	33
2347	6840	6954	66
2348	6842	7219	33
2349	6843	6930	33
2350	6845	6982	66
2351	6851	6940	66
2352	6852	6987	33
2353	6853	8059	25
2354	6854	6924	66
2355	6855	6925	33
2356	6857	7554	66
2357	6868	6969	66
2358	6868	6987	66
2359	6871	7010	33
2360	6871	7476	66
2361	6873	6988	66
2362	6877	6961	66
2363	6878	6943	66
2364	6887	6973	33
2365	6889	6951	33
2366	6889	7101	33
2367	6890	7297	66
2368	6892	6973	33
2369	6901	6988	33
2370	6909	7002	66
2371	6910	6974	66
2372	6911	6975	33
2373	6911	7164	33
2374	6911	7322	66
2375	6918	6994	33
2376	6918	7012	33
2377	6918	7012	33
2378	6918	7096	33
2379	6918	7101	33
2380	6918	7564	33
2381	6919	6981	33
2382	6919	6994	33
2383	6921	7155	33
2384	6922	7012	33
2385	6922	7016	33
2386	6922	7017	33
2387	6922	7025	33
2388	6923	7016	33
2389	6934	8319	66
2390	6938	7014	33
2391	6949	7127	66
2392	6956	7075	66
2393	6961	7115	66
2394	6961	7195	66
2395	6966	7028	50
2396	6969	7102	33
2397	6969	7155	33
2398	6972	7118	66
2399	6979	7300	30
2400	6980	7100	33
2401	6980	7871	66
2402	6982	7102	33
2403	6986	7178	33
2404	6993	7822	33
2405	6996	7059	66
2406	6998	7068	50
2407	7006	7090	66
2408	7012	7681	33
2409	7018	7333	66
2410	7021	7089	66
2411	7021	7092	66
2412	7021	7095	33
2413	7021	7143	33
2414	7021	7212	33
2415	7033	7108	66
2416	7036	7101	33
2417	7039	7101	33
2418	7049	7160	33
2419	7070	7134	66
2420	7071	7132	66
2421	7085	7160	33
2422	7085	7220	33
2423	7085	7233	33
2424	7086	7196	33
2425	7087	7173	33
2426	7087	7180	33
2427	7087	7200	33
2428	7087	7200	33
2429	7087	7200	33
2430	7087	7200	33
2431	7087	7200	33
2432	7087	7200	33
2433	7088	7177	33
2434	7088	7200	33
2435	7088	7882	33
2436	7088	7930	33
2437	7092	7303	25
2438	7111	7177	33
2439	7111	7346	33
2440	7114	7349	33
2441	7119	7864	66
2442	7126	7191	50
2443	7135	7347	66
2444	7135	7477	66
2445	7136	7285	66
2446	7136	7287	66
2447	7158	8382	33
2448	7159	7233	33
2449	7159	7255	33
2450	7159	7346	33
2451	7159	7349	33
2452	7165	7346	33
2453	7167	7749	33
2454	7181	7288	66
2455	7185	7512	33
2456	7195	7306	66
2457	7201	7287	66
2458	7210	7584	33
2459	7213	7584	33
2460	7229	7307	33
2461	7231	7294	33
2462	7233	7317	33
2463	7242	7504	33
2464	7254	7320	33
2465	7254	7323	33
2466	7258	7332	33
2467	7258	7338	33
2468	7259	7349	33
2469	7259	7349	33
2470	7260	7342	33
2471	7261	7345	33
2472	7265	7349	66
2473	7268	7345	66
2474	7270	7530	25
2475	7272	7499	66
2476	7273	8060	50
2477	7275	7347	66
2478	7276	7359	66
2479	7276	7589	33
2480	7276	7589	33
2481	7277	7849	25
2482	7277	7849	25
2483	7279	7542	33
2484	7281	7511	33
2485	7286	7518	33
2486	7332	7793	33
2487	7332	7793	33
2488	7336	7455	33
2489	7337	7467	66
2490	7348	7654	30
2491	7354	7650	30
2492	7356	7499	33
2493	7357	8369	33
2494	7358	7455	66
2495	7360	7560	33
2496	7362	7512	33
2497	7367	7509	33
2498	7367	7677	66
2499	7368	7449	66
2500	7368	7473	33
2501	7368	7491	33
2502	7368	7515	33
2503	7374	7794	25
2504	7375	7496	33
2505	7375	7500	33
2506	7375	7509	33
2507	7384	7464	66
2508	7385	8113	66
2509	7386	7515	66
2510	7395	7455	61
2511	7397	7551	66
2512	7400	7968	66
2513	7410	7494	50
2514	7418	7505	33
2515	7421	7505	33
2516	7421	7512	33
2517	7421	7515	33
2518	7424	7650	33
2519	7432	7666	33
2520	7436	7554	50
2521	7439	7525	33
2522	7441	7528	33
2523	7443	8881	33
2524	7456	7517	66
2525	7472	7706	66
2526	7478	7548	50
2527	7500	8654	66
2528	7546	7632	66
2529	7549	7637	66
2530	7561	7673	33
2531	7562	8059	25
2532	7565	7866	33
2533	7569	7657	25
2534	7589	7814	33
2535	7593	7768	66
2536	7636	7801	66
2537	7655	7735	66
2538	7663	7745	33
2539	7673	7830	66
2540	7681	7742	66
2541	7681	7830	33
2542	7681	7872	33
2543	7683	8140	30
2544	7683	8140	30
2545	7686	7770	33
2546	7686	7770	33
2547	7689	7908	33
2548	7692	7758	33
2549	7692	7770	33
2550	7692	7798	33
2551	7693	7770	33
2552	7693	7781	33
2553	7693	7798	33
2554	7693	7809	33
2555	7693	7820	33
2556	7693	7820	33
2557	7693	7820	33
2558	7694	7781	33
2559	7696	7756	25
2560	7708	7794	66
2561	7710	9142	30
2562	7719	7797	66
2563	7720	8059	50
2564	7732	7794	66
2565	7732	7794	66
2566	7737	8034	50
2567	7741	7868	66
2568	7745	7908	66
2569	7746	8038	33
2570	7772	7858	66
2571	7778	8088	66
2572	7806	7913	25
2573	7806	7962	66
2574	7806	7972	33
2575	7806	8493	33
2576	7811	8811	33
2577	7822	8060	25
2578	7831	7908	33
2579	7831	7908	33
2580	7832	7906	33
2581	7842	8467	33
2582	7842	8526	33
2583	7855	8218	33
2584	7857	8162	30
2585	7861	7963	66
2586	7863	9243	66
2587	7866	8218	33
2588	7870	7960	33
2589	7876	8963	66
2590	7903	8234	33
2591	7913	8105	66
2592	7921	8385	66
2593	7921	8386	66
2594	7922	8386	66
2595	7923	8105	66
2596	7923	8181	33
2597	7933	8178	33
2598	7953	8114	66
2599	7958	8594	33
2600	7959	8403	33
2601	7972	8149	33
2602	7974	8058	33
2603	7974	9389	33
2604	7975	8046	33
2605	7981	8078	33
2606	7984	8525	66
2607	7997	8079	33
2608	8007	8762	33
2609	8009	8070	33
2610	8013	8082	33
2611	8014	8092	33
2612	8020	8116	50
2613	8021	8361	33
2614	8034	8105	33
2615	8035	9089	33
2616	8044	8169	30
2617	8044	8206	33
2618	8045	8767	33
2619	8047	8132	66
2620	8048	8964	33
2621	8055	8161	66
2622	8057	8146	66
2623	8057	8159	33
2624	8057	8254	66
2625	8058	8189	33
2626	8067	8975	33
2627	8070	8154	33
2628	8082	8190	66
2629	8094	8247	33
2630	8097	8359	33
2631	8101	8234	33
2632	8104	8204	33
2633	8105	8207	66
2634	8106	8846	66
2635	8113	8174	33
2636	8120	8188	33
2637	8120	8188	33
2638	8120	8193	33
2639	8121	8189	33
2640	8121	8192	33
2641	8121	8192	33
2642	8121	8193	33
2643	8121	8194	33
2644	8121	8194	33
2645	8121	8194	33
2646	8121	8195	33
2647	8121	8195	33
2648	8121	8197	33
2649	8129	8712	66
2650	8162	8306	66
2651	8163	8306	66
2652	8182	8257	66
2653	8183	9317	66
2654	8185	8272	33
2655	8188	8399	33
2656	8206	8380	66
2657	8207	8771	66
2658	8210	8582	33
2659	8211	8276	33
2660	8221	8297	33
2661	8224	8317	33
2662	8230	8571	25
2663	8240	8330	66
2664	8241	8413	66
2665	8244	8335	33
2666	8246	8359	66
2667	8252	8830	66
2668	8281	8428	33
2669	8285	8351	33
2670	8285	8369	33
2671	8286	8355	33
2672	8286	8355	33
2673	8286	8356	33
2674	8287	8355	33
2675	8287	8355	33
2676	8287	8355	33
2677	8287	8355	33
2678	8287	8357	33
2679	8289	8353	33
2680	8289	8356	33
2681	8289	8356	33
2682	8289	8364	33
2683	8291	8398	66
2684	8311	8442	66
2685	8317	8433	66
2686	8335	8395	66
2687	8340	8400	33
2688	8341	8402	33
2689	8341	8424	66
2690	8343	8413	66
2691	8344	8440	33
2692	8352	8432	33
2693	8352	8444	66
2694	8354	8414	30
2695	8354	8432	33
2696	8357	8431	33
2697	8357	8440	33
2698	8357	8486	33
2699	8357	9555	33
2700	8358	8422	33
2701	8358	8426	33
2702	8358	8431	33
2703	8358	8437	33
2704	8358	8447	33
2705	8358	8473	33
2706	8358	8767	66
2707	8359	8440	33
2708	8361	9283	66
2709	8374	8691	66
2710	8401	8469	33
2711	8401	8529	33
2712	8401	9045	66
2713	8408	9105	33
2714	8425	8508	66
2715	8427	8496	33
2716	8427	8496	33
2717	8427	8497	33
2718	8427	8497	33
2719	8427	8499	33
2720	8427	8499	33
2721	8427	8500	33
2722	8428	8491	33
2723	8428	8496	33
2724	8428	8497	33
2725	8428	8499	33
2726	8428	8499	33
2727	8428	8499	33
2728	8428	8499	33
2729	8428	8499	33
2730	8428	8499	33
2731	8428	8499	33
2732	8428	8499	33
2733	8428	8499	33
2734	8428	8499	33
2735	8452	8625	66
2736	8454	8552	66
2737	8454	8567	66
2738	8454	8630	66
2739	8479	8562	66
2740	8482	8793	30
2741	8492	8760	33
2742	8496	8566	50
2743	8496	8597	50
2744	8516	8750	33
2745	8516	8944	33
2746	8516	8963	33
2747	8516	8975	33
2748	8517	8952	33
2749	8517	8963	33
2750	8521	8944	33
2751	8521	9443	33
2752	8521	9545	33
2753	8522	8750	33
2754	8522	8963	33
2755	8528	8769	33
2756	8528	8944	33
2757	8528	8952	33
2758	8529	9585	33
2759	8536	8641	25
2760	8543	8687	50
2761	8543	8687	50
2762	8554	8634	33
2763	8558	8665	66
2764	8574	8755	33
2765	8581	8692	66
2766	8611	9520	33
2767	8630	8824	66
2768	8630	8825	66
2769	8641	9338	33
2770	8656	8781	66
2771	8659	9005	66
2772	8667	8864	50
2773	8673	9661	33
2774	8675	8911	66
2775	8686	8763	33
2776	8686	8778	33
2777	8693	9001	30
2778	8701	8802	66
2779	8704	8816	33
2780	8715	8794	66
2781	8737	8808	50
2782	8757	8861	33
2783	8760	10024	66
2784	8761	8865	66
2785	8767	8834	33
2786	8767	8836	33
2787	8773	8874	50
2788	8779	9174	33
2789	8779	9203	33
2790	8779	9203	33
2791	8791	9174	33
2792	8791	9174	33
2793	8815	8886	33
2794	8816	8885	33
2795	8816	8956	33
2796	8818	8923	33
2797	8821	8934	33
2798	8821	8940	66
2799	8821	8984	66
2800	8822	8939	66
2801	8827	8900	33
2802	8855	9128	25
2803	8857	9597	33
2804	8874	8982	66
2805	8881	8967	66
2806	8891	9343	25
2807	8894	9002	66
2808	8906	8982	66
2809	8910	8972	66
2810	8937	9008	66
2811	8941	9096	25
2812	8953	9125	66
2813	8956	9449	33
2814	8958	9020	66
2815	8961	9084	33
2816	8966	9431	66
2817	8971	9056	66
2818	8978	9054	50
2819	8978	9272	30
2820	8981	9044	33
2821	8994	9105	33
2822	9001	9075	33
2823	9009	9113	66
2824	9016	9431	66
2825	9031	9248	66
2826	9043	9184	66
2827	9045	9129	33
2828	9047	9237	66
2829	9054	9320	33
2830	9061	9198	33
2831	9075	9135	25
2832	9075	9206	33
2833	9098	9405	30
2834	9126	9188	66
2835	9127	9306	33
2836	9129	9253	66
2837	9134	9313	33
2838	9135	9341	66
2839	9137	9206	33
2840	9181	9309	66
2841	9186	9281	33
2842	9196	9293	66
2843	9196	10632	33
2844	9208	9293	66
2845	9221	9558	33
2846	9222	9563	33
2847	9223	9563	33
2848	9225	9292	33
2849	9228	9401	33
2850	9228	9408	33
2851	9229	9401	33
2852	9229	9408	33
2853	9229	9639	33
2854	9230	9396	33
2855	9230	9396	33
2856	9230	9419	33
2857	9230	9618	33
2858	9230	9618	33
2859	9235	9436	66
2860	9242	9313	33
2861	9243	9313	66
2862	9246	9936	33
2863	9249	9365	25
2864	9256	9319	25
2865	9256	9487	25
2866	9258	9626	33
2867	9259	9387	66
2868	9269	9830	33
2869	9283	9362	66
2870	9288	9419	66
2871	9290	10090	30
2872	9295	9355	50
2873	9301	9415	50
2874	9301	9415	50
2875	9301	9473	33
2876	9312	10745	33
2877	9317	10141	66
2878	9331	9404	66
2879	9338	9406	50
2880	9355	9422	33
2881	9364	10383	66
2882	9367	9519	66
2883	9373	9976	33
2884	9398	9468	50
2885	9419	9494	30
2886	9421	9489	66
2887	9437	9595	25
2888	9441	10087	33
2889	9449	10403	33
2890	9451	9656	66
2891	9451	9960	25
2892	9458	9519	66
2893	9460	9534	33
2894	9461	9597	66
2895	9481	10711	66
2896	9496	9647	25
2897	9497	10008	33
2898	9524	9824	33
2899	9529	10769	33
2900	9532	9762	33
2901	9533	9687	33
2902	9541	9702	33
2903	9545	9801	66
2904	9545	9826	66
2905	9551	9639	33
2906	9552	9654	33
2907	9554	9907	66
2908	9554	10032	66
2909	9558	9663	33
2910	9558	10593	33
2911	9559	9663	33
2912	9559	9664	33
2913	9566	9639	33
2914	9567	9799	66
2915	9576	9854	66
2916	9601	9688	66
2917	9601	9731	66
2918	9601	9757	50
2919	9607	10044	33
2920	9626	9841	25
2921	9642	9845	33
2922	9643	10021	33
2923	9647	9863	33
2924	9649	9725	33
2925	9656	9758	66
2926	9656	9759	66
2927	9656	9949	33
2928	9656	10755	33
2929	9656	10755	33
2930	9661	9750	66
2931	9665	9771	30
2932	9667	9732	33
2933	9667	9967	25
2934	9674	9759	33
2935	9674	9769	33
2936	9674	9779	33
2937	9674	9780	33
2938	9674	9800	33
2939	9675	9744	33
2940	9675	9769	33
2941	9675	9779	33
2942	9675	9780	33
2943	9675	9780	33
2944	9675	9790	33
2945	9675	9800	33
2946	9678	9759	66
2947	9682	10861	66
2948	9688	9786	33
2949	9688	10334	66
2950	9688	10755	33
2951	9695	9758	33
2952	9702	9844	66
2953	9712	9834	66
2954	9712	9838	66
2955	9712	9842	66
2956	9712	9842	66
2957	9712	9844	66
2958	9712	10302	30
2959	9721	9919	66
2960	9734	9839	33
2961	9742	9854	33
2962	9758	10159	66
2963	9774	9850	33
2964	9781	9871	33
2965	9805	9886	33
2966	9813	9934	25
2967	9834	9914	33
2968	9841	9944	66
2969	9841	10006	66
2970	9846	10018	33
2971	9847	10874	66
2972	9850	9936	66
2973	9851	10024	66
2974	9851	10024	66
2975	9851	10031	33
2976	9852	9921	30
2977	9856	9940	66
2978	9856	9940	66
2979	9877	9947	50
2980	9878	10027	66
2981	9892	9954	40
2982	9901	10005	66
2983	9916	10171	33
2984	9931	10009	66
2985	9933	10051	33
2986	9935	10014	66
2987	9935	10025	66
2988	9935	10034	66
2989	9937	10245	66
2990	9952	10013	33
2991	9959	10480	66
2992	9960	10258	33
2993	9968	10033	33
2994	9969	10059	50
2995	9977	10252	33
2996	9977	10269	33
2997	9977	10269	33
2998	9977	10280	33
2999	9977	10280	33
3000	9977	10301	33
3001	9977	10301	33
3002	9977	10311	33
3003	9977	10328	33
3004	9977	10331	33
3005	9978	10290	33
3006	9978	10301	33
3007	9979	10048	33
3008	9979	10230	33
3009	9979	10252	33
3010	9979	10301	33
3011	9992	10069	33
3012	9995	10069	33
3013	9997	10140	66
3014	10011	10234	66
3015	10019	10132	66
3016	10021	10402	33
3017	10022	10099	33
3018	10037	10318	33
3019	10040	10242	33
3020	10040	10269	33
3021	10040	10301	33
3022	10051	10263	66
3023	10052	10141	33
3024	10058	10130	33
3025	10069	10151	33
3026	10082	10230	66
3027	10083	10269	33
3028	10084	10212	25
3029	10084	10266	33
3030	10095	10352	66
3031	10095	10371	66
3032	10098	10230	66
3033	10099	10237	33
3034	10111	10235	66
3035	10127	10427	66
3036	10134	10245	66
3037	10153	10940	50
3038	10156	10232	66
3039	10160	10276	33
3040	10171	10274	33
3041	10171	10315	66
3042	10195	10402	33
3043	10197	10314	66
3044	10201	10276	25
3045	10201	10459	33
3046	10201	10619	33
3047	10201	10667	33
3048	10220	10315	66
3049	10222	10488	66
3050	10238	10406	33
3051	10244	10318	33
3052	10253	10336	33
3053	10261	10343	33
3054	10261	10349	66
3055	10289	10460	66
3056	10295	10379	33
3057	10295	10380	33
3058	10298	10383	66
3059	10303	10367	33
3060	10309	10378	33
3061	10319	11611	66
3062	10321	10399	33
3063	10325	10419	66
3064	10327	10466	33
3065	10333	10396	33
3066	10333	10397	33
3067	10333	10406	33
3068	10336	10876	33
3069	10338	10642	66
3070	10341	10453	66
3071	10347	10453	66
3072	10351	10453	33
3073	10369	10488	66
3074	10376	10458	50
3075	10380	10458	50
3076	10381	10475	66
3077	10381	10487	33
3078	10381	10497	66
3079	10403	10661	66
3080	10435	10519	66
3081	10436	10548	33
3082	10445	11821	50
3083	10447	10757	30
3084	10451	10546	33
3085	10451	10549	33
3086	10453	10533	33
3087	10456	10576	66
3088	10463	10689	33
3089	10470	10619	33
3090	10475	10640	33
3091	10478	10548	50
3092	10496	10812	66
3093	10511	11575	33
3094	10511	11715	33
3095	10516	10668	66
3096	10531	10718	66
3097	10538	10607	50
3098	10562	10672	33
3099	10562	10672	33
3100	10562	10703	33
3101	10563	10693	33
3102	10566	10628	33
3103	10566	10649	33
3104	10566	10703	33
3105	10567	10662	33
3106	10573	10678	33
3107	10574	10648	33
3108	10574	10655	33
3109	10574	10678	33
3110	10576	10671	33
3111	10576	10720	33
3112	10576	10734	33
3113	10577	10642	33
3114	10577	10657	33
3115	10579	10752	33
3116	10603	10698	66
3117	10608	10721	66
3118	10608	10739	66
3119	10609	10680	33
3120	10612	10705	33
3121	10621	10689	33
3122	10625	10717	66
3123	10625	10744	66
3124	10625	10748	66
3125	10626	10738	33
3126	10631	10748	33
3127	10636	10724	66
3128	10636	10815	25
3129	10636	10859	66
3130	10646	10730	33
3131	10646	10805	66
3132	10688	11668	33
3133	10693	11365	33
3134	10693	11385	33
3135	10693	12032	33
3136	10698	10784	33
3137	10698	10791	33
3138	10698	10906	66
3139	10702	11125	33
3140	10705	10862	33
3141	10707	10881	25
3142	10726	10819	33
3143	10729	11163	33
3144	10732	11041	30
3145	10740	10854	33
3146	10742	11526	33
3147	10766	11476	25
3148	10770	10840	33
3149	10771	11709	33
3150	10772	10852	33
3151	10773	10841	33
3152	10773	10856	33
3153	10773	10856	33
3154	10774	10841	33
3155	10777	10852	33
3156	10777	10856	33
3157	10777	10859	33
3158	10777	10859	33
3159	10788	10852	33
3160	10788	10852	33
3161	10788	10859	33
3162	10788	10859	33
3163	10788	10860	33
3164	10788	10862	33
3165	10788	10862	33
3166	10796	11887	66
3167	10801	10882	33
3168	10801	11200	66
3169	10801	11842	33
3170	10802	11960	33
3171	10808	10927	33
3172	10814	11293	33
3173	10816	11070	66
3174	10829	12200	33
3175	10831	11242	66
3176	10840	10925	66
3177	10840	11408	66
3178	10851	10949	66
3179	10852	10975	66
3180	10856	11071	33
3181	10858	10991	50
3182	10860	10933	33
3183	10862	10958	66
3184	10871	11018	33
3185	10874	11361	33
3186	10876	11071	33
3187	10876	11101	33
3188	10879	10940	50
3189	10888	11614	66
3190	10896	10969	33
3191	10900	10985	33
3192	10900	11222	33
3193	10915	11021	33
3194	10920	11371	25
3195	10924	11065	66
3196	10930	11025	66
3197	10933	11000	33
3198	10936	11106	25
3199	10936	11227	33
3200	10950	11065	25
3201	10952	11462	33
3202	10956	11267	30
3203	10958	11026	50
3204	10968	11620	66
3205	10980	11320	33
3206	10981	11148	66
3207	10986	11112	33
3208	10990	11151	66
3209	11002	11089	33
3210	11009	11909	66
3211	11011	11101	66
3212	11011	11187	66
3213	11011	11213	66
3214	11012	11214	66
3215	11015	11098	33
3216	11017	11133	33
3217	11030	11213	66
3218	11034	11113	33
3219	11034	11113	33
3220	11034	11124	33
3221	11034	11124	33
3222	11034	11133	33
3223	11034	11133	33
3224	11038	11113	33
3225	11038	11124	33
3226	11038	11133	33
3227	11039	11121	33
3228	11039	11121	33
3229	11039	11121	33
3230	11039	11133	33
3231	11062	11636	66
3232	11069	11407	66
3233	11070	11407	66
3234	11070	11641	33
3235	11075	11183	66
3236	11093	11263	66
3237	11099	11519	66
3238	11102	11364	66
3239	11113	11193	66
3240	11123	11383	33
3241	11123	11383	66
3242	11124	11205	33
3243	11124	12176	33
3244	11125	12029	66
3245	11127	11196	66
3246	11127	11210	66
3247	11127	11357	66
3248	11128	11213	66
3249	11129	11636	66
3250	11137	11235	33
3251	11156	12578	33
3252	11174	11509	33
3253	11176	11426	66
3254	11176	11719	33
3255	11177	11313	66
3256	11178	11313	66
3257	11178	11315	66
3258	11181	11243	33
3259	11181	11315	33
3260	11181	11348	33
3261	11181	11366	33
3262	11181	11370	33
3263	11182	11266	33
3264	11182	11338	33
3265	11182	11359	33
3266	11182	11359	33
3267	11182	11376	33
3268	11183	11243	33
3269	11183	11254	33
3270	11187	11443	33
3271	11193	11364	66
3272	11194	11268	66
3273	11202	11859	33
3274	11216	11294	33
3275	11222	11642	33
3276	11239	12512	33
3277	11252	11342	66
3278	11252	11352	25
3279	11263	11396	25
3280	11265	11469	66
3281	11267	11536	33
3282	11276	11380	33
3283	11277	11338	33
3284	11279	11370	33
3285	11281	11342	33
3286	11282	11668	33
3287	11284	11356	66
3288	11284	11412	25
3289	11286	11362	33
3290	11290	11669	33
3291	11300	11367	66
3292	11308	11642	33
3293	11311	11434	66
3294	11330	11409	66
3295	11336	11887	66
3296	11340	11402	66
3297	11341	11402	66
3298	11341	11402	66
3299	11342	11439	33
3300	11346	11446	33
3301	11349	11539	33
3302	11356	11513	66
3303	11357	11521	66
3304	11358	11515	66
3305	11358	11515	66
3306	11367	11565	50
3307	11377	11626	30
3308	11378	11535	66
3309	11387	12339	33
3310	11387	12339	33
3311	11387	12341	33
3312	11388	11491	33
3313	11388	11875	33
3314	11390	11450	33
3315	11391	11466	33
3316	11391	12339	33
3317	11392	11456	33
3318	11392	11890	33
3319	11392	11967	33
3320	11392	12341	33
3321	11400	11470	66
3322	11402	11485	33
3323	11402	11582	33
3324	11404	11514	66
3325	11407	11506	33
3326	11417	11526	25
3327	11420	11516	66
3328	11421	11514	66
3329	11421	11516	66
3330	11427	11884	33
3331	11434	11746	66
3332	11434	11746	66
3333	11435	12380	50
3334	11439	11560	66
3335	11440	11972	66
3336	11440	11972	66
3337	11452	12088	50
3338	11466	11592	66
3339	11466	11596	66
3340	11466	11601	66
3341	11467	11600	66
3342	11471	11573	33
3343	11476	11545	66
3344	11476	12340	33
3345	11493	11559	33
3346	11507	11571	33
3347	11507	12339	33
3348	11521	12549	33
3349	11524	11594	33
3350	11529	11622	33
3351	11531	11702	33
3352	11534	11980	33
3353	11536	11596	50
3354	11551	11691	66
3355	11552	12076	25
3356	11561	11641	33
3357	11564	11786	66
3358	11567	11704	33
3359	11576	11980	33
3360	11581	11980	33
3361	11581	11982	33
3362	11598	13024	66
3363	11613	11741	33
3364	11630	11691	33
3365	11633	11746	33
3366	11641	12091	33
3367	11642	12900	66
3368	11651	11723	66
3369	11651	11724	66
3370	11657	11875	66
3371	11673	11847	66
3372	11688	11864	33
3373	11692	11753	66
3374	11712	11788	33
3375	11717	11803	66
3376	11724	11798	33
3377	11725	12115	33
3378	11727	11839	33
3379	11781	11940	33
3380	11790	11891	33
3381	11798	11868	50
3382	11798	11882	66
3383	11802	12549	33
3384	11806	11889	50
3385	11807	11997	66
3386	11808	11967	66
3387	11821	11911	33
3388	11821	11914	33
3389	11853	11985	33
3390	11881	12034	66
3391	11881	13146	66
3392	11943	12013	33
3393	11944	12018	66
3394	11944	12085	66
3395	12017	12193	33
3396	12061	12158	33
3397	12063	12154	66
3398	12063	12188	66
3399	12063	12261	66
3400	12069	12193	66
3401	12076	12245	25
3402	12076	12245	25
3403	12092	12177	33
3404	12120	12339	33
3405	12121	12190	33
3406	12121	12212	33
3407	12124	13334	33
3408	12127	12940	33
3409	12131	12245	25
3410	12137	12501	33
3411	12137	12501	33
3412	12137	12806	33
3413	12156	12239	33
3414	12159	12250	33
3415	12167	13022	33
3416	12172	12266	33
3417	12181	12327	25
3418	12181	12428	33
3419	12186	13265	33
3420	12190	12403	33
3421	12192	12281	66
3422	12210	13145	66
3423	12211	12284	66
3424	12213	12467	66
3425	12214	12993	40
3426	12218	13587	30
3427	12220	12310	33
3428	12221	12341	33
3429	12241	12333	33
3430	12241	12335	66
3431	12242	12499	66
3432	12243	13064	25
3433	12244	13025	66
3434	12268	13467	33
3435	12270	12515	33
3436	12273	12397	66
3437	12287	12495	33
3438	12297	12838	66
3439	12297	13665	66
3440	12298	13294	33
3441	12301	12362	33
3442	12301	12388	66
3443	12301	12394	66
3444	12301	12404	66
3445	12301	12870	30
3446	12302	12812	66
3447	12303	12380	33
3448	12303	12390	66
3449	12309	12408	66
3450	12316	12787	33
3451	12317	12603	33
3452	12321	12398	66
3453	12323	12391	33
3454	12324	12670	33
3455	12324	12675	33
3456	12324	12677	33
3457	12325	12430	33
3458	12325	12430	33
3459	12325	12675	33
3460	12325	12677	33
3461	12326	12675	33
3462	12327	12646	66
3463	12333	12513	33
3464	12359	12825	33
3465	12365	12837	66
3466	12365	12837	66
3467	12371	12452	33
3468	12374	12449	66
3469	12380	13082	33
3470	12384	12518	33
3471	12391	12488	66
3472	12391	12496	66
3473	12395	12495	66
3474	12417	12922	30
3475	12424	12486	66
3476	12424	12537	66
3477	12425	12487	33
3478	12425	12696	33
3479	12425	13660	33
3480	12429	12519	66
3481	12431	12506	33
3482	12449	12546	33
3483	12452	12572	33
3484	12463	12588	33
3485	12467	12731	33
3486	12468	12864	33
3487	12470	12626	50
3488	12481	12585	33
3489	12487	12725	66
3490	12497	12722	25
3491	12497	12926	66
3492	12499	12593	33
3493	12500	12562	33
3494	12500	12572	33
3495	12500	12572	33
3496	12500	12582	33
3497	12500	12603	33
3498	12500	12614	33
3499	12500	12614	33
3500	12500	12624	33
3501	12500	12624	33
3502	12501	12572	33
3503	12501	12624	33
3504	12501	12718	33
3505	12505	12572	33
3506	12505	12614	33
3507	12523	12604	33
3508	12525	12588	33
3509	12526	12793	33
3510	12540	12633	66
3511	12541	12609	66
3512	12547	12619	33
3513	12561	13490	30
3514	12564	12641	33
3515	12579	12686	33
3516	12580	12655	33
3517	12580	12656	33
3518	12580	12656	33
3519	12580	12657	33
3520	12580	12771	33
3521	12596	13594	66
3522	12601	12691	33
3523	12606	12853	33
3524	12609	12722	25
3525	12611	12697	33
3526	12614	12687	66
3527	12617	12782	66
3528	12635	12730	33
3529	12642	12852	33
3530	12642	12859	33
3531	12647	12730	33
3532	12649	12718	33
3533	12649	12724	33
3534	12649	12730	33
3535	12649	12744	33
3536	12649	12749	33
3537	12649	12787	33
3538	12650	12724	33
3539	12650	12724	33
3540	12650	12724	33
3541	12650	12724	33
3542	12650	12743	33
3543	12650	12743	33
3544	12650	12749	33
3545	12650	12852	33
3546	12650	12856	33
3547	12660	12836	66
3548	12663	12765	33
3549	12675	12804	33
3550	12677	12749	33
3551	12677	12753	33
3552	12698	12768	66
3553	12706	12769	66
3554	12714	13023	25
3555	12721	12897	66
3556	12721	12897	66
3557	12721	12963	33
3558	12724	12904	33
3559	12729	12792	33
3560	12729	12805	33
3561	12729	12805	33
3562	12737	13211	66
3563	12754	12822	33
3564	12754	12822	33
3565	12754	12833	33
3566	12754	12843	33
3567	12754	12898	33
3568	12756	13067	33
3569	12757	12828	50
3570	12757	12833	33
3571	12757	12847	33
3572	12757	12856	33
3573	12758	13211	66
3574	12765	12865	66
3575	12768	12884	33
3576	12770	12844	33
3577	12789	12911	66
3578	12796	12949	66
3579	12796	13015	66
3580	12798	12942	66
3581	12815	12948	50
3582	12840	13448	66
3583	12852	12932	33
3584	12856	12917	33
3585	12857	12953	33
3586	12862	13000	33
3587	12862	13005	33
3588	12867	12998	33
3589	12867	13007	33
3590	12867	13008	33
3591	12867	13057	33
3592	12868	12956	33
3593	12868	12994	33
3594	12868	13007	33
3595	12868	13008	33
3596	12869	12946	33
3597	12880	13222	33
3598	12881	12957	33
3599	12882	12989	33
3600	12896	13028	66
3601	12899	12979	33
3602	12901	12968	33
3603	12904	12979	66
3604	12907	12972	66
3605	12915	12979	66
3606	12918	12982	33
3607	12919	12998	33
3608	12919	12998	33
3609	12946	14260	30
3610	12952	13015	66
3611	12961	13034	33
3612	12975	13063	33
3613	12976	13202	33
3614	12976	13230	66
3615	13009	13070	66
3616	13021	13094	33
3617	13023	13143	66
3618	13026	13093	66
3619	13030	13098	33
3620	13030	13098	33
3621	13030	13098	33
3622	13033	13820	25
3623	13035	13120	66
3624	13037	13104	66
3625	13051	13250	33
3626	13057	13143	66
3627	13071	13570	33
3628	13072	13426	33
3629	13081	13370	50
3630	13081	13370	50
3631	13081	13570	33
3632	13085	13219	33
3633	13096	13162	33
3634	13099	13167	33
3635	13115	13333	66
3636	13119	13279	33
3637	13145	13211	33
3638	13145	13641	66
3639	13145	13641	66
3640	13148	13222	33
3641	13156	13245	66
3642	13156	13264	66
3643	13156	13270	33
3644	13159	13260	33
3645	13159	13260	33
3646	13161	13243	66
3647	13174	13639	33
3648	13179	13244	66
3649	13200	13698	25
3650	13200	13698	25
3651	13201	13305	33
3652	13233	13305	33
3653	13245	13305	33
3654	13245	13309	33
3655	13245	13309	33
3656	13245	13309	33
3657	13245	13309	33
3658	13324	13409	33
3659	13333	13686	33
3660	13336	13490	25
3661	13354	13628	66
3662	13366	13460	33
3663	13366	13460	33
3664	13368	13582	66
3665	13387	13519	33
3666	13387	13519	33
3667	13396	13461	66
3668	13396	13480	66
3669	13411	13473	66
3670	13417	13488	50
3671	13427	13692	33
3672	13434	13530	33
3673	13436	13530	33
3674	13436	13539	33
3675	13436	13541	33
3676	13437	13541	33
3677	13437	13541	33
3678	13437	13547	33
3679	13438	13510	33
3680	13439	13541	33
3681	13439	13541	33
3682	13439	13550	33
3683	13442	13503	33
3684	13442	13563	33
3685	13442	13563	33
3686	13442	13601	33
3687	13443	13513	33
3688	13444	13513	33
3689	13444	13517	33
3690	13444	13522	33
3691	13444	13545	33
3692	13446	13529	33
3693	13460	13659	26
3694	13480	13580	66
3695	13501	13579	33
3696	13504	13565	33
3697	13525	13624	66
3698	13565	13634	66
3699	13566	13687	33
3700	13566	13697	33
3701	13571	13672	33
3702	13571	13697	33
3703	13571	13703	33
3704	13586	13676	25
3705	13587	13684	25
3706	13609	13711	33
3707	13616	13686	33
3708	13616	13686	33
3709	13616	13701	33
3710	13616	13704	33
3711	13618	13678	33
3712	13618	13684	33
3713	13619	13686	33
3714	13619	13697	33
3715	13619	13698	33
3716	13619	13703	33
3717	13619	13704	33
3718	13621	13695	25
3719	13624	14646	66
3720	13626	13779	66
3721	13628	13704	33
3722	13628	13704	33
3723	13636	13724	66
3724	13663	14231	33
3725	13663	14231	33
3726	13681	14161	66
3727	13687	13773	66
3728	13688	13761	66
3729	13690	13784	33
3730	13693	14021	33
3731	13699	13784	33
3732	13703	14264	30
3733	13705	13810	33
3734	13716	13798	33
3735	13724	13788	33
3736	13724	13788	33
3737	13724	13819	33
3738	13725	13788	33
3739	13725	13798	33
3740	13725	13798	33
3741	13725	13798	33
3742	13725	13829	33
3743	13726	13809	33
3744	13726	13809	33
3745	13741	13838	33
3746	13749	14178	66
3747	13769	14058	66
3748	13796	13887	33
3749	13801	13902	66
3750	13801	14826	33
3751	13804	13883	33
3752	13805	13885	33
3753	13807	13904	33
3754	13812	15189	33
3755	13815	13980	25
3756	13817	14234	66
3757	13856	14344	50
3758	13866	13968	66
3759	13866	13968	66
3760	13866	13968	66
3761	13866	13974	66
3762	13866	13979	66
3763	13870	13945	33
3764	13872	13943	33
3765	13875	13945	66
3766	13876	13947	33
3767	13876	13956	33
3768	13877	13964	33
3769	13892	13993	66
3770	13907	14067	66
3771	13918	13983	33
3772	13921	13983	33
3773	13921	14003	33
3774	13921	14018	33
3775	13921	14019	66
3776	13923	14195	66
3777	13925	14035	66
3778	13955	14088	66
3779	13972	15088	66
3780	13980	14195	66
3781	13981	14053	33
3782	13982	14217	66
3783	13984	14047	33
3784	13988	14058	33
3785	14001	14116	25
3786	14021	14159	33
3787	14022	15205	66
3788	14041	14114	33
3789	14041	14121	33
3790	14041	14123	33
3791	14041	14469	66
3792	14066	14139	66
3793	14076	14161	66
3794	14077	14144	33
3795	14079	14230	66
3796	14091	15070	30
3797	14101	14180	33
3798	14101	14181	33
3799	14106	14204	33
3800	14109	14176	66
3801	14125	14215	33
3802	14132	14204	33
3803	14136	15255	33
3804	14150	14229	66
3805	14154	14274	33
3806	14161	14279	33
3807	14161	15241	66
3808	14186	14248	66
3809	14210	14272	66
3810	14221	14395	33
3811	14224	14284	33
3812	14237	14301	33
3813	14251	14424	66
3814	14252	14352	66
3815	14253	14411	66
3816	14259	14354	30
3817	14261	14344	33
3818	14267	14332	66
3819	14274	14342	33
3820	14281	14393	33
3821	14287	14385	33
3822	14296	14387	25
3823	14341	14404	66
3824	14341	14411	33
3825	14344	14503	25
3826	14346	14406	33
3827	14346	14406	33
3828	14378	14447	50
3829	14379	14444	66
3830	14396	14688	33
3831	14401	14495	66
3832	14410	14495	33
3833	14412	14489	30
3834	14416	14541	66
3835	14461	14539	33
3836	14461	14543	33
3837	14461	14548	33
3838	14461	14872	33
3839	14464	14541	33
3840	14495	14641	33
3841	14521	14611	66
3842	14521	14814	33
3843	14527	14626	33
3844	14528	14604	33
3845	14528	15317	66
3846	14551	14644	50
3847	14551	14691	50
3848	14551	14876	33
3849	14558	14628	50
3850	14564	14660	33
3851	14571	14658	33
3852	14581	14672	66
3853	14582	14698	66
3854	14589	14667	33
3855	14594	14764	33
3856	14594	15211	33
3857	14597	14848	66
3858	14623	14701	33
3859	14631	14807	25
3860	14641	14761	50
3861	14655	14720	66
3862	14656	14720	66
3863	14667	14809	25
3864	14675	14801	66
3865	14701	14801	66
3866	14706	14865	66
3867	14714	14820	30
3868	14761	14827	33
3869	14761	14847	33
3870	14768	14838	33
3871	14769	15335	33
3872	14770	15079	33
3873	14770	15107	33
3874	14781	14868	66
3875	14790	15105	33
3876	14806	14985	30
3877	14807	15109	66
3878	14820	14899	33
3879	14821	14901	33
3880	14827	14925	33
3881	14861	14967	50
3882	14862	16064	33
3883	14877	14940	33
3884	14877	14954	33
3885	14877	14955	33
3886	14878	15592	66
3887	14881	14952	33
3888	14881	14954	33
3889	14881	14954	33
3890	14881	14961	33
3891	14882	14952	33
3892	14882	14952	33
3893	14882	14968	33
3894	14892	14953	66
3895	14911	15072	66
3896	14918	14987	50
3897	14918	14987	50
3898	14941	15028	33
3899	14945	15034	66
3900	14947	15008	66
3901	14956	15048	66
3902	14956	15100	25
3903	14956	15100	25
3904	14956	15144	25
3905	14976	15128	66
3906	14980	15046	66
3907	15000	15069	33
3908	15028	15111	30
3909	15065	15154	33
3910	15066	15129	33
3911	15066	15145	25
3912	15067	15153	30
3913	15073	15145	66
3914	15074	15145	33
3915	15075	15148	33
3916	15075	15148	33
3917	15075	15150	33
3918	15083	15326	30
3919	15121	15270	66
3920	15121	15870	66
3921	15121	15870	66
3922	15130	16560	33
3923	15150	15228	66
3924	15151	15270	66
3925	15151	15314	66
3926	15154	15231	30
3927	15161	15385	33
3928	15166	15288	33
3929	15181	15254	66
3930	15181	15254	66
3931	15181	15266	33
3932	15181	15338	33
3933	15184	16324	66
3934	15188	15385	33
3935	15217	15618	30
3936	15219	15515	33
3937	15220	15391	33
3938	15229	15396	66
3939	15231	16204	33
3940	15231	16336	33
3941	15239	15354	66
3942	15239	15385	66
3943	15244	15345	33
3944	15247	15338	33
3945	15248	15348	33
3946	15250	15312	66
3947	15260	15437	66
3948	15265	15384	66
3949	15265	15385	66
3950	15297	15399	33
3951	15300	15732	66
3952	15301	15398	33
3953	15302	15366	33
3954	15304	15399	33
3955	15305	15366	33
3956	15305	15366	33
3957	15305	15370	33
3958	15305	15373	33
3959	15305	15379	33
3960	15306	15376	33
3961	15306	15379	33
3962	15306	15387	66
3963	15308	15377	66
3964	15308	15377	66
3965	15320	15462	66
3966	15348	16419	66
3967	15361	15501	33
3968	15367	15483	33
3969	15371	15490	33
3970	15371	15491	33
3971	15371	15501	33
3972	15372	15453	33
3973	15372	15536	66
3974	15373	16181	33
3975	15374	15475	33
3976	15374	15475	33
3977	15381	15611	33
3978	15387	15637	30
3979	15391	15452	66
3980	15399	15496	66
3981	15408	15645	30
3982	15410	15576	66
3983	15419	15594	33
3984	15421	15484	33
3985	15423	15520	66
3986	15425	16429	66
3987	15431	15508	33
3988	15447	15783	33
3989	15461	16555	66
3990	15476	16734	66
3991	15481	15559	33
3992	15481	15674	66
3993	15481	15674	33
3994	15481	16459	66
3995	15484	15674	66
3996	15484	16116	66
3997	15521	15584	33
3998	15533	16448	66
3999	15541	15607	33
4000	15541	15623	66
4001	15542	15826	33
4002	15563	15623	33
4003	15563	15629	66
4004	15569	16606	66
4005	15576	16472	66
4006	15601	15699	66
4007	15604	16405	33
4008	15606	15722	33
4009	15608	15706	33
4010	15612	15814	33
4011	15616	15813	25
4012	15618	16400	33
4013	15630	15715	33
4014	15631	15725	66
4015	15634	15721	30
4016	15640	15816	33
4017	15661	15812	33
4018	15664	15724	66
4019	15664	15735	66
4020	15665	15895	66
4021	15666	16090	33
4022	15701	15775	33
4023	15713	15797	30
4024	15721	15828	66
4025	15730	15827	33
4026	15758	15975	66
4027	15766	16155	33
4028	15776	15862	66
4029	15780	16129	66
4030	15781	15851	33
4031	15781	15864	30
4032	15785	15849	33
4033	15785	15866	33
4034	15786	15902	33
4035	15790	15880	33
4036	15790	15911	33
4037	15791	15859	33
4038	15791	15869	33
4039	15791	15901	33
4040	15791	15911	33
4041	15791	15931	33
4042	15792	15880	33
4043	15793	15859	33
4044	15793	15890	33
4045	15793	15911	33
4046	15801	15878	33
4047	15801	15890	33
4048	15801	15911	33
4049	15811	15929	33
4050	15841	16996	33
4051	15846	15940	33
4052	15847	15922	33
4053	15852	15929	33
4054	15857	16112	33
4055	15861	15996	50
4056	15868	16176	33
4057	15904	15994	66
4058	15905	16001	66
4059	15910	15988	33
4060	15920	16227	33
4061	15921	15982	66
4062	15944	16034	30
4063	15951	16354	33
4064	15952	16029	33
4065	15957	16031	66
4066	15964	16083	50
4067	15970	16050	33
4068	15971	16384	33
4069	15980	16065	66
4070	15987	16214	33
4071	15990	16142	50
4072	15997	16111	66
4073	16030	16121	33
4074	16034	16864	33
4075	16036	16105	66
4076	16038	16109	66
4077	16058	16129	66
4078	16058	16159	66
4079	16081	16225	33
4080	16082	16199	66
4081	16085	16369	33
4082	16087	16483	33
4083	16091	16171	33
4084	16104	16609	25
4085	16111	16188	66
4086	16118	16187	50
4087	16128	16218	30
4088	16141	16256	33
4089	16141	16425	33
4090	16141	16601	66
4091	16144	16227	33
4092	16145	16264	33
4093	16151	16211	33
4094	16168	16267	33
4095	16181	16261	30
4096	16201	16436	66
4097	16201	16649	33
4098	16208	16337	66
4099	16210	16290	33
4100	16216	16454	33
4101	16216	16457	33
4102	16216	16457	33
4103	16219	16459	33
4104	16231	16339	66
4105	16261	16350	33
4106	16265	16351	30
4107	16270	16350	33
4108	16309	16381	33
4109	16312	16384	33
4110	16312	16439	66
4111	16312	16492	33
4112	16316	16480	33
4113	16317	16470	33
4114	16317	16477	33
4115	16319	16399	30
4116	16321	16403	66
4117	16332	16419	66
4118	16335	16416	30
4119	16336	16701	50
4120	16339	16475	66
4121	16340	16405	33
4122	16343	17508	33
4123	16348	16921	33
4124	16358	16419	66
4125	16358	16427	50
4126	16365	17635	33
4127	16375	16475	66
4128	16383	16678	50
4129	16385	16485	66
4130	16397	16766	66
4131	16400	16489	33
4132	16400	16498	33
4133	16402	16486	33
4134	16402	17138	66
4135	16403	16496	33
4136	16408	16537	50
4137	16415	16515	50
4138	16417	16487	50
4139	16431	16658	33
4140	16436	16543	25
4141	16437	16559	66
4142	16441	16555	66
4143	16444	16799	33
4144	16445	16605	66
4145	16445	16799	33
4146	16452	17757	33
4147	16464	16930	33
4148	16464	17717	66
4149	16486	16830	66
4150	16490	17290	30
4151	16501	16576	66
4152	16517	16583	33
4153	16530	17464	66
4154	16532	16673	33
4155	16535	16674	66
4156	16535	16834	66
4157	16547	17008	66
4158	16552	16627	66
4159	16560	17301	25
4160	16561	17270	66
4161	16561	17270	66
4162	16571	17495	33
4163	16605	17342	33
4164	16612	16677	33
4165	16621	16695	66
4166	16621	16695	66
4167	16622	17294	33
4168	16623	16972	33
4169	16624	16722	66
4170	16627	16840	33
4171	16629	16701	33
4172	16630	16702	66
4173	16630	16905	66
4174	16633	16980	33
4175	16638	16736	33
4176	16642	17240	33
4177	16649	17588	33
4178	16651	17343	50
4179	16655	16734	66
4180	16656	16741	30
4181	16667	16797	66
4182	16671	17324	66
4183	16676	16739	33
4184	16676	16745	50
4185	16677	17326	66
4186	16679	16759	50
4187	16681	16741	33
4188	16681	16805	66
4189	16684	17106	66
4190	16686	16786	33
4191	16690	17457	33
4192	16703	17520	33
4193	16710	16801	66
4194	16713	17123	66
4195	16713	17324	66
4196	16713	17324	66
4197	16713	17324	66
4198	16722	16818	33
4199	16740	18053	66
4200	16741	16803	33
4201	16745	16821	33
4202	16745	16821	33
4203	16745	16863	66
4204	16746	17009	33
4205	16747	16846	66
4206	16749	16810	33
4207	16751	17037	33
4208	16756	16816	66
4209	16756	16862	66
4210	16781	16842	33
4211	16793	16957	33
4212	16805	17155	66
4213	16805	17858	66
4214	16807	16936	33
4215	16812	16872	33
4216	16817	16879	66
4217	16832	16906	33
4218	16832	16913	33
4219	16838	16909	50
4220	16842	17905	66
4221	16854	17122	66
4222	16857	16917	33
4223	16857	17172	33
4224	16861	16937	33
4225	16861	17008	66
4226	16866	16952	33
4227	16866	16984	50
4228	16875	17521	33
4229	16879	17455	33
4230	16895	17298	33
4231	16898	16970	66
4232	16898	16970	66
4233	16900	17507	33
4234	16920	17018	33
4235	16922	17044	33
4236	16928	17008	66
4237	16933	18140	25
4238	16938	17004	33
4239	16939	17082	33
4240	16945	17036	33
4241	16951	17015	66
4242	16956	17061	33
4243	16962	17070	66
4244	16963	17070	66
4245	16963	17987	66
4246	16965	17071	33
4247	16965	17125	33
4248	16965	17138	33
4249	16972	17056	30
4250	16972	17092	33
4251	16975	17691	66
4252	16979	17044	33
4253	16981	17058	33
4254	16981	17244	33
4255	16984	17044	33
4256	16986	17990	66
4257	16994	17056	33
4258	16994	17101	33
4259	16994	17150	33
4260	16995	17072	33
4261	16995	17089	33
4262	16995	17101	33
4263	17003	17284	33
4264	17004	17338	33
4265	17013	17097	33
4266	17022	17088	66
4267	17026	17233	66
4268	17029	17108	25
4269	17041	17141	33
4270	17042	17138	33
4271	17046	17248	66
4272	17051	17121	33
4273	17086	17219	66
4274	17101	17169	66
4275	17101	17170	66
4276	17101	17182	66
4277	17101	17199	66
4278	17101	17222	33
4279	17105	17174	66
4280	17113	17206	66
4281	17121	17286	25
4282	17123	17237	66
4283	17142	17272	33
4284	17146	17351	66
4285	17161	17360	33
4286	17164	17284	33
4287	17164	17596	33
4288	17165	17302	66
4289	17166	17396	33
4290	17167	17241	33
4291	17173	18595	33
4292	17191	17266	66
4293	17199	17277	33
4294	17199	17277	33
4295	17210	17329	33
4296	17216	17284	25
4297	17218	17298	33
4298	17224	17351	66
4299	17226	17406	25
4300	17227	17303	33
4301	17232	17418	66
4302	17237	17685	50
4303	17245	17394	66
4304	17252	17325	33
4305	17252	17330	33
4306	17252	17334	33
4307	17252	17350	33
4308	17253	17325	33
4309	17253	17325	33
4310	17253	17334	33
4311	17253	17334	33
4312	17253	17334	33
4313	17253	17342	33
4314	17253	17447	33
4315	17255	17528	30
4316	17257	17325	33
4317	17257	17346	33
4318	17257	17375	33
4319	17257	17384	33
4320	17257	17388	33
4321	17257	17397	33
4322	17257	17400	33
4323	17258	17328	50
4324	17259	17325	66
4325	17262	18651	30
4326	17268	17673	33
4327	17281	17373	66
4328	17281	17394	33
4329	17281	17394	33
4330	17286	17355	50
4331	17287	17419	33
4332	17330	17429	66
4333	17330	17450	33
4334	17330	17604	66
4335	17341	17413	66
4336	17341	17446	66
4337	17341	17697	66
4338	17341	17881	66
4339	17345	17457	66
4340	17345	17543	66
4341	17379	17477	66
4342	17389	17678	33
4343	17393	17574	33
4344	17393	18719	33
4345	17397	17678	33
4346	17401	17470	66
4347	17401	17486	66
4348	17401	17636	25
4349	17403	17640	66
4350	17405	17465	50
4351	17406	17561	66
4352	17408	17508	33
4353	17420	17540	66
4354	17425	17593	33
4355	17436	17500	66
4356	17438	17747	66
4357	17438	17809	33
4358	17440	17699	33
4359	17449	18272	50
4360	17460	17720	33
4361	17461	17611	66
4362	17461	17720	33
4363	17465	18000	25
4364	17468	17544	33
4365	17468	17615	33
4366	17469	17546	33
4367	17471	17537	33
4368	17471	17567	66
4369	17471	18782	50
4370	17482	18231	33
4371	17498	17569	50
4372	17521	17594	33
4373	17521	17723	25
4374	17521	18554	33
4375	17526	17635	66
4376	17530	18173	33
4377	17531	17623	33
4378	17538	17604	66
4379	17540	17638	66
4380	17551	17722	66
4381	17563	17682	33
4382	17581	17698	33
4383	17582	18172	33
4384	17584	17651	33
4385	17585	17680	66
4386	17585	17706	66
4387	17586	17663	33
4388	17586	17835	33
4389	17595	18167	33
4390	17602	17676	66
4391	17603	18183	33
4392	17603	18183	33
4393	17613	17725	25
4394	17625	17715	30
4395	17625	17739	66
4396	17626	17799	66
4397	17641	17728	66
4398	17641	18193	33
4399	17647	18181	33
4400	17648	17717	66
4401	17648	17726	33
4402	17651	17719	33
4403	17658	17764	33
4404	17658	17818	66
4405	17658	17819	66
4406	17683	17770	66
4407	17690	17981	33
4408	17690	17988	33
4409	17701	18058	30
4410	17706	17784	30
4411	17707	17839	33
4412	17733	18363	33
4413	17736	17877	66
4414	17748	17832	66
4415	17761	17849	25
4416	17767	17842	66
4417	17767	17981	66
4418	17769	17944	33
4419	17771	17847	33
4420	17771	17861	33
4421	17771	17891	33
4422	17772	17890	33
4423	17772	17936	33
4424	17772	17952	33
4425	17772	17974	33
4426	17783	17948	33
4427	17784	17861	33
4428	17784	17936	33
4429	17798	17867	50
4430	17822	17947	66
4431	17823	18082	33
4432	17824	18069	33
4433	17827	17889	66
4434	17833	18812	66
4435	17834	17904	66
4436	17839	17937	66
4437	17844	17935	33
4438	17858	17928	66
4439	17868	17931	33
4440	17869	17936	33
4441	17869	17936	33
4442	17869	17952	33
4443	17869	17974	33
4444	17881	17977	66
4445	17881	17986	33
4446	17888	18017	66
4447	17888	19148	33
4448	17892	18866	33
4449	17893	18565	33
4450	17896	17984	66
4451	17896	17984	66
4452	17903	18004	50
4453	17918	18091	66
4454	17920	17989	66
4455	17920	17989	66
4456	17920	17994	66
4457	17920	17994	66
4458	17924	18003	25
4459	17930	17990	66
4460	17941	18013	33
4461	17941	18047	33
4462	17941	18227	33
4463	17948	18084	66
4464	17954	19323	30
4465	17955	18041	66
4466	17960	18245	33
4467	17960	18245	33
4468	17961	18021	66
4469	17961	18245	33
4470	17974	18176	66
4471	17974	18909	66
4472	17975	18111	66
4473	18000	18205	66
4474	18002	18069	66
4475	18002	18407	66
4476	18002	18408	66
4477	18003	18155	66
4478	18006	18146	33
4479	18013	18085	66
4480	18018	18520	66
4481	18036	18111	66
4482	18036	18113	66
4483	18061	18124	33
4484	18061	18900	66
4485	18062	18143	66
4486	18064	18545	66
4487	18066	18538	33
4488	18072	18581	33
4489	18076	18268	25
4490	18076	18439	66
4491	18076	18441	66
4492	18077	18191	33
4493	18077	18237	33
4494	18079	18208	33
4495	18089	18639	66
4496	18091	18522	33
4497	18095	18393	33
4498	18101	18162	33
4499	18105	18283	66
4500	18130	19295	33
4501	18134	18919	33
4502	18140	19043	33
4503	18140	19121	33
4504	18154	18402	33
4505	18158	18223	66
4506	18158	18229	50
4507	18160	18255	33
4508	18166	18374	66
4509	18167	18433	33
4510	18172	18840	30
4511	18185	18338	33
4512	18186	18253	33
4513	18187	18261	66
4514	18187	18288	66
4515	18187	18354	66
4516	18189	18924	66
4517	18206	18365	66
4518	18232	18376	66
4519	18232	18427	33
4520	18241	18310	33
4521	18241	18500	33
4522	18241	18500	33
4523	18246	18561	33
4524	18247	18331	33
4525	18250	18558	33
4526	18259	18329	66
4527	18260	18763	33
4528	18262	18365	33
4529	18262	18696	33
4530	18270	18343	33
4531	18270	18354	33
4532	18270	18360	33
4533	18270	18360	33
4534	18270	18360	33
4535	18270	18372	33
4536	18270	18372	33
4537	18270	18411	33
4538	18270	18558	33
4539	18270	18572	33
4540	18270	18784	66
4541	18271	18343	33
4542	18271	18354	33
4543	18275	18349	33
4544	18275	18364	33
4545	18275	18547	33
4546	18275	18572	33
4547	18291	19456	33
4548	18301	18377	33
4549	18301	18386	66
4550	18306	18407	33
4551	18316	18376	66
4552	18318	18426	33
4553	18323	18902	33
4554	18337	18461	66
4555	18338	18425	50
4556	18338	18496	66
4557	18352	18509	33
4558	18360	18542	33
4559	18361	18475	33
4560	18364	18425	33
4561	18367	18539	33
4562	18373	18483	33
4563	18376	18436	66
4564	18376	18436	66
4565	18376	18445	33
4566	18376	18584	33
4567	18377	18569	33
4568	18380	18445	33
4569	18380	18463	33
4570	18391	18550	66
4571	18398	18468	50
4572	18417	18521	66
4573	18417	18787	66
4574	18425	18487	66
4575	18441	19407	66
4576	18447	18527	33
4577	18452	18630	33
4578	18459	18549	33
4579	18471	18549	33
4580	18471	18549	33
4581	18474	18535	33
4582	18474	18572	33
4583	18482	18583	66
4584	18487	18585	33
4585	18488	18592	66
4586	18490	18593	66
4587	18492	18641	66
4588	18497	18601	25
4589	18497	18630	33
4590	18498	19415	66
4591	18511	18642	33
4592	18513	18911	66
4593	18527	18632	33
4594	18528	18611	30
4595	18533	18777	66
4596	18541	18638	66
4597	18541	18682	33
4598	18544	18750	50
4599	18551	18668	33
4600	18557	18807	66
4601	18585	18720	25
4602	18601	18686	66
4603	18601	18730	66
4604	18601	18777	66
4605	18606	18702	33
4606	18609	18703	33
4607	18617	18682	66
4608	18617	18682	66
4609	18617	18683	66
4610	18619	18748	66
4611	18624	18800	66
4612	18624	18853	25
4613	18631	18708	66
4614	18633	19046	33
4615	18656	19041	33
4616	18657	18758	33
4617	18661	18724	25
4618	18661	18725	66
4619	18665	18879	33
4620	18668	18879	33
4621	18670	19429	33
4622	18678	19042	33
4623	18691	18764	33
4624	18695	18828	66
4625	18712	19402	33
4626	18721	18800	33
4627	18721	18833	66
4628	18725	18793	33
4629	18736	18822	66
4630	18744	19844	25
4631	18765	18861	66
4632	18781	18921	33
4633	18781	18939	66
4634	18790	18949	33
4635	18790	19487	33
4636	18790	19487	33
4637	18790	19487	33
4638	18790	19487	33
4639	18790	19487	33
4640	18790	19487	33
4641	18790	19487	33
4642	18790	19487	33
4643	18790	19487	33
4644	18790	19487	33
4645	18790	19487	33
4646	18791	19487	33
4647	18791	19487	33
4648	18791	19487	33
4649	18791	19487	33
4650	18794	18958	66
4651	18796	18894	66
4652	18796	19135	66
4653	18796	19136	66
4654	18796	19136	66
4655	18797	19136	66
4656	18804	18876	66
4657	18825	20160	33
4658	18841	18948	33
4659	18841	19084	66
4660	18841	19342	33
4661	18845	18948	66
4662	18846	19087	33
4663	18848	19511	66
4664	18853	19316	33
4665	18853	19345	33
4666	18866	20160	33
4667	18866	20160	33
4668	18866	20160	33
4669	18866	20160	33
4670	18870	19080	50
4671	18888	19084	66
4672	18893	19487	33
4673	18909	19072	66
4674	18911	19678	33
4675	18911	19708	33
4676	18911	20160	66
4677	18917	19646	33
4678	18919	19085	33
4679	18935	19006	33
4680	18945	19154	66
4681	18946	20160	33
4682	18947	19324	33
4683	18947	19448	33
4684	18947	19806	33
4685	18947	20160	33
4686	18947	20160	33
4687	18947	20160	33
4688	18947	20160	33
4689	18947	20160	33
4690	18947	20160	33
4691	18947	20160	33
4692	18947	20160	33
4693	18947	20160	33
4694	18947	20160	33
4695	18947	20160	33
4696	18947	20160	33
4697	18947	20160	33
4698	18948	19142	33
4699	18948	19147	33
4700	18948	20160	33
4701	18948	20160	33
4702	18948	20160	33
4703	18948	20160	33
4704	18948	20160	33
4705	18957	20160	33
4706	18961	19059	66
4707	18961	19104	66
4708	18961	19637	66
4709	18968	19041	33
4710	18971	19034	25
4711	18971	19102	66
4712	18971	19123	50
4713	18974	19047	66
4714	18997	19112	50
4715	19009	19103	66
4716	19021	19116	33
4717	19022	19082	33
4718	19029	19217	66
4719	19030	20091	33
4720	19031	19262	33
4721	19037	19126	66
4722	19047	19362	33
4723	19047	19362	33
4724	19049	20160	33
4725	19081	19230	25
4726	19082	20160	33
4727	19085	19253	33
4728	19096	19816	66
4729	19102	20160	66
4730	19107	20160	33
4731	19118	19188	50
4732	19122	19980	33
4733	19142	19213	66
4734	19146	19218	66
4735	19157	19230	66
4736	19165	19377	33
4737	19166	19246	66
4738	19167	19324	33
4739	19169	20160	33
4740	19173	19678	33
4741	19177	19272	50
4742	19184	19249	33
4743	19187	19276	50
4744	19194	19259	50
4745	19194	19296	50
4746	19196	19338	33
4747	19200	19420	66
4748	19201	19281	33
4749	19201	19281	33
4750	19205	19338	66
4751	19206	19281	33
4752	19211	19429	66
4753	19212	19274	33
4754	19218	20144	33
4755	19228	20160	33
4756	19235	19303	66
4757	19236	19349	66
4758	19237	19429	66
4759	19252	19521	66
4760	19261	19339	66
4761	19266	19335	66
4762	19273	19348	33
4763	19289	19928	33
4764	19291	20160	33
4765	19297	19558	66
4766	19297	19558	66
4767	19297	19558	66
4768	19309	19482	33
4769	19321	19389	66
4770	19321	19401	33
4771	19326	19494	33
4772	19331	19429	66
4773	19331	19436	25
4774	19332	20160	33
4775	19346	20160	33
4776	19350	19441	33
4777	19357	20160	33
4778	19363	19425	66
4779	19364	19430	33
4780	19380	19471	33
4781	19381	19561	50
4782	19384	19682	33
4783	19389	19464	66
4784	19400	19697	33
4785	19406	19494	66
4786	19411	19524	33
4787	19431	19865	66
4788	19431	19865	66
4789	19431	19865	66
4790	19433	19495	66
4791	19435	20160	33
4792	19436	20028	30
4793	19441	19918	66
4794	19444	20160	66
4795	19445	19595	66
4796	19445	20131	33
4797	19446	19517	33
4798	19446	19790	33
4799	19458	19930	33
4800	19459	19594	66
4801	19466	20160	33
4802	19467	19699	33
4803	19467	19745	33
4804	19470	19721	66
4805	19470	20160	66
4806	19470	20160	66
4807	19471	19552	33
4808	19471	19576	66
4809	19471	19599	66
4810	19471	19599	66
4811	19473	19578	66
4812	19473	20160	33
4813	19473	20160	33
4814	19474	19546	33
4815	19500	19564	66
4816	19500	19564	66
4817	19501	20160	66
4818	19501	20160	66
4819	19502	20160	50
4820	19505	19603	33
4821	19509	19576	66
4822	19509	19811	33
4823	19510	19579	66
4824	19517	20160	33
4825	19523	20160	33
4826	19524	19859	33
4827	19524	19985	33
4828	19524	20039	33
4829	19524	20160	33
4830	19524	20160	33
4831	19524	20160	33
4832	19524	20160	33
4833	19531	19696	66
4834	19531	20160	50
4835	19540	19608	33
4836	19546	19865	66
4837	19547	20160	33
4838	19548	19844	66
4839	19548	19856	66
4840	19548	19856	66
4841	19552	19661	66
4842	19556	19827	66
4843	19562	19642	33
4844	19564	20160	33
4845	19565	19647	33
4846	19578	19646	50
4847	19590	19725	66
4848	19591	20129	33
4849	19593	19685	33
4850	19598	19966	66
4851	19606	19685	33
4852	19618	19701	30
4853	19623	19859	33
4854	19625	20160	66
4855	19625	20160	33
4856	19627	19759	33
4857	19627	19820	33
4858	19627	19888	33
4859	19627	20160	33
4860	19631	19903	66
4861	19645	19741	33
4862	19647	20160	66
4863	19652	19914	50
4864	19653	19868	66
4865	19678	19916	33
4866	19681	20119	66
4867	19681	20160	66
4868	19683	19754	33
4869	19683	19756	33
4870	19683	19761	33
4871	19687	19761	33
4872	19688	19943	33
4873	19690	19865	66
4874	19697	20160	33
4875	19701	19767	33
4876	19709	19894	33
4877	19710	20160	66
4878	19711	20160	66
4879	19712	19894	33
4880	19719	19936	66
4881	19720	19782	33
4882	19721	20160	33
4883	19724	20160	66
4884	19729	19809	66
4885	19729	20160	50
4886	19731	20160	33
4887	19734	20160	66
4888	19734	20160	66
4889	19735	20160	33
4890	19740	19874	66
4891	19741	19975	66
4892	19741	20100	33
4893	19745	20004	33
4894	19745	20160	33
4895	19747	20160	66
4896	19749	19842	30
4897	19751	19871	33
4898	19754	19825	66
4899	19768	20160	33
4900	19784	20160	26
4901	19789	19907	33
4902	19789	19907	33
4903	19790	20160	33
4904	19791	20160	33
4905	19801	19868	66
4906	19805	19866	33
4907	19805	19898	66
4908	19805	20160	66
4909	19805	20160	66
4910	19805	20160	66
4911	19806	20160	66
4912	19807	20160	33
4913	19808	20160	66
4914	19809	20160	66
4915	19809	20160	66
4916	19809	20160	66
4917	19809	20160	66
4918	19809	20160	66
4919	19809	20160	66
4920	19809	20160	66
4921	19809	20160	66
4922	19809	20160	66
4923	19810	20160	66
4924	19810	20160	66
4925	19810	20160	66
4926	19810	20160	66
4927	19810	20160	66
4928	19810	20160	66
4929	19810	20160	66
4930	19812	20036	66
4931	19816	20160	25
4932	19822	19964	33
4933	19822	19977	33
4934	19827	20083	25
4935	19829	20035	66
4936	19846	19908	66
4937	19851	20160	25
4938	19855	19954	66
4939	19861	20096	33
4940	19861	20160	33
4941	19861	20160	33
4942	19861	20160	33
4943	19861	20160	33
4944	19861	20160	33
4945	19861	20160	33
4946	19877	20083	25
4947	19890	19970	33
4948	19890	20046	50
4949	19891	20046	50
4950	19897	20160	33
4951	19908	20160	33
4952	19913	20160	66
4953	19915	20082	33
4954	19921	20018	66
4955	19921	20018	66
4956	19921	20051	66
4957	19921	20160	33
4958	19922	20160	66
4959	19922	20160	66
4960	19922	20160	66
4961	19923	20160	33
4962	19924	20160	66
4963	19925	20075	66
4964	19926	20101	33
4965	19930	20010	66
4966	19930	20010	66
4967	19930	20010	66
4968	19943	20160	66
4969	19945	20005	66
4970	19945	20009	66
4971	19945	20010	66
4972	19981	20102	33
4973	19982	20160	33
4974	19985	20076	66
4975	19985	20076	66
4976	19985	20160	33
4977	19985	20160	33
4978	19986	20084	33
4979	19986	20160	33
4980	19986	20160	66
4981	19994	20067	66
4982	20000	20147	66
4983	20009	20160	66
4984	20019	20148	33
4985	20021	20101	30
4986	20030	20107	66
4987	20040	20125	66
4988	20041	20105	33
4989	20041	20143	66
4990	20041	20160	66
4991	20043	20120	33
4992	20048	20160	25
4993	20053	20114	66
4994	20053	20144	66
4995	20071	20160	66
4996	20072	20148	25
4997	20075	20160	66
4998	20094	20160	66
4999	20094	20160	66
