5000	100	0	0
0	0	361	33
1	0	365	66
2	0	365	66
3	0	365	33
4	0	366	66
5	0	368	33
6	0	368	33
7	0	369	66
8	0	369	66
9	0	369	33
10	0	372	33
11	0	378	33
12	0	378	33
13	0	390	26
14	0	391	33
15	0	399	33
16	0	405	33
17	0	407	66
18	0	407	66
19	0	408	33
20	0	408	66
21	0	417	33
22	0	419	33
23	0	419	33
24	0	419	33
25	0	419	33
26	0	419	33
27	0	419	33
28	0	419	33
29	0	419	33
30	0	419	33
31	0	419	33
32	0	419	33
33	0	419	33
34	0	419	33
35	0	419	33
36	0	419	33
37	0	419	33
38	0	419	33
39	0	419	33
40	0	419	33
41	0	419	33
42	0	420	33
43	0	420	33
44	0	420	33
45	0	420	33
46	0	420	33
47	0	420	33
48	0	420	33
49	0	420	33
50	0	420	33
51	0	420	33
52	0	420	33
53	0	420	33
54	0	420	33
55	0	420	33
56	0	420	33
57	0	420	33
58	0	420	33
59	0	420	33
60	0	420	33
61	0	420	33
62	0	420	33
63	0	420	33
64	0	420	33
65	0	420	33
66	0	420	33
67	0	420	33
68	0	421	33
69	0	421	33
70	0	421	33
71	0	423	33
72	0	423	33
73	0	423	33
74	0	423	33
75	0	423	33
76	0	426	33
77	0	427	33
78	0	444	33
79	0	456	33
80	0	456	33
81	0	456	33
82	0	456	33
83	0	457	33
84	0	457	33
85	0	457	33
86	0	458	66
87	0	458	66
88	0	460	33
89	0	461	33
90	0	461	33
91	0	468	33
92	0	477	33
93	0	477	33
94	0	477	33
95	0	477	33
96	0	477	33
97	0	477	33
98	0	477	33
99	0	477	33
100	0	477	33
101	0	477	33
102	0	477	33
103	0	477	33
104	0	477	33
105	0	477	33
106	0	477	33
107	0	477	33
108	0	478	33
109	0	481	33
110	0	485	33
111	0	500	33
112	0	506	33
113	0	506	33
114	0	506	33
115	0	506	33
116	0	506	33
117	0	506	33
118	0	506	33
119	0	506	33
120	0	506	33
121	0	506	33
122	0	506	33
123	0	506	33
124	0	506	33
125	0	506	33
126	0	506	33
127	0	506	33
128	0	506	33
129	0	506	33
130	0	506	33
131	0	506	33
132	0	506	33
133	0	507	33
134	0	507	33
135	0	507	33
136	0	507	33
137	0	507	33
138	0	507	33
139	0	507	33
140	0	507	33
141	0	507	33
142	0	507	33
143	0	507	33
144	0	507	33
145	0	507	33
146	0	507	33
147	0	507	33
148	0	507	33
149	0	507	33
150	0	507	33
151	0	507	33
152	0	507	33
153	0	507	33
154	0	507	33
155	0	507	30
156	0	507	33
157	0	507	33
158	0	507	33
159	0	507	33
160	0	507	33
161	0	507	33
162	0	507	33
163	0	507	33
164	0	507	33
165	0	507	33
166	0	507	33
167	0	507	33
168	0	507	33
169	0	507	33
170	0	507	33
171	0	507	33
172	0	507	33
173	0	509	33
174	0	509	33
175	0	509	33
176	0	509	33
177	0	509	33
178	0	509	33
179	0	509	33
180	0	509	33
181	0	509	33
182	0	509	33
183	0	509	33
184	0	509	33
185	0	509	33
186	0	509	33
187	0	509	33
188	0	509	33
189	0	509	33
190	0	509	33
191	0	511	33
192	0	511	33
193	0	511	33
194	0	511	33
195	0	511	33
196	0	511	33
197	0	512	33
198	0	513	66
199	0	513	66
200	0	513	66
201	0	513	66
202	0	513	66
203	0	513	66
204	0	513	61
205	0	513	66
206	0	513	66
207	0	513	66
208	0	513	66
209	0	513	66
210	0	513	66
211	0	513	66
212	0	513	66
213	0	513	66
214	0	513	66
215	0	513	66
216	0	513	66
217	0	513	66
218	0	513	66
219	0	513	66
220	0	513	66
221	0	513	66
222	0	513	66
223	0	513	66
224	0	513	66
225	0	513	66
226	0	513	66
227	0	513	66
228	0	514	66
229	0	514	66
230	0	514	66
231	0	514	66
232	0	514	33
233	0	514	66
234	0	514	66
235	0	515	66
236	0	515	66
237	0	515	66
238	0	515	66
239	0	515	66
240	0	515	66
241	0	515	66
242	0	515	33
243	0	515	66
244	0	515	66
245	0	515	66
246	0	515	66
247	0	516	66
248	0	516	66
249	0	516	66
250	0	516	66
251	0	516	66
252	0	516	66
253	0	516	66
254	0	518	66
255	0	518	66
256	0	520	66
257	0	520	66
258	0	520	66
259	0	520	66
260	0	520	66
261	0	524	30
262	0	527	33
263	0	527	66
264	0	527	33
265	0	527	33
266	0	527	33
267	0	527	66
268	0	527	66
269	0	528	66
270	0	528	33
271	0	528	33
272	0	528	33
273	0	528	33
274	0	528	33
275	0	528	66
276	0	528	66
277	0	531	66
278	0	531	66
279	0	531	66
280	0	531	66
281	0	531	66
282	0	531	33
283	0	531	66
284	0	531	66
285	0	531	66
286	0	531	66
287	0	531	66
288	0	531	66
289	0	531	66
290	0	531	66
291	0	531	66
292	0	531	66
293	0	531	66
294	0	531	66
295	0	531	66
296	0	531	66
297	0	531	66
298	0	531	66
299	0	531	66
300	0	533	33
301	0	534	66
302	0	534	33
303	0	534	33
304	0	534	33
305	0	534	33
306	0	536	66
307	0	537	33
308	0	537	33
309	0	538	33
310	0	538	33
311	0	538	33
312	0	538	33
313	0	538	33
314	0	538	33
315	0	538	33
316	0	538	33
317	0	538	33
318	0	538	33
319	0	538	33
320	0	538	33
321	0	538	33
322	0	538	33
323	0	538	33
324	0	538	33
325	0	538	33
326	0	538	33
327	0	538	33
328	0	538	33
329	0	538	33
330	0	538	33
331	0	540	33
332	0	541	33
333	0	542	33
334	0	542	33
335	0	542	33
336	0	542	33
337	0	542	33
338	0	542	33
339	0	542	33
340	0	545	33
341	0	546	33
342	0	546	66
343	0	549	33
344	0	550	33
345	0	550	33
346	0	550	33
347	0	550	33
348	0	550	33
349	0	550	33
350	0	550	33
351	0	550	33
352	0	550	33
353	0	550	33
354	0	550	33
355	0	550	33
356	0	550	33
357	0	550	33
358	0	550	33
359	0	550	33
360	0	550	33
361	0	550	33
362	0	550	33
363	0	550	33
364	0	550	33
365	0	550	33
366	0	550	33
367	0	550	33
368	0	551	66
369	0	552	33
370	0	552	33
371	0	552	33
372	0	552	33
373	0	552	33
374	0	552	33
375	0	552	33
376	0	552	33
377	0	552	33
378	0	552	33
379	0	552	33
380	0	552	33
381	0	552	33
382	0	552	33
383	0	552	33
384	0	552	33
385	0	552	33
386	0	552	33
387	0	552	33
388	0	552	33
389	0	552	33
390	0	552	33
391	0	552	33
392	0	552	33
393	0	552	33
394	0	552	33
395	0	552	33
396	0	552	33
397	0	552	33
398	0	552	33
399	0	552	33
400	0	552	33
401	0	555	33
402	0	555	33
403	0	555	33
404	0	555	33
405	0	555	33
406	0	558	33
407	0	562	33
408	0	576	66
409	0	576	66
410	0	576	66
411	0	576	66
412	0	576	33
413	0	576	66
414	0	576	66
415	0	576	66
416	0	576	66
417	0	576	66
418	0	576	66
419	0	576	33
420	0	576	33
421	0	576	33
422	0	576	33
423	0	576	33
424	0	576	33
425	0	576	33
426	0	576	33
427	0	576	66
428	0	576	66
429	0	576	66
430	0	576	66
431	0	576	66
432	0	577	33
433	0	577	33
434	0	577	33
435	0	577	33
436	0	577	33
437	0	577	33
438	0	577	33
439	0	577	33
440	0	577	33
441	0	577	33
442	0	577	33
443	0	577	33
444	0	577	33
445	0	577	33
446	0	577	33
447	0	577	33
448	0	577	33
449	0	577	33
450	0	577	33
451	0	577	33
452	0	577	33
453	0	577	33
454	0	577	33
455	0	577	33
456	0	577	33
457	0	577	33
458	0	577	33
459	0	579	33
460	0	579	33
461	0	579	33
462	0	579	33
463	0	579	33
464	0	579	33
465	0	579	33
466	0	579	33
467	0	579	33
468	0	579	33
469	0	579	33
470	0	579	33
471	0	579	33
472	0	580	33
473	0	580	33
474	0	580	33
475	0	580	33
476	0	580	33
477	0	580	33
478	0	580	33
479	0	580	33
480	0	580	33
481	0	580	33
482	0	580	33
483	0	580	33
484	0	580	33
485	0	580	33
486	0	580	33
487	0	580	33
488	0	580	33
489	0	580	33
490	0	580	33
491	0	580	33
492	0	580	33
493	0	580	33
494	0	580	33
495	0	580	33
496	0	580	33
497	0	580	33
498	0	580	33
499	0	580	33
500	0	580	33
501	0	580	33
502	0	580	33
503	0	580	33
504	0	580	33
505	0	580	33
506	0	580	33
507	0	580	33
508	0	580	33
509	0	580	33
510	0	580	33
511	0	580	33
512	0	580	33
513	0	580	33
514	0	580	33
515	0	580	33
516	0	580	33
517	0	580	33
518	0	580	33
519	0	580	33
520	0	580	33
521	0	580	33
522	0	580	33
523	0	580	33
524	0	580	33
525	0	580	33
526	0	580	33
527	0	580	33
528	0	580	33
529	0	580	33
530	0	580	33
531	0	580	33
532	0	580	33
533	0	580	33
534	0	580	33
535	0	580	33
536	0	580	33
537	0	580	33
538	0	580	33
539	0	580	33
540	0	580	33
541	0	580	33
542	0	580	33
543	0	580	33
544	0	580	33
545	0	580	33
546	0	580	33
547	0	580	33
548	0	580	33
549	0	580	33
550	0	580	33
551	0	580	33
552	0	580	33
553	0	580	33
554	0	580	33
555	0	580	33
556	0	580	33
557	0	580	33
558	0	580	33
559	0	587	33
560	0	598	33
561	0	605	33
562	0	605	33
563	0	605	33
564	0	605	33
565	0	607	33
566	0	607	33
567	0	612	33
568	0	612	33
569	0	612	33
570	0	612	33
571	0	612	33
572	0	615	33
573	0	615	33
574	0	615	33
575	0	615	33
576	0	618	33
577	0	618	33
578	0	618	33
579	0	618	33
580	0	618	33
581	0	618	33
582	0	618	33
583	0	621	33
584	0	622	33
585	0	622	33
586	0	622	33
587	0	622	33
588	0	622	33
589	0	622	33
590	0	622	33
591	0	622	33
592	0	623	33
593	0	626	33
594	0	626	33
595	0	626	33
596	0	626	33
597	0	627	33
598	0	627	33
599	0	627	33
600	0	632	33
601	0	632	33
602	0	632	33
603	0	632	33
604	0	633	33
605	0	633	33
606	0	635	33
607	0	635	33
608	0	636	33
609	0	636	33
610	0	637	33
611	0	637	33
612	0	637	33
613	0	638	33
614	0	640	33
615	0	640	33
616	0	640	33
617	0	640	33
618	0	640	33
619	0	640	33
620	0	640	33
621	0	640	33
622	0	640	33
623	0	640	33
624	0	640	33
625	0	640	33
626	0	640	33
627	0	640	33
628	0	640	33
629	0	640	33
630	0	640	33
631	0	640	33
632	0	640	33
633	0	640	33
634	0	640	33
635	0	640	33
636	0	640	33
637	0	640	33
638	0	640	33
639	0	640	33
640	0	640	33
641	0	640	33
642	0	640	33
643	0	640	33
644	0	640	33
645	0	641	33
646	0	641	33
647	0	651	66
648	0	655	66
649	0	655	33
650	0	669	33
651	0	684	33
652	0	701	66
653	0	705	33
654	0	705	33
655	0	715	33
656	0	719	33
657	0	723	61
658	0	725	66
659	0	729	33
660	0	730	66
661	0	741	33
662	0	743	33
663	0	745	33
664	0	745	33
665	0	747	33
666	0	755	33
667	0	755	33
668	0	755	33
669	0	755	33
670	0	755	33
671	0	755	33
672	0	755	33
673	0	755	33
674	0	755	33
675	0	755	33
676	0	755	33
677	0	755	33
678	0	755	33
679	0	755	33
680	0	755	33
681	0	755	33
682	0	755	33
683	0	755	33
684	0	755	33
685	0	755	33
686	0	755	33
687	0	755	33
688	0	755	33
689	0	755	33
690	0	755	33
691	0	755	33
692	0	755	33
693	0	755	33
694	0	755	33
695	0	755	33
696	0	755	33
697	0	755	33
698	0	755	33
699	0	755	33
700	0	755	33
701	0	755	33
702	0	755	33
703	0	755	33
704	0	755	33
705	0	755	33
706	0	755	33
707	0	755	33
708	0	755	33
709	0	755	33
710	0	755	33
711	0	755	33
712	0	755	33
713	0	755	33
714	0	755	33
715	0	755	33
716	0	755	33
717	0	755	33
718	0	755	33
719	0	755	33
720	0	781	33
721	0	788	66
722	0	788	66
723	0	833	66
724	0	841	33
725	0	842	33
726	0	849	66
727	0	855	66
728	0	859	25
729	0	862	33
730	0	873	66
731	0	873	33
732	0	887	33
733	0	892	33
734	0	900	33
735	0	900	33
736	0	901	33
737	0	906	33
738	0	936	33
739	0	945	66
740	0	945	66
741	0	946	33
742	0	956	50
743	0	985	66
744	0	1004	66
745	0	1013	66
746	0	1013	66
747	0	1013	66
748	0	1013	66
749	0	1020	33
750	0	1022	61
751	0	1023	61
752	0	1075	66
753	0	1075	66
754	0	1076	66
755	0	1076	66
756	0	1088	66
757	0	1091	33
758	0	1101	66
759	0	1108	66
760	0	1108	66
761	0	1108	66
762	0	1133	25
763	0	1141	33
764	0	1141	33
765	0	1141	33
766	0	1141	33
767	0	1141	33
768	0	1141	33
769	0	1141	33
770	0	1141	33
771	0	1141	33
772	0	1141	33
773	0	1142	33
774	0	1142	33
775	0	1142	33
776	0	1142	33
777	0	1142	33
778	0	1142	33
779	0	1142	33
780	0	1142	33
781	0	1143	30
782	0	1146	30
783	0	1147	30
784	0	1156	66
785	0	1157	33
786	0	1157	33
787	0	1157	33
788	0	1157	33
789	0	1157	33
790	0	1157	33
791	0	1157	33
792	0	1157	33
793	0	1157	33
794	0	1158	33
795	0	1158	33
796	0	1161	25
797	0	1166	30
798	0	1205	33
799	0	1218	33
800	0	1238	33
801	0	1242	30
802	0	1246	30
803	0	1247	33
804	0	1249	66
805	0	1291	33
806	0	1302	30
807	0	1306	33
808	0	1308	30
809	0	1310	66
810	0	1321	33
811	0	1331	30
812	0	1334	30
813	0	1335	30
814	0	1340	30
815	0	1351	33
816	0	1365	33
817	0	1390	66
818	0	1390	66
819	0	1390	33
820	0	1391	66
821	0	1418	66
822	0	1418	66
823	0	1418	66
824	0	1418	66
825	0	1418	66
826	0	1427	66
827	0	1431	33
828	0	1437	66
829	1	400	66
830	4	1111	30
831	7	372	33
832	11	754	33
833	12	1412	33
834	18	618	33
835	18	622	33
836	18	1452	33
837	36	728	30
838	58	1147	33
839	61	601	66
840	61	601	66
841	74	860	50
842	74	860	50
843	74	860	25
844	74	860	25
845	100	1159	66
846	100	1161	66
847	100	1161	66
848	120	878	33
849	121	878	33
850	122	937	33
851	122	1381	66
852	122	1381	66
853	122	1381	66
854	124	878	33
855	124	1382	25
856	125	516	66
857	125	516	66
858	125	516	66
859	125	516	66
860	125	516	66
861	125	517	66
862	125	517	66
863	125	517	66
864	125	517	66
865	125	517	66
866	125	517	66
867	125	517	66
868	125	517	66
869	125	878	33
870	125	878	33
871	125	937	33
872	125	937	33
873	126	937	33
874	127	516	66
875	127	516	66
876	127	516	66
877	127	516	66
878	127	516	66
879	127	516	66
880	127	516	66
881	128	516	66
882	130	517	66
883	130	517	66
884	130	517	66
885	130	550	33
886	131	516	66
887	131	516	66
888	131	516	66
889	133	516	66
890	133	516	66
891	133	516	66
892	135	510	66
893	135	510	66
894	137	571	66
895	137	813	33
896	151	937	33
897	158	1157	66
898	160	552	33
899	161	789	66
900	162	578	33
901	162	732	33
902	162	732	33
903	162	1247	33
904	162	1311	33
905	165	1043	66
906	165	1107	33
907	171	1034	66
908	196	689	25
909	196	689	25
910	197	727	30
911	200	1145	66
912	200	1145	66
913	204	852	33
914	204	882	33
915	204	897	33
916	204	914	33
917	210	759	33
918	210	773	33
919	210	805	33
920	212	1473	33
921	214	871	66
922	214	1044	66
923	214	1142	66
924	215	1160	66
925	215	1193	33
926	216	861	66
927	216	905	66
928	216	1141	66
929	216	1142	66
930	216	1563	66
931	217	1156	66
932	217	1160	66
933	218	1037	66
934	219	1573	33
935	222	722	33
936	222	1147	33
937	245	668	66
938	245	671	66
939	245	671	66
940	245	671	66
941	245	1043	66
942	248	1660	66
943	252	1157	33
944	252	1157	33
945	253	1142	33
946	253	1338	33
947	253	1381	33
948	254	1168	33
949	259	625	66
950	261	723	33
951	261	786	33
952	261	845	33
953	261	871	33
954	261	906	33
955	261	1082	33
956	261	1095	33
957	261	1141	33
958	261	1142	33
959	261	1142	33
960	261	1142	33
961	261	1205	33
962	261	1215	33
963	261	1321	33
964	261	1387	33
965	261	1395	33
966	267	1157	66
967	275	1127	66
968	282	1044	33
969	282	1044	33
970	282	1068	33
971	282	1142	33
972	282	1142	33
973	282	1142	33
974	282	1142	33
975	282	1142	33
976	282	1142	33
977	282	1142	33
978	282	1696	33
979	283	781	33
980	283	781	33
981	283	803	33
982	283	1157	33
983	284	1157	33
984	284	1157	33
985	284	1157	33
986	284	1157	33
987	284	1159	33
988	298	1072	33
989	298	1072	33
990	301	1021	33
991	304	1106	33
992	311	1078	66
993	313	1141	66
994	313	1141	66
995	313	1141	66
996	313	1141	66
997	313	1141	66
998	314	755	66
999	314	1042	66
1000	314	1045	66
1001	316	721	66
1002	316	1021	66
1003	316	1021	66
1004	316	1040	66
1005	331	695	33
1006	352	1629	66
1007	363	749	66
1008	367	966	33
1009	369	1141	66
1010	373	954	66
1011	377	1014	33
1012	377	1157	33
1013	377	1157	33
1014	377	1157	33
1015	377	1158	33
1016	377	1158	33
1017	377	1158	33
1018	378	1157	33
1019	387	885	66
1020	387	1202	60
1021	415	781	33
1022	415	785	33
1023	415	786	33
1024	415	786	33
1025	415	805	33
1026	415	982	33
1027	415	1043	33
1028	415	1043	33
1029	415	1157	33
1030	415	1163	33
1031	417	862	33
1032	417	862	33
1033	417	961	33
1034	417	1141	33
1035	417	1141	33
1036	417	1141	33
1037	417	1141	33
1038	417	1142	33
1039	417	1142	33
1040	417	1142	33
1041	417	1375	33
1042	419	782	33
1043	419	784	33
1044	419	994	33
1045	427	1156	33
1046	427	1156	33
1047	427	1157	33
1048	427	1157	33
1049	427	1157	33
1050	427	1157	33
1051	427	1157	33
1052	427	1157	33
1053	427	1157	33
1054	427	1158	33
1055	427	1158	33
1056	427	1158	33
1057	427	1158	33
1058	429	1839	33
1059	430	1040	33
1060	430	1040	33
1061	447	1157	33
1062	447	1157	33
1063	447	1158	33
1064	447	1158	33
1065	447	1158	33
1066	447	1158	33
1067	447	1158	33
1068	447	1158	33
1069	447	1158	33
1070	447	1159	33
1071	447	1159	33
1072	447	1159	33
1073	447	1248	33
1074	451	842	33
1075	451	862	33
1076	451	900	33
1077	451	900	33
1078	451	1161	33
1079	451	1517	33
1080	458	1141	33
1081	458	1141	33
1082	458	1142	33
1083	458	1157	33
1084	463	950	33
1085	464	1338	33
1086	518	1140	66
1087	518	1140	66
1088	518	1141	66
1089	518	1141	66
1090	518	1141	66
1091	518	1142	66
1092	518	1142	66
1093	518	1142	66
1094	518	1142	66
1095	530	1340	33
1096	531	1408	25
1097	531	1723	33
1098	538	1141	33
1099	538	1142	33
1100	538	1142	33
1101	538	1218	33
1102	538	1321	33
1103	538	1321	33
1104	538	1738	33
1105	542	922	33
1106	546	1510	25
1107	548	1615	66
1108	571	1612	33
1109	572	1219	33
1110	572	1291	33
1111	572	1443	33
1112	572	1501	33
1113	586	1225	66
1114	587	1043	33
1115	587	1157	33
1116	589	1019	66
1117	589	1141	66
1118	589	1411	66
1119	590	1034	66
1120	590	1038	66
1121	590	1038	66
1122	590	1141	66
1123	590	1142	66
1124	590	1142	66
1125	590	1142	66
1126	590	1142	66
1127	590	1144	66
1128	592	1151	66
1129	592	1156	66
1130	592	1156	66
1131	592	1160	66
1132	593	1541	66
1133	595	1926	66
1134	597	1157	66
1135	600	1038	66
1136	600	1142	66
1137	600	1142	66
1138	603	1516	25
1139	609	1278	33
1140	609	1286	33
1141	609	1286	33
1142	609	1300	33
1143	609	1303	33
1144	609	1578	33
1145	609	1868	33
1146	609	1953	33
1147	610	1286	33
1148	610	1286	33
1149	610	1286	33
1150	610	1670	33
1151	613	1053	33
1152	613	1291	33
1153	613	1737	33
1154	614	1157	33
1155	614	1157	33
1156	614	1157	33
1157	614	1157	33
1158	614	1157	33
1159	614	1157	33
1160	614	1157	33
1161	614	1158	33
1162	614	1158	33
1163	614	1159	33
1164	614	1998	33
1165	615	1157	33
1166	615	1157	33
1167	616	977	33
1168	617	1142	33
1169	617	1142	33
1170	617	1157	33
1171	617	1157	33
1172	617	1158	33
1173	617	1158	33
1174	617	1562	33
1175	619	1010	33
1176	619	1018	33
1177	619	1036	33
1178	619	1142	33
1179	619	1142	33
1180	619	1158	33
1181	623	2046	33
1182	627	1043	33
1183	627	1157	33
1184	627	1157	33
1185	657	1692	33
1186	661	1292	33
1187	666	1865	66
1188	666	2044	66
1189	670	1559	33
1190	671	1364	30
1191	679	1082	33
1192	691	1631	66
1193	697	1297	33
1194	711	1627	33
1195	716	1330	33
1196	718	1437	66
1197	720	1560	33
1198	721	1101	66
1199	721	1101	66
1200	721	2141	33
1201	722	1627	33
1202	722	1863	30
1203	722	1863	30
1204	723	1724	33
1205	726	1746	66
1206	736	2159	33
1207	740	1407	30
1208	741	1710	33
1209	751	1382	50
1210	752	1329	33
1211	755	1293	66
1212	756	1471	33
1213	759	1140	66
1214	759	1140	66
1215	759	1142	66
1216	759	1142	66
1217	759	1142	66
1218	759	1142	66
1219	759	1142	66
1220	759	1142	66
1221	759	1898	33
1222	759	1995	66
1223	766	1901	33
1224	766	1901	33
1225	768	1901	33
1226	771	1882	33
1227	772	1382	66
1228	781	1563	33
1229	781	1620	66
1230	781	1620	66
1231	781	1680	33
1232	783	1388	33
1233	785	2060	66
1234	786	1203	66
1235	789	1501	33
1236	803	1995	33
1237	803	1995	33
1238	805	1564	66
1239	805	1565	66
1240	805	1653	25
1241	810	1830	26
1242	811	1223	33
1243	811	1502	50
1244	814	1520	33
1245	814	1855	33
1246	815	1901	33
1247	816	1901	33
1248	816	1901	33
1249	816	1901	33
1250	816	1901	33
1251	816	1901	33
1252	816	1901	33
1253	816	1905	33
1254	816	1905	33
1255	816	1905	33
1256	817	1901	33
1257	817	1901	33
1258	817	1901	33
1259	817	1905	33
1260	817	1905	33
1261	818	1901	33
1262	818	1901	33
1263	818	1901	33
1264	818	1901	33
1265	818	1901	33
1266	818	1901	33
1267	818	1901	33
1268	818	1901	33
1269	819	1901	33
1270	819	1901	33
1271	819	1901	33
1272	819	1901	33
1273	819	1901	33
1274	819	1901	33
1275	820	1901	33
1276	820	1901	33
1277	820	1901	33
1278	820	1901	33
1279	820	1901	33
1280	820	1901	33
1281	820	1901	33
1282	820	1901	33
1283	820	1901	33
1284	820	1904	33
1285	820	1904	33
1286	821	1901	33
1287	821	1901	33
1288	821	1901	33
1289	821	1901	33
1290	821	1901	33
1291	821	1901	33
1292	845	2022	33
1293	846	1208	66
1294	851	1312	33
1295	855	1498	66
1296	861	1502	33
1297	868	1396	66
1298	870	1453	33
1299	884	1908	33
1300	896	1562	33
1301	900	1300	66
1302	901	1509	33
1303	901	1641	66
1304	901	1641	66
1305	901	1641	66
1306	903	1289	33
1307	903	1803	33
1308	906	1905	33
1309	908	1278	30
1310	909	1405	66
1311	910	1322	33
1312	911	1322	66
1313	911	2026	66
1314	911	2026	66
1315	913	2109	33
1316	921	1652	66
1317	926	2026	66
1318	926	2026	66
1319	926	2026	66
1320	926	2026	66
1321	927	1565	50
1322	929	1567	33
1323	933	1901	33
1324	933	1901	33
1325	933	1901	33
1326	938	1544	66
1327	949	1380	33
1328	954	1498	33
1329	954	1996	33
1330	955	1440	33
1331	960	1474	25
1332	960	2086	66
1333	965	1405	66
1334	965	2097	66
1335	966	1742	33
1336	967	1776	33
1337	967	1891	33
1338	967	2297	33
1339	979	1405	66
1340	979	1405	66
1341	987	1378	33
1342	989	1869	33
1343	996	1566	30
1344	1009	2045	33
1345	1018	1390	33
1346	1018	1775	66
1347	1019	1390	33
1348	1019	1390	33
1349	1027	1472	66
1350	1028	1981	66
1351	1037	2214	66
1352	1045	2035	66
1353	1047	1703	33
1354	1048	1703	33
1355	1048	1703	33
1356	1052	2327	66
1357	1068	1887	33
1358	1071	2070	66
1359	1072	1527	33
1360	1075	2300	25
1361	1079	1740	66
1362	1084	2195	33
1363	1085	1799	33
1364	1090	1628	30
1365	1093	2300	50
1366	1094	2300	50
1367	1109	1989	33
1368	1133	1992	66
1369	1142	1620	33
1370	1142	1659	33
1371	1146	2232	33
1372	1152	2068	33
1373	1155	1538	33
1374	1155	1550	33
1375	1156	1518	33
1376	1156	1528	33
1377	1156	1550	33
1378	1156	1550	33
1379	1156	2099	33
1380	1156	2119	33
1381	1156	2119	33
1382	1157	1578	33
1383	1157	1653	33
1384	1157	1922	33
1385	1157	1922	33
1386	1158	1550	33
1387	1158	2098	33
1388	1158	2129	33
1389	1159	1550	33
1390	1160	1676	66
1391	1160	1676	66
1392	1161	1674	30
1393	1167	1797	33
1394	1171	2301	50
1395	1177	2112	25
1396	1178	1901	33
1397	1178	1901	33
1398	1178	1901	33
1399	1179	1901	33
1400	1179	1901	33
1401	1180	1901	33
1402	1180	1901	33
1403	1180	1901	33
1404	1180	1901	33
1405	1189	2154	66
1406	1210	1606	33
1407	1211	1583	33
1408	1211	1583	33
1409	1211	1590	33
1410	1211	1590	33
1411	1211	1603	33
1412	1211	1603	33
1413	1212	1606	33
1414	1214	1583	33
1415	1217	1583	33
1416	1218	1603	33
1417	1219	1741	66
1418	1219	1757	66
1419	1219	1840	66
1420	1219	1866	66
1421	1219	2171	66
1422	1222	1583	33
1423	1222	1756	66
1424	1222	1898	66
1425	1222	1898	66
1426	1222	1898	66
1427	1222	1926	66
1428	1222	1945	66
1429	1222	1998	66
1430	1222	2044	66
1431	1222	2495	66
1432	1242	1869	66
1433	1242	1880	66
1434	1242	1926	66
1435	1242	2016	66
1436	1242	2357	66
1437	1242	2478	66
1438	1242	2479	66
1439	1242	2495	66
1440	1242	2498	66
1441	1244	1840	66
1442	1247	2064	33
1443	1263	2279	66
1444	1267	2211	66
1445	1268	1925	40
1446	1271	2055	66
1447	1281	2703	33
1448	1282	2056	33
1449	1283	2057	33
1450	1299	1740	33
1451	1299	1752	33
1452	1311	2064	66
1453	1311	2270	66
1454	1311	2270	66
1455	1311	2270	66
1456	1312	2270	66
1457	1312	2270	66
1458	1313	1741	66
1459	1313	1927	66
1460	1313	2270	66
1461	1313	2270	66
1462	1318	1844	66
1463	1318	2270	66
1464	1318	2270	66
1465	1320	1777	33
1466	1322	2060	66
1467	1322	2060	66
1468	1322	2062	66
1469	1322	2062	66
1470	1322	2062	66
1471	1322	2062	66
1472	1322	2062	66
1473	1322	2062	66
1474	1322	2062	66
1475	1322	2062	66
1476	1322	2062	66
1477	1322	2062	66
1478	1322	2062	66
1479	1322	2062	66
1480	1322	2062	66
1481	1322	2063	66
1482	1322	2063	66
1483	1322	2063	66
1484	1322	2063	66
1485	1322	2063	66
1486	1322	2063	66
1487	1322	2063	66
1488	1322	2063	66
1489	1322	2063	66
1490	1323	2158	33
1491	1323	2158	33
1492	1327	2270	66
1493	1327	2270	66
1494	1327	2270	66
1495	1330	2270	66
1496	1330	2270	66
1497	1331	2222	66
1498	1334	2174	66
1499	1334	2174	66
1500	1335	2271	66
1501	1335	2271	66
1502	1335	2271	66
1503	1336	2270	66
1504	1342	2051	33
1505	1342	2270	66
1506	1342	2270	66
1507	1347	2257	33
1508	1350	2272	66
1509	1350	2272	66
1510	1350	2272	66
1511	1351	1776	33
1512	1352	2272	66
1513	1353	2064	66
1514	1353	2272	66
1515	1353	2272	66
1516	1353	2272	66
1517	1353	2272	66
1518	1353	2272	66
1519	1360	2272	66
1520	1378	2098	33
1521	1378	2119	33
1522	1378	2129	33
1523	1381	1776	33
1524	1382	1776	33
1525	1382	1776	33
1526	1382	1783	33
1527	1392	1760	66
1528	1399	2824	33
1529	1399	2824	33
1530	1402	1776	66
1531	1404	2300	50
1532	1429	2856	33
1533	1437	2359	33
1534	1437	2359	33
1535	1453	2108	33
1536	1465	2691	33
1537	1474	2823	66
1538	1488	2068	33
1539	1488	2201	33
1540	1488	2209	33
1541	1501	1903	33
1542	1501	1903	33
1543	1519	2035	66
1544	1519	2035	66
1545	1519	2035	66
1546	1520	2196	33
1547	1525	2194	33
1548	1535	2402	33
1549	1560	2129	33
1550	1561	2140	33
1551	1563	2820	66
1552	1591	2144	33
1553	1591	2144	33
1554	1605	2050	66
1555	1607	2311	25
1556	1612	2062	40
1557	1633	2334	33
1558	1633	2458	33
1559	1635	2068	25
1560	1635	2824	33
1561	1635	2894	33
1562	1636	1998	33
1563	1636	2000	33
1564	1636	2047	33
1565	1645	2049	33
1566	1645	2100	33
1567	1666	2173	33
1568	1681	2069	25
1569	1681	2418	66
1570	1681	2418	66
1571	1684	2056	33
1572	1684	2161	33
1573	1684	2161	33
1574	1684	2161	33
1575	1686	2809	33
1576	1701	2061	33
1577	1709	2224	33
1578	1710	2190	33
1579	1712	2753	33
1580	1726	2098	33
1581	1726	2131	33
1582	1726	2131	33
1583	1726	2131	33
1584	1726	2132	33
1585	1726	2132	33
1586	1726	2141	66
1587	1726	2221	33
1588	1726	2221	33
1589	1726	2225	33
1590	1726	2283	33
1591	1726	2346	33
1592	1726	2418	33
1593	1726	2419	33
1594	1726	2504	33
1595	1726	2548	33
1596	1727	2591	66
1597	1727	2591	66
1598	1730	2146	33
1599	1734	2137	50
1600	1736	3125	66
1601	1738	2902	33
1602	1741	2582	30
1603	1749	2915	66
1604	1749	2915	66
1605	1750	2184	66
1606	1760	2309	33
1607	1766	2155	33
1608	1771	2309	33
1609	1784	2222	66
1610	1793	3069	66
1611	1793	3069	66
1612	1797	2191	33
1613	1799	2161	33
1614	1799	2161	33
1615	1799	2161	33
1616	1799	2718	33
1617	1805	2222	66
1618	1810	2220	33
1619	1810	2463	33
1620	1810	2504	33
1621	1810	2504	33
1622	1810	2504	33
1623	1812	2540	33
1624	1812	3138	33
1625	1816	2191	33
1626	1816	2191	33
1627	1816	2225	33
1628	1816	2339	33
1629	1816	2339	33
1630	1816	2339	33
1631	1816	2339	33
1632	1816	2339	33
1633	1816	2343	33
1634	1816	2343	33
1635	1816	2427	33
1636	1818	2222	33
1637	1818	2224	33
1638	1818	2224	33
1639	1818	2225	33
1640	1818	2225	33
1641	1818	2225	33
1642	1823	2243	33
1643	1824	2244	66
1644	1826	2507	33
1645	1827	2385	33
1646	1827	2694	33
1647	1833	2282	33
1648	1833	2504	33
1649	1835	2247	33
1650	1835	2407	33
1651	1835	2737	33
1652	1835	2885	33
1653	1835	2885	33
1654	1835	2885	33
1655	1836	2454	33
1656	1836	2454	33
1657	1836	2537	33
1658	1839	2225	33
1659	1839	2460	33
1660	1839	2506	33
1661	1839	2513	33
1662	1840	2256	33
1663	1840	2571	33
1664	1840	2674	33
1665	1840	2674	33
1666	1844	2704	33
1667	1856	3262	33
1668	1857	2471	33
1669	1858	2313	66
1670	1862	2277	33
1671	1866	2680	33
1672	1879	2327	33
1673	1884	2358	33
1674	1888	2504	33
1675	1899	2368	33
1676	1908	2650	33
1677	1908	2718	33
1678	1908	2718	33
1679	1918	2509	33
1680	1919	2640	33
1681	1919	2824	33
1682	1920	2815	33
1683	1920	2867	33
1684	1920	3063	33
1685	1927	2371	33
1686	1928	2301	33
1687	1930	2956	33
1688	1930	2956	33
1689	1936	2406	33
1690	1945	2411	66
1691	1947	2593	33
1692	1994	2726	33
1693	1997	3431	33
1694	2007	3441	33
1695	2008	3323	33
1696	2012	2383	30
1697	2023	2787	33
1698	2044	3025	33
1699	2044	3040	33
1700	2046	2714	33
1701	2046	2729	33
1702	2046	3017	33
1703	2046	3025	33
1704	2048	2719	33
1705	2048	2729	33
1706	2048	2729	33
1707	2055	3384	33
1708	2057	3017	33
1709	2057	3017	33
1710	2058	2426	33
1711	2058	2426	33
1712	2058	2426	33
1713	2058	2426	33
1714	2058	2443	33
1715	2058	2459	33
1716	2058	3375	33
1717	2077	2586	66
1718	2078	3480	66
1719	2080	2823	66
1720	2080	2823	66
1721	2084	3033	33
1722	2084	3103	33
1723	2088	3001	33
1724	2090	2504	33
1725	2096	3139	33
1726	2103	2775	30
1727	2103	2777	30
1728	2103	3124	66
1729	2103	3124	66
1730	2104	2868	25
1731	2114	2798	33
1732	2116	2523	33
1733	2119	2734	33
1734	2129	3320	33
1735	2129	3323	33
1736	2149	2540	33
1737	2162	3303	30
1738	2162	3529	33
1739	2163	2824	66
1740	2163	2825	66
1741	2163	2884	66
1742	2166	2927	33
1743	2184	2576	25
1744	2192	3391	33
1745	2196	2933	33
1746	2196	2997	33
1747	2196	3121	33
1748	2203	3095	33
1749	2205	3163	33
1750	2220	2581	33
1751	2220	2760	33
1752	2221	2940	33
1753	2221	3357	33
1754	2221	3530	33
1755	2223	3122	33
1756	2247	2621	66
1757	2247	2622	66
1758	2247	2622	66
1759	2251	2941	50
1760	2282	2716	33
1761	2283	2644	66
1762	2283	3181	25
1763	2288	2710	33
1764	2292	2844	33
1765	2296	2943	25
1766	2311	2942	50
1767	2318	2717	33
1768	2327	2751	33
1769	2327	3301	33
1770	2327	3502	33
1771	2328	2855	33
1772	2340	2709	33
1773	2340	3071	33
1774	2342	2779	33
1775	2351	2730	33
1776	2351	3092	66
1777	2353	3075	33
1778	2353	3301	66
1779	2355	3085	66
1780	2356	2744	33
1781	2356	3307	33
1782	2365	3090	66
1783	2375	2864	33
1784	2384	2966	33
1785	2390	2885	33
1786	2400	2964	33
1787	2410	3212	33
1788	2412	2857	33
1789	2412	2885	33
1790	2429	3024	33
1791	2449	2813	25
1792	2462	3092	33
1793	2462	3857	33
1794	2474	2865	66
1795	2475	3450	66
1796	2476	3505	66
1797	2486	2931	33
1798	2487	2931	33
1799	2487	3143	33
1800	2488	2931	33
1801	2490	2931	33
1802	2491	2931	33
1803	2492	3005	30
1804	2498	2900	30
1805	2512	2881	33
1806	2518	3731	33
1807	2519	3211	33
1808	2519	3558	33
1809	2522	2883	33
1810	2522	2886	33
1811	2522	2886	66
1812	2522	3310	66
1813	2522	3738	66
1814	2524	3727	33
1815	2526	3676	66
1816	2532	3372	40
1817	2549	3630	66
1818	2550	3493	66
1819	2553	2954	50
1820	2561	3366	50
1821	2597	3888	30
1822	2612	3181	33
1823	2638	4024	33
1824	2641	3448	66
1825	2644	3449	66
1826	2644	3449	66
1827	2644	3449	66
1828	2647	3449	66
1829	2647	3449	66
1830	2650	3448	66
1831	2650	3448	66
1832	2650	3448	66
1833	2650	3448	66
1834	2650	3448	66
1835	2650	3449	66
1836	2650	3449	66
1837	2650	3449	66
1838	2650	3449	66
1839	2650	3449	66
1840	2650	3449	66
1841	2650	3449	66
1842	2650	3449	66
1843	2650	3449	66
1844	2650	3568	66
1845	2651	3448	66
1846	2651	3448	66
1847	2651	3448	66
1848	2651	3448	66
1849	2651	3448	66
1850	2651	3448	66
1851	2651	3448	66
1852	2653	3449	66
1853	2672	3049	66
1854	2672	3049	66
1855	2680	3444	66
1856	2680	3444	66
1857	2680	3445	66
1858	2681	3444	66
1859	2681	3444	66
1860	2682	3445	66
1861	2682	3445	66
1862	2682	3445	66
1863	2682	3445	66
1864	2684	3444	66
1865	2684	3444	66
1866	2731	3095	33
1867	2803	3197	33
1868	2824	3783	33
1869	2880	3352	66
1870	2880	3352	66
1871	2883	3352	66
1872	2883	3352	66
1873	2883	3352	66
1874	2885	3424	66
1875	2895	4334	66
1876	2937	3340	33
1877	2950	3349	66
1878	2950	3349	66
1879	2950	3349	66
1880	2954	3741	50
1881	2956	3354	66
1882	2971	3337	33
1883	2974	3337	33
1884	2977	3662	33
1885	2977	3783	33
1886	2977	3856	33
1887	2980	3663	33
1888	2981	3623	33
1889	2981	3638	33
1890	2981	3856	33
1891	2987	3557	33
1892	2987	3681	33
1893	2987	3882	33
1894	2989	3481	33
1895	2989	3872	33
1896	2989	3872	33
1897	2989	4321	33
1898	2998	3480	66
1899	2998	3779	66
1900	2998	3781	66
1901	2998	3857	66
1902	2998	3859	66
1903	2998	3859	66
1904	2998	3860	66
1905	2998	3860	66
1906	2998	3863	66
1907	2998	3863	66
1908	2998	3864	66
1909	2999	3849	33
1910	2999	3860	33
1911	3001	3836	25
1912	3003	3427	33
1913	3003	3427	33
1914	3004	3480	33
1915	3004	3724	33
1916	3004	4382	66
1917	3005	3686	33
1918	3008	3623	33
1919	3008	3638	33
1920	3008	3642	33
1921	3008	3658	33
1922	3008	3681	33
1923	3008	3681	33
1924	3008	3738	33
1925	3008	3738	33
1926	3008	3877	33
1927	3008	3877	33
1928	3008	3917	33
1929	3010	3658	33
1930	3010	3658	33
1931	3030	3405	33
1932	3039	3499	33
1933	3039	3541	33
1934	3039	3623	33
1935	3039	3782	33
1936	3039	4381	33
1937	3039	4381	33
1938	3042	3889	33
1939	3048	3479	33
1940	3051	3724	33
1941	3054	3745	33
1942	3054	3883	33
1943	3078	3451	30
1944	3090	3616	33
1945	3113	3620	33
1946	3125	3733	33
1947	3125	3761	30
1948	3125	3763	66
1949	3153	3638	66
1950	3160	3610	33
1951	3160	3857	33
1952	3160	4067	33
1953	3161	3730	33
1954	3161	3872	33
1955	3178	4290	33
1956	3180	3951	33
1957	3207	3691	33
1958	3221	4167	66
1959	3244	3779	33
1960	3244	3849	33
1961	3250	3749	33
1962	3250	3749	33
1963	3254	4414	66
1964	3260	3857	33
1965	3260	3857	33
1966	3261	3629	33
1967	3301	3799	33
1968	3335	4503	33
1969	3346	4034	66
1970	3401	4402	33
1971	3417	3856	33
1972	3417	3963	33
1973	3425	4809	33
1974	3426	3857	33
1975	3426	4039	33
1976	3426	4812	33
1977	3427	3857	33
1978	3427	3857	33
1979	3427	3872	33
1980	3427	3978	40
1981	3427	4812	33
1982	3429	4030	33
1983	3438	4470	33
1984	3441	4520	33
1985	3453	3856	33
1986	3453	3873	33
1987	3453	3901	33
1988	3453	4809	33
1989	3464	3846	33
1990	3464	3856	33
1991	3464	3857	33
1992	3464	3878	33
1993	3464	3878	33
1994	3464	4773	33
1995	3465	3858	33
1996	3465	4036	33
1997	3484	4577	33
1998	3486	3906	33
1999	3513	3906	33
2000	3537	4581	33
2001	3538	4643	33
2002	3543	4625	66
2003	3544	4624	33
2004	3552	4036	66
2005	3571	4521	66
2006	3595	4387	50
2007	3602	4743	30
2008	3603	4564	66
2009	3608	4677	33
2010	3609	4447	66
2011	3610	5022	33
2012	3635	5012	33
2013	3663	4144	66
2014	3698	4061	33
2015	3706	4531	25
2016	3714	5043	33
2017	3724	4154	33
2018	3732	4361	33
2019	3744	4126	66
2020	3748	4140	33
2021	3770	4756	33
2022	3770	4895	33
2023	3770	5056	33
2024	3775	4522	33
2025	3780	5209	33
2026	3783	5017	66
2027	3805	4183	33
2028	3831	4685	33
2029	3833	4478	33
2030	3841	4312	66
2031	3849	4577	33
2032	3850	4931	66
2033	3851	4621	33
2034	3865	4936	33
2035	3872	5127	33
2036	3873	4381	33
2037	3873	4522	33
2038	3873	4560	33
2039	3873	5311	33
2040	3880	4522	33
2041	3882	4307	33
2042	3882	4350	33
2043	3882	4350	33
2044	3886	4679	33
2045	3887	4621	33
2046	3887	4810	33
2047	3891	5317	33
2048	3891	5317	33
2049	3903	5030	66
2050	3917	4810	33
2051	3923	4388	33
2052	3923	4539	33
2053	3924	4321	33
2054	3925	4321	33
2055	3927	4522	33
2056	3927	4782	33
2057	3928	4522	33
2058	3929	4522	33
2059	3931	4503	33
2060	3940	5375	33
2061	3943	4988	66
2062	3944	4797	33
2063	3951	4525	33
2064	3952	4987	33
2065	3966	4773	33
2066	3976	4732	33
2067	3989	4849	33
2068	3990	5410	33
2069	4007	4708	33
2070	4010	4488	33
2071	4010	4488	33
2072	4010	4502	33
2073	4010	4502	33
2074	4010	4910	33
2075	4010	5449	33
2076	4010	5449	33
2077	4010	5449	33
2078	4010	5449	33
2079	4010	5449	33
2080	4010	5449	33
2081	4010	5449	33
2082	4010	5449	33
2083	4010	5449	33
2084	4010	5449	33
2085	4010	5449	33
2086	4010	5449	33
2087	4010	5449	33
2088	4010	5449	33
2089	4010	5449	33
2090	4028	5375	33
2091	4031	5383	33
2092	4031	5383	33
2093	4038	4501	33
2094	4041	4995	66
2095	4045	5101	33
2096	4045	5288	33
2097	4049	5488	33
2098	4049	5488	33
2099	4058	4767	33
2100	4059	4502	33
2101	4059	4503	33
2102	4059	4936	66
2103	4059	4936	66
2104	4061	4859	33
2105	4070	4486	33
2106	4070	4621	33
2107	4079	4504	33
2108	4081	5383	33
2109	4090	4486	33
2110	4090	4522	33
2111	4090	5488	33
2112	4090	5488	33
2113	4090	5488	33
2114	4092	5488	33
2115	4092	5488	33
2116	4092	5488	33
2117	4092	5488	33
2118	4092	5488	33
2119	4092	5488	33
2120	4092	5488	33
2121	4092	5488	33
2122	4095	5519	33
2123	4095	5519	33
2124	4142	5057	33
2125	4156	4632	33
2126	4195	4634	66
2127	4195	4634	66
2128	4195	4634	66
2129	4195	4634	66
2130	4195	4634	66
2131	4195	4634	66
2132	4195	4634	66
2133	4195	4634	66
2134	4195	4634	66
2135	4195	4634	66
2136	4206	4635	33
2137	4225	5241	33
2138	4227	4854	33
2139	4231	4689	33
2140	4249	5044	33
2141	4249	5127	33
2142	4249	5127	33
2143	4249	5127	33
2144	4251	4681	33
2145	4251	4744	33
2146	4251	5122	33
2147	4252	4846	33
2148	4252	5136	33
2149	4252	5315	33
2150	4253	4685	33
2151	4254	4942	33
2152	4254	5068	66
2153	4256	5132	33
2154	4256	5298	33
2155	4256	5298	33
2156	4261	4630	33
2157	4261	4632	33
2158	4261	4634	33
2159	4261	4641	33
2160	4261	4810	33
2161	4268	4634	66
2162	4297	5313	33
2163	4302	4756	33
2164	4302	4756	33
2165	4315	5488	33
2166	4322	4803	33
2167	4326	5737	33
2168	4345	4710	25
2169	4381	4773	66
2170	4381	4774	66
2171	4381	4774	66
2172	4381	4921	66
2173	4394	4776	33
2174	4394	4776	33
2175	4402	5834	33
2176	4402	5834	33
2177	4403	4894	66
2178	4460	5043	33
2179	4460	5044	33
2180	4466	5884	33
2181	4472	4882	33
2182	4472	4926	33
2183	4483	5043	33
2184	4483	5043	33
2185	4484	5305	33
2186	4489	5116	33
2187	4489	5522	33
2188	4501	5120	66
2189	4502	5255	33
2190	4502	5726	33
2191	4502	5726	33
2192	4503	5119	33
2193	4506	5014	25
2194	4517	5014	25
2195	4517	5014	25
2196	4520	5238	33
2197	4528	5202	66
2198	4528	5202	66
2199	4536	5581	33
2200	4545	5252	33
2201	4546	5120	66
2202	4552	4968	66
2203	4561	5014	25
2204	4561	5014	25
2205	4561	5184	66
2206	4564	5241	33
2207	4564	5624	33
2208	4578	5233	33
2209	4626	5101	33
2210	4648	5101	33
2211	4674	5056	66
2212	4674	5056	66
2213	4680	5206	33
2214	4680	5206	33
2215	4689	5460	33
2216	4706	5422	33
2217	4711	5767	33
2218	4713	5762	33
2219	4721	5136	33
2220	4721	5282	33
2221	4730	5114	33
2222	4730	5160	33
2223	4730	5175	33
2224	4732	5256	33
2225	4736	5244	33
2226	4736	5453	33
2227	4744	5388	33
2228	4745	5649	33
2229	4746	5229	33
2230	4747	5656	33
2231	4748	5771	33
2232	4749	5943	33
2233	4749	5968	33
2234	4749	6013	33
2235	4750	5198	33
2236	4750	5584	33
2237	4750	5584	33
2238	4750	5881	33
2239	4750	5885	33
2240	4750	5885	33
2241	4750	6181	33
2242	4757	5168	40
2243	4757	5168	40
2244	4811	6166	33
2245	4812	6005	33
2246	4841	5250	33
2247	4847	6160	33
2248	4876	5285	66
2249	4887	6316	33
2250	4905	5388	33
2251	4909	5388	33
2252	4926	6198	33
2253	4948	6237	30
2254	4981	6198	33
2255	4989	5425	33
2256	5050	5734	33
2257	5068	6342	33
2258	5072	6486	33
2259	5073	6342	33
2260	5080	5706	30
2261	5103	6185	66
2262	5125	6427	33
2263	5125	6427	33
2264	5146	5873	33
2265	5162	5880	33
2266	5168	6038	66
2267	5171	5900	33
2268	5176	5674	33
2269	5176	5674	33
2270	5210	5617	66
2271	5214	5674	33
2272	5221	5803	66
2273	5293	6313	66
2274	5293	6426	66
2275	5293	6426	66
2276	5296	6061	33
2277	5296	6297	66
2278	5296	6622	33
2279	5297	5998	66
2280	5297	5999	66
2281	5299	5845	33
2282	5299	6131	33
2283	5300	5764	33
2284	5300	6507	33
2285	5300	6596	33
2286	5302	5788	33
2287	5302	6580	33
2288	5304	5886	33
2289	5304	5968	33
2290	5304	5968	33
2291	5304	6197	33
2292	5305	5701	33
2293	5305	5701	33
2294	5305	5718	33
2295	5305	5761	33
2296	5305	5868	33
2297	5305	5883	33
2298	5305	5889	33
2299	5305	5947	33
2300	5305	5968	33
2301	5305	5983	33
2302	5305	5983	33
2303	5305	6008	33
2304	5305	6231	33
2305	5305	6316	33
2306	5305	6426	33
2307	5305	6485	33
2308	5306	6266	66
2309	5319	5900	33
2310	5337	6437	66
2311	5344	6533	66
2312	5348	5873	33
2313	5348	6287	33
2314	5350	5888	33
2315	5352	6539	33
2316	5353	6534	33
2317	5353	6548	33
2318	5353	6733	33
2319	5354	6085	33
2320	5356	6267	66
2321	5358	6406	33
2322	5360	6066	33
2323	5363	6367	66
2324	5363	6367	66
2325	5367	5873	33
2326	5368	5873	33
2327	5368	5873	33
2328	5377	6666	66
2329	5382	5896	33
2330	5383	5776	33
2331	5383	6727	33
2332	5383	6795	33
2333	5387	5882	33
2334	5387	5955	33
2335	5394	6197	33
2336	5395	5884	33
2337	5395	5884	33
2338	5395	5915	33
2339	5403	6527	66
2340	5435	6217	33
2341	5439	6510	66
2342	5444	6169	33
2343	5444	6753	33
2344	5445	5956	33
2345	5445	6836	33
2346	5447	6596	33
2347	5447	6845	33
2348	5447	6845	33
2349	5450	5956	33
2350	5450	6845	33
2351	5452	5983	33
2352	5452	5983	33
2353	5452	6365	33
2354	5452	6406	33
2355	5464	6255	33
2356	5477	6893	66
2357	5480	6362	33
2358	5486	6354	66
2359	5487	6257	33
2360	5515	5966	33
2361	5515	5968	33
2362	5515	5968	33
2363	5515	6131	33
2364	5515	6188	33
2365	5515	6393	33
2366	5515	6423	33
2367	5515	6481	33
2368	5515	6507	33
2369	5515	6541	33
2370	5515	6854	33
2371	5515	6917	33
2372	5516	5882	33
2373	5516	5882	33
2374	5516	5946	33
2375	5516	5947	33
2376	5516	6197	33
2377	5516	6197	33
2378	5516	6393	33
2379	5516	6425	33
2380	5516	6437	33
2381	5516	6437	33
2382	5516	6573	33
2383	5516	6678	33
2384	5516	6734	33
2385	5516	6911	33
2386	5516	6911	33
2387	5516	6922	33
2388	5516	6922	33
2389	5516	6922	33
2390	5516	6922	33
2391	5516	6922	33
2392	5516	6922	33
2393	5516	6922	33
2394	5516	6922	33
2395	5516	6922	33
2396	5516	6922	33
2397	5516	6922	33
2398	5516	6922	33
2399	5516	6923	33
2400	5516	6931	33
2401	5519	6956	33
2402	5519	6956	33
2403	5519	6956	33
2404	5520	5947	33
2405	5520	6393	33
2406	5520	6671	33
2407	5520	6690	33
2408	5520	6731	33
2409	5520	6731	33
2410	5520	6922	33
2411	5520	6922	33
2412	5520	6956	33
2413	5520	6956	33
2414	5520	6956	33
2415	5520	6956	33
2416	5520	6956	33
2417	5520	6956	33
2418	5520	6956	33
2419	5520	6956	33
2420	5520	6956	33
2421	5520	6956	33
2422	5520	6956	33
2423	5520	6956	33
2424	5520	6956	33
2425	5520	6956	33
2426	5520	6956	33
2427	5520	6956	33
2428	5520	6956	33
2429	5520	6956	33
2430	5520	6956	33
2431	5520	6956	33
2432	5520	6956	33
2433	5520	6956	33
2434	5520	6956	33
2435	5520	6956	33
2436	5520	6956	33
2437	5520	6956	33
2438	5520	6956	33
2439	5520	6956	33
2440	5520	6956	33
2441	5520	6956	33
2442	5520	6956	33
2443	5520	6956	33
2444	5520	6956	33
2445	5520	6956	33
2446	5520	6956	33
2447	5520	6956	33
2448	5520	6956	33
2449	5520	6956	33
2450	5520	6956	33
2451	5520	6956	33
2452	5520	6956	33
2453	5520	6956	33
2454	5520	6956	33
2455	5520	6956	33
2456	5520	6956	33
2457	5520	6956	33
2458	5520	6956	33
2459	5520	6957	33
2460	5520	6957	33
2461	5520	6957	33
2462	5520	6957	33
2463	5520	6957	33
2464	5520	6957	33
2465	5520	6957	33
2466	5520	6957	33
2467	5520	6957	33
2468	5520	6957	33
2469	5520	6957	33
2470	5520	6957	33
2471	5520	6957	33
2472	5520	6957	33
2473	5520	6957	33
2474	5520	6957	33
2475	5526	6957	33
2476	5526	6957	33
2477	5526	6957	33
2478	5526	6957	33
2479	5526	6957	33
2480	5526	6957	33
2481	5529	6956	33
2482	5533	6491	66
2483	5581	6502	66
2484	5584	6347	33
2485	5584	6347	33
2486	5584	6347	33
2487	5584	6347	33
2488	5584	6347	33
2489	5656	6206	33
2490	5676	6077	33
2491	5676	6077	33
2492	5717	6679	66
2493	5721	6936	33
2494	5722	6827	33
2495	5732	6476	66
2496	5732	6476	66
2497	5732	6476	66
2498	5732	6476	66
2499	5732	6476	66
2500	5732	6476	66
2501	5734	6475	66
2502	5734	6475	66
2503	5734	6475	66
2504	5735	6957	33
2505	5736	6476	66
2506	5736	6476	66
2507	5736	6476	66
2508	5740	6234	33
2509	5742	6475	66
2510	5742	6475	66
2511	5743	6476	66
2512	5743	6476	66
2513	5744	6475	66
2514	5744	6476	66
2515	5744	6476	66
2516	5744	6476	66
2517	5750	6476	66
2518	5750	6476	66
2519	5750	6476	66
2520	5773	6405	33
2521	5774	6404	66
2522	5776	6156	33
2523	5776	6946	33
2524	5777	6436	66
2525	5777	6476	66
2526	5777	6476	66
2527	5777	6476	66
2528	5777	6476	66
2529	5777	6476	66
2530	5777	6476	66
2531	5777	6476	66
2532	5777	6476	66
2533	5821	6361	66
2534	5838	6481	33
2535	5868	6586	66
2536	5876	6872	33
2537	5881	6248	33
2538	5881	6365	33
2539	5881	6365	33
2540	5881	6406	33
2541	5882	6248	33
2542	5882	7140	66
2543	5883	7151	33
2544	5886	6279	66
2545	5886	6279	66
2546	5886	6279	66
2547	5886	6279	66
2548	5886	6279	66
2549	5886	6280	66
2550	5886	6280	66
2551	5887	7192	33
2552	5888	6279	66
2553	5888	6279	66
2554	5889	6280	66
2555	5889	6280	66
2556	5893	6727	33
2557	5893	7002	33
2558	5895	6316	33
2559	5895	6338	33
2560	5895	6378	33
2561	5895	6542	33
2562	5895	6542	33
2563	5895	6730	33
2564	5895	6736	33
2565	5895	6845	33
2566	5895	6845	33
2567	5896	6316	33
2568	5896	6316	33
2569	5896	6316	33
2570	5896	6501	33
2571	5896	6845	33
2572	5896	7158	33
2573	5896	7158	33
2574	5896	7160	33
2575	5896	7160	33
2576	5896	7175	33
2577	5896	7175	33
2578	5896	7175	33
2579	5897	6426	33
2580	5897	6428	33
2581	5897	6437	33
2582	5897	6482	33
2583	5897	7158	33
2584	5897	7158	33
2585	5897	7160	33
2586	5898	6280	66
2587	5898	6280	66
2588	5898	6280	66
2589	5898	6280	66
2590	5899	6280	66
2591	5899	6280	66
2592	5899	6280	66
2593	5900	6279	66
2594	5900	6279	66
2595	5900	6279	66
2596	5900	6279	66
2597	5901	6691	33
2598	5901	6727	33
2599	5902	6279	66
2600	5909	6280	66
2601	5909	6280	66
2602	5909	6280	66
2603	5909	6280	66
2604	5909	6280	66
2605	5911	6278	66
2606	5911	6278	66
2607	5911	6278	66
2608	5911	6278	66
2609	5911	6278	66
2610	5911	6278	66
2611	5911	6278	66
2612	5911	6278	66
2613	5912	6279	66
2614	5912	6279	66
2615	5913	6278	66
2616	5914	6279	66
2617	5914	6279	66
2618	5914	6279	66
2619	5944	6512	33
2620	5963	6411	33
2621	5987	6642	33
2622	5997	6390	30
2623	5997	7414	33
2624	6001	6438	25
2625	6006	6383	25
2626	6011	6768	33
2627	6013	6562	66
2628	6013	6565	66
2629	6016	7386	66
2630	6016	7386	66
2631	6036	6570	66
2632	6087	6472	33
2633	6088	6472	33
2634	6130	6768	33
2635	6135	7008	66
2636	6135	7386	66
2637	6158	6519	66
2638	6161	6659	33
2639	6165	6564	33
2640	6165	6595	33
2641	6171	7110	33
2642	6176	7502	66
2643	6181	6680	66
2644	6181	6811	25
2645	6187	6948	33
2646	6195	6580	66
2647	6213	6580	66
2648	6231	6965	33
2649	6232	6977	33
2650	6232	6977	33
2651	6241	6679	33
2652	6254	6621	50
2653	6255	7185	66
2654	6256	7081	66
2655	6268	7692	33
2656	6277	6704	30
2657	6279	6891	33
2658	6291	7072	33
2659	6299	7701	30
2660	6301	6720	33
2661	6303	6670	33
2662	6304	6671	33
2663	6304	6671	33
2664	6304	6720	33
2665	6304	6814	33
2666	6306	7319	40
2667	6307	6814	30
2668	6316	7407	33
2669	6316	7452	33
2670	6326	7393	33
2671	6326	7393	33
2672	6327	6972	33
2673	6330	6836	33
2674	6330	6836	33
2675	6331	6822	33
2676	6333	6733	33
2677	6336	7151	33
2678	6336	7151	33
2679	6336	7207	33
2680	6344	6799	33
2681	6351	6910	33
2682	6351	6985	33
2683	6351	7398	33
2684	6352	7791	33
2685	6352	7791	33
2686	6352	7791	33
2687	6352	7791	33
2688	6352	7791	33
2689	6352	7791	33
2690	6352	7791	33
2691	6353	6845	33
2692	6353	7791	33
2693	6353	7791	33
2694	6353	7791	33
2695	6353	7791	33
2696	6353	7791	33
2697	6353	7791	33
2698	6353	7791	33
2699	6353	7791	33
2700	6353	7791	33
2701	6353	7791	33
2702	6353	7791	33
2703	6353	7791	33
2704	6353	7791	33
2705	6353	7791	33
2706	6353	7791	33
2707	6353	7791	33
2708	6353	7791	33
2709	6353	7791	33
2710	6353	7791	33
2711	6353	7791	33
2712	6354	7115	33
2713	6355	7145	33
2714	6358	7112	33
2715	6362	7539	33
2716	6364	6799	33
2717	6364	6799	33
2718	6365	7038	66
2719	6365	7040	66
2720	6365	7040	66
2721	6365	7040	66
2722	6365	7040	66
2723	6367	7041	33
2724	6367	7042	33
2725	6372	7235	33
2726	6377	7336	33
2727	6377	7340	33
2728	6378	7042	33
2729	6378	7349	33
2730	6379	7037	33
2731	6379	7131	33
2732	6379	7406	33
2733	6386	6754	33
2734	6387	6749	33
2735	6387	6774	33
2736	6387	6907	33
2737	6387	7313	33
2738	6395	7353	33
2739	6406	7202	33
2740	6413	7322	33
2741	6414	7702	66
2742	6422	7172	33
2743	6422	7441	33
2744	6424	6802	33
2745	6437	6881	33
2746	6437	6881	33
2747	6437	6923	33
2748	6437	6944	33
2749	6437	6956	33
2750	6441	6903	33
2751	6441	6911	33
2752	6441	6916	33
2753	6441	6922	33
2754	6441	6922	33
2755	6441	6922	33
2756	6441	6922	33
2757	6441	6922	33
2758	6441	6964	33
2759	6441	7136	33
2760	6441	7158	33
2761	6441	7158	33
2762	6441	7175	33
2763	6441	7175	33
2764	6441	7175	33
2765	6441	7175	33
2766	6441	7175	33
2767	6441	7175	33
2768	6441	7178	33
2769	6441	7178	33
2770	6441	7178	33
2771	6441	7492	33
2772	6442	6924	33
2773	6442	6924	33
2774	6442	6969	33
2775	6442	7395	33
2776	6443	6922	33
2777	6443	6922	33
2778	6443	6922	33
2779	6443	6922	33
2780	6443	6922	33
2781	6443	6969	33
2782	6443	7882	33
2783	6443	7882	33
2784	6443	7882	33
2785	6443	7882	33
2786	6443	7882	33
2787	6443	7882	33
2788	6443	7882	33
2789	6443	7882	33
2790	6443	7882	33
2791	6443	7882	33
2792	6443	7882	33
2793	6443	7882	33
2794	6443	7882	33
2795	6443	7882	33
2796	6443	7882	33
2797	6443	7882	33
2798	6443	7882	33
2799	6443	7882	33
2800	6443	7882	33
2801	6444	6818	33
2802	6445	7882	33
2803	6445	7882	33
2804	6445	7882	33
2805	6445	7882	33
2806	6446	6827	33
2807	6446	6845	33
2808	6446	6921	33
2809	6446	7178	33
2810	6446	7882	33
2811	6446	7882	33
2812	6446	7882	33
2813	6446	7882	33
2814	6446	7882	33
2815	6446	7882	33
2816	6446	7882	33
2817	6446	7882	33
2818	6446	7882	33
2819	6446	7882	33
2820	6446	7882	33
2821	6446	7882	33
2822	6446	7882	33
2823	6446	7882	33
2824	6446	7882	33
2825	6446	7882	33
2826	6446	7882	33
2827	6446	7884	33
2828	6446	7884	33
2829	6446	7884	33
2830	6446	7884	33
2831	6446	7884	33
2832	6446	7884	33
2833	6447	6918	33
2834	6447	6921	33
2835	6447	6922	33
2836	6447	7882	33
2837	6447	7882	33
2838	6447	7882	33
2839	6451	7411	66
2840	6457	6929	33
2841	6475	6922	33
2842	6475	7158	33
2843	6475	7158	33
2844	6476	6918	33
2845	6476	6922	33
2846	6476	6922	33
2847	6476	6922	33
2848	6476	6922	33
2849	6477	6969	33
2850	6477	7088	33
2851	6479	6934	33
2852	6479	6934	33
2853	6480	6922	33
2854	6480	7221	25
2855	6481	6875	33
2856	6481	6876	33
2857	6481	6911	33
2858	6481	6916	33
2859	6481	6916	33
2860	6481	6916	33
2861	6481	6916	33
2862	6481	6916	33
2863	6481	6916	33
2864	6481	6922	33
2865	6481	6922	33
2866	6481	6922	33
2867	6481	6922	33
2868	6481	6922	33
2869	6481	6922	33
2870	6481	6922	33
2871	6481	6922	33
2872	6481	6922	33
2873	6481	6922	33
2874	6481	6922	33
2875	6481	6922	33
2876	6481	6922	33
2877	6481	6922	33
2878	6481	6923	33
2879	6482	7224	25
2880	6482	7574	33
2881	6484	7047	33
2882	6484	7350	33
2883	6485	6856	33
2884	6485	6867	33
2885	6485	6922	33
2886	6485	6932	33
2887	6485	6932	33
2888	6485	6934	33
2889	6486	6943	33
2890	6486	7077	33
2891	6486	7277	33
2892	6487	6924	33
2893	6491	6965	33
2894	6492	6968	33
2895	6533	7049	33
2896	6533	7111	33
2897	6540	7380	66
2898	6542	7233	25
2899	6543	7118	66
2900	6543	7118	66
2901	6548	6971	33
2902	6548	6971	33
2903	6548	7092	33
2904	6552	7002	66
2905	6552	7311	66
2906	6567	7330	33
2907	6571	7268	50
2908	6573	6992	33
2909	6575	7142	50
2910	6582	7062	30
2911	6582	7333	66
2912	6586	7322	33
2913	6586	7411	25
2914	6600	7088	66
2915	6600	7202	33
2916	6605	7151	33
2917	6633	7063	66
2918	6640	7803	33
2919	6646	7582	33
2920	6653	7532	33
2921	6653	7629	33
2922	6659	7462	33
2923	6664	7237	33
2924	6669	7237	33
2925	6669	7237	33
2926	6669	7237	33
2927	6669	7280	66
2928	6671	7406	66
2929	6682	7128	33
2930	6692	7171	33
2931	6697	7807	33
2932	6702	7079	33
2933	6704	7216	33
2934	6720	7082	66
2935	6721	7280	66
2936	6726	7102	66
2937	6727	7846	33
2938	6734	7810	66
2939	6736	7359	33
2940	6736	7359	33
2941	6736	7540	33
2942	6739	7645	33
2943	6740	7912	33
2944	6740	7912	33
2945	6741	7158	33
2946	6743	7175	33
2947	6743	7177	33
2948	6743	7332	33
2949	6743	7816	33
2950	6743	7816	33
2951	6743	7983	33
2952	6743	7983	33
2953	6749	7158	33
2954	6749	7681	33
2955	6749	7922	33
2956	6749	7928	33
2957	6749	8047	33
2958	6749	8047	33
2959	6749	8047	33
2960	6751	7481	66
2961	6755	8045	66
2962	6761	7158	33
2963	6761	7175	33
2964	6763	7310	33
2965	6770	7330	66
2966	6781	7360	33
2967	6793	7672	33
2968	6797	8232	33
2969	6797	8232	33
2970	6807	7310	33
2971	6811	7476	66
2972	6819	7672	66
2973	6821	7384	66
2974	6829	7380	33
2975	6842	7219	33
2976	6843	7265	33
2977	6846	7512	33
2978	6857	7553	66
2979	6857	7553	66
2980	6857	7553	66
2981	6857	7554	66
2982	6857	7556	66
2983	6860	7835	66
2984	6862	7763	66
2985	6871	8141	66
2986	6872	7397	33
2987	6890	7254	66
2988	6890	7297	66
2989	6890	7708	66
2990	6890	7708	66
2991	6890	7708	66
2992	6898	7783	66
2993	6908	8214	66
2994	6908	8215	66
2995	6911	7302	66
2996	6911	7322	66
2997	6916	7932	33
2998	6916	7932	33
2999	6918	7882	33
3000	6918	7882	33
3001	6922	7882	33
3002	6934	8319	66
3003	6934	8319	66
3004	6959	7847	66
3005	6969	7365	33
3006	6982	7445	33
3007	6993	7822	33
3008	6994	7820	33
3009	7006	8213	66
3010	7006	8213	66
3011	7006	8214	66
3012	7006	8215	66
3013	7013	7477	66
3014	7029	7952	66
3015	7038	7649	40
3016	7046	7600	66
3017	7075	8061	25
3018	7088	7930	33
3019	7111	7663	66
3020	7114	7576	33
3021	7117	7482	66
3022	7129	7588	66
3023	7130	7960	33
3024	7141	7513	33
3025	7141	7711	33
3026	7141	7711	33
3027	7158	7882	33
3028	7158	7884	33
3029	7158	7930	33
3030	7158	8446	33
3031	7158	8446	33
3032	7158	8446	33
3033	7163	8146	33
3034	7175	7882	33
3035	7177	7882	33
3036	7177	7882	33
3037	7179	7884	33
3038	7179	7884	33
3039	7244	7732	30
3040	7254	7770	33
3041	7254	7770	33
3042	7255	7770	33
3043	7266	7849	25
3044	7316	8059	33
3045	7320	7770	33
3046	7322	8580	66
3047	7322	8580	66
3048	7322	8581	66
3049	7323	7770	33
3050	7323	7770	33
3051	7332	7770	33
3052	7332	7793	33
3053	7332	7793	33
3054	7332	7793	33
3055	7332	7793	33
3056	7332	7793	33
3057	7332	7793	33
3058	7357	8369	33
3059	7366	8296	33
3060	7376	8568	33
3061	7385	8113	66
3062	7386	8124	33
3063	7386	8216	33
3064	7386	8216	33
3065	7397	8226	66
3066	7397	8226	66
3067	7397	8226	66
3068	7397	8227	66
3069	7422	7842	66
3070	7436	7842	66
3071	7446	8527	33
3072	7502	8342	30
3073	7502	8342	30
3074	7528	7956	33
3075	7538	8060	50
3076	7539	8060	25
3077	7542	8060	50
3078	7543	8078	50
3079	7561	8644	33
3080	7561	8826	33
3081	7562	8201	66
3082	7567	8165	33
3083	7583	8509	33
3084	7608	8174	30
3085	7640	8140	25
3086	7646	8169	33
3087	7650	8031	33
3088	7658	8030	33
3089	7658	8076	33
3090	7660	8335	33
3091	7678	8600	33
3092	7685	8121	33
3093	7725	9158	33
3094	7753	9185	33
3095	7764	8277	33
3096	7791	8585	33
3097	7802	8790	33
3098	7805	8506	33
3099	7805	9056	33
3100	7806	8302	66
3101	7806	9124	33
3102	7806	9138	33
3103	7811	9202	33
3104	7812	9229	33
3105	7832	8207	33
3106	7832	8259	33
3107	7832	8780	33
3108	7835	8385	33
3109	7847	8702	33
3110	7865	8945	33
3111	7877	8849	33
3112	7921	8385	66
3113	7921	8386	66
3114	7921	8717	33
3115	7922	8385	66
3116	7922	8385	66
3117	7922	8385	66
3118	7922	8385	66
3119	7922	8385	66
3120	7922	8385	66
3121	7922	8386	66
3122	7922	8386	66
3123	7922	8386	66
3124	7922	8386	66
3125	7922	8712	25
3126	7923	8594	66
3127	7923	8825	66
3128	7938	9199	33
3129	7958	8702	66
3130	7981	8701	25
3131	7982	8702	33
3132	7982	8820	66
3133	7984	8464	66
3134	7985	8645	33
3135	7988	8979	33
3136	7989	9199	33
3137	7993	8513	33
3138	8002	8815	33
3139	8009	9199	33
3140	8010	9030	26
3141	8035	9089	33
3142	8035	9123	33
3143	8041	8461	50
3144	8046	8927	66
3145	8048	8963	33
3146	8048	8964	33
3147	8048	8964	33
3148	8058	8492	33
3149	8058	9073	66
3150	8066	8976	33
3151	8067	8492	33
3152	8080	8763	33
3153	8084	9147	33
3154	8097	9082	33
3155	8101	8567	33
3156	8107	8652	33
3157	8129	8712	66
3158	8134	9546	33
3159	8146	8764	30
3160	8155	8854	66
3161	8155	9512	33
3162	8157	9277	66
3163	8162	8675	30
3164	8162	8700	33
3165	8172	8821	66
3166	8191	9016	33
3167	8204	8854	33
3168	8205	8854	33
3169	8207	8771	33
3170	8211	8608	25
3171	8211	9639	33
3172	8238	8763	33
3173	8239	9402	33
3174	8248	8854	33
3175	8248	8854	33
3176	8251	8734	33
3177	8251	9199	66
3178	8252	8830	66
3179	8252	8830	66
3180	8252	8830	66
3181	8252	8830	66
3182	8252	8831	66
3183	8252	8831	66
3184	8252	8831	66
3185	8252	8831	66
3186	8252	8831	66
3187	8252	8831	66
3188	8259	8681	66
3189	8259	8681	66
3190	8260	8657	66
3191	8268	9284	66
3192	8269	9268	66
3193	8273	9371	66
3194	8289	9470	33
3195	8289	9470	33
3196	8291	9343	33
3197	8294	9502	50
3198	8298	9410	30
3199	8301	8937	33
3200	8304	9250	66
3201	8318	9558	66
3202	8319	9055	33
3203	8319	9621	66
3204	8329	9470	33
3205	8332	8728	66
3206	8332	9146	66
3207	8335	8736	66
3208	8341	9343	33
3209	8341	9585	33
3210	8341	9700	33
3211	8347	8781	66
3212	8348	9343	33
3213	8352	8818	66
3214	8356	8766	66
3215	8356	8834	33
3216	8359	9037	30
3217	8359	9630	33
3218	8360	8720	33
3219	8383	9220	66
3220	8387	9409	66
3221	8388	8766	66
3222	8402	8773	66
3223	8402	9477	66
3224	8404	9429	33
3225	8447	9340	33
3226	8478	9494	66
3227	8478	9494	66
3228	8494	8952	33
3229	8494	9432	33
3230	8498	9048	66
3231	8499	9556	66
3232	8499	9559	66
3233	8504	8985	33
3234	8509	8959	33
3235	8509	8978	66
3236	8516	8944	33
3237	8516	8944	33
3238	8516	8944	33
3239	8516	8948	33
3240	8516	8948	33
3241	8516	8952	33
3242	8516	8952	33
3243	8516	8963	33
3244	8516	8985	33
3245	8516	9050	33
3246	8516	9443	33
3247	8516	9443	33
3248	8516	9555	33
3249	8517	8944	33
3250	8517	8948	33
3251	8517	8952	33
3252	8517	8963	33
3253	8517	8963	33
3254	8517	8975	33
3255	8517	8975	33
3256	8518	8944	33
3257	8518	8958	33
3258	8518	9522	33
3259	8521	8958	33
3260	8521	9585	33
3261	8522	8944	33
3262	8522	8948	33
3263	8522	8952	33
3264	8522	8963	33
3265	8522	8985	33
3266	8522	9800	33
3267	8527	8963	33
3268	8527	8963	33
3269	8527	8975	33
3270	8528	8975	33
3271	8528	9555	33
3272	8528	9628	33
3273	8548	9793	30
3274	8573	9189	33
3275	8601	9339	33
3276	8611	9338	33
3277	8611	9341	33
3278	8611	9346	33
3279	8645	9677	33
3280	8675	9704	66
3281	8678	9346	33
3282	8694	9080	66
3283	8703	9132	66
3284	8708	9549	66
3285	8716	9736	33
3286	8744	9679	33
3287	8746	9203	33
3288	8752	9507	66
3289	8762	10020	66
3290	8779	9203	33
3291	8779	9203	33
3292	8779	9203	33
3293	8779	9203	33
3294	8780	9645	33
3295	8791	9174	33
3296	8793	10075	33
3297	8821	9360	25
3298	8832	10168	66
3299	8857	9568	33
3300	8857	9631	33
3301	8863	9489	33
3302	8873	9486	30
3303	8944	9632	33
3304	8947	9939	33
3305	8950	9647	33
3306	8962	9502	50
3307	9005	10085	33
3308	9021	10045	33
3309	9024	9939	66
3310	9030	10075	33
3311	9048	9705	30
3312	9048	9705	30
3313	9058	9659	33
3314	9058	9659	33
3315	9135	9503	50
3316	9147	10084	25
3317	9152	9882	33
3318	9172	9736	33
3319	9177	9601	66
3320	9197	10621	33
3321	9205	9650	40
3322	9207	10411	33
3323	9215	9703	33
3324	9241	9763	33
3325	9243	10156	50
3326	9246	9936	33
3327	9246	10008	66
3328	9255	9926	33
3329	9256	9920	33
3330	9256	10098	33
3331	9257	9926	33
3332	9257	9948	33
3333	9261	9703	33
3334	9261	9931	33
3335	9261	9931	33
3336	9268	10353	66
3337	9269	9872	33
3338	9269	10538	33
3339	9269	10640	33
3340	9276	10066	33
3341	9286	9669	33
3342	9303	10630	33
3343	9303	10631	33
3344	9304	10506	66
3345	9331	10260	66
3346	9331	10288	66
3347	9334	10084	33
3348	9334	10287	33
3349	9343	10459	33
3350	9346	10142	66
3351	9361	9810	66
3352	9361	10181	66
3353	9363	10383	33
3354	9364	10024	66
3355	9364	10384	66
3356	9366	10270	33
3357	9374	10768	33
3358	9375	10747	66
3359	9387	10063	33
3360	9391	10142	30
3361	9396	10111	33
3362	9399	10183	66
3363	9402	10003	40
3364	9420	10320	33
3365	9423	10044	33
3366	9423	10144	25
3367	9423	10369	33
3368	9424	9966	66
3369	9426	10465	33
3370	9433	9928	33
3371	9435	10327	33
3372	9438	10788	33
3373	9440	9954	30
3374	9441	10105	33
3375	9443	9961	33
3376	9443	9961	33
3377	9445	10238	33
3378	9449	10055	33
3379	9451	10143	50
3380	9481	10242	33
3381	9484	9844	66
3382	9487	9907	33
3383	9487	10287	33
3384	9497	9993	33
3385	9497	10055	33
3386	9508	10432	33
3387	9541	10275	66
3388	9549	10790	33
3389	9575	10205	33
3390	9577	9969	25
3391	9583	9945	66
3392	9596	10087	66
3393	9601	10949	33
3394	9601	10959	33
3395	9607	10044	33
3396	9607	10044	33
3397	9609	10026	33
3398	9612	10288	33
3399	9615	10073	33
3400	9643	10293	33
3401	9646	10073	33
3402	9649	10032	66
3403	9656	10030	33
3404	9656	10145	66
3405	9656	10755	33
3406	9658	10559	66
3407	9662	10073	33
3408	9672	10843	33
3409	9672	10843	33
3410	9679	10054	66
3411	9707	10726	66
3412	9708	10229	33
3413	9735	10383	30
3414	9796	10328	33
3415	9797	10191	33
3416	9798	10321	30
3417	9799	10278	33
3418	9839	11102	33
3419	9843	10463	33
3420	9847	10946	33
3421	9865	10851	66
3422	9894	10315	30
3423	9901	10561	50
3424	9929	10629	33
3425	9943	10609	33
3426	9968	10905	33
3427	9980	10494	33
3428	9992	10402	33
3429	10010	11436	33
3430	10015	10389	33
3431	10027	11012	33
3432	10027	11012	33
3433	10037	10465	33
3434	10079	10527	66
3435	10081	11110	33
3436	10083	10905	33
3437	10096	10825	66
3438	10114	11481	33
3439	10126	11026	30
3440	10152	10940	25
3441	10157	10797	66
3442	10157	10937	66
3443	10166	10801	33
3444	10185	10667	33
3445	10201	10667	33
3446	10201	11462	66
3447	10208	10667	33
3448	10217	10815	25
3449	10218	11084	33
3450	10231	10619	33
3451	10232	10815	25
3452	10237	11031	33
3453	10237	11092	33
3454	10244	10876	33
3455	10248	10940	25
3456	10248	11368	33
3457	10248	11368	33
3458	10255	10815	25
3459	10261	10789	66
3460	10267	11012	66
3461	10278	10893	66
3462	10291	10831	33
3463	10311	11407	66
3464	10315	11739	33
3465	10319	11611	66
3466	10331	11611	66
3467	10337	10737	66
3468	10351	10951	66
3469	10365	10943	25
3470	10376	10830	25
3471	10381	10773	33
3472	10381	10789	66
3473	10398	10789	66
3474	10407	11014	30
3475	10408	10889	33
3476	10408	10889	33
3477	10411	11706	66
3478	10423	10931	25
3479	10445	11821	50
3480	10449	11300	66
3481	10455	10843	33
3482	10456	10873	66
3483	10461	11582	33
3484	10509	11576	66
3485	10511	11114	33
3486	10511	11639	33
3487	10511	11653	33
3488	10511	11669	33
3489	10525	11145	33
3490	10531	11641	33
3491	10545	10917	66
3492	10555	11065	26
3493	10564	11940	33
3494	10567	11597	33
3495	10591	11446	30
3496	10601	11305	33
3497	10610	11262	33
3498	10621	11262	33
3499	10626	11213	66
3500	10640	12072	33
3501	10660	11942	33
3502	10666	11163	33
3503	10678	11163	33
3504	10681	12093	33
3505	10684	11668	33
3506	10688	11659	33
3507	10694	11385	33
3508	10697	11147	33
3509	10702	11103	33
3510	10706	12007	33
3511	10706	12082	33
3512	10735	11163	33
3513	10736	11777	33
3514	10741	11377	66
3515	10744	12125	66
3516	10747	11824	33
3517	10756	11360	33
3518	10764	11476	25
3519	10801	11200	66
3520	10801	11200	66
3521	10801	11200	66
3522	10801	11597	33
3523	10802	11960	33
3524	10803	11525	66
3525	10803	11645	66
3526	10804	11283	33
3527	10810	12025	33
3528	10811	11860	33
3529	10813	11526	33
3530	10817	11846	33
3531	10825	12255	33
3532	10832	11581	30
3533	10840	11407	66
3534	10857	11281	33
3535	10860	11263	33
3536	10860	11760	33
3537	10861	11300	33
3538	10861	11548	33
3539	10861	11700	66
3540	10861	11700	66
3541	10862	11761	33
3542	10863	11366	33
3543	10864	11255	25
3544	10864	11344	66
3545	10864	11344	66
3546	10864	11346	66
3547	10864	11406	66
3548	10865	11467	33
3549	10869	11474	33
3550	10869	11520	33
3551	10869	11520	33
3552	10871	11337	33
3553	10876	11277	33
3554	10876	11415	30
3555	10880	11833	66
3556	10888	11613	66
3557	10888	11614	66
3558	10889	11613	66
3559	10890	11910	26
3560	10901	11889	66
3561	10920	11371	25
3562	10920	11522	33
3563	10925	11643	33
3564	10934	11957	33
3565	10940	11685	33
3566	10952	12050	33
3567	10955	11884	33
3568	10980	11356	33
3569	10980	11581	33
3570	10983	11717	33
3571	10987	11819	33
3572	10990	11720	66
3573	11014	11454	33
3574	11027	12222	66
3575	11036	12000	66
3576	11044	11721	66
3577	11045	12080	66
3578	11061	11638	66
3579	11061	11638	66
3580	11061	11833	66
3581	11061	12124	66
3582	11064	11992	66
3583	11070	11641	33
3584	11074	12044	66
3585	11074	12044	66
3586	11074	12044	66
3587	11080	12368	66
3588	11087	11616	33
3589	11099	11519	66
3590	11099	11942	66
3591	11103	11780	66
3592	11104	12178	66
3593	11118	11510	66
3594	11118	11512	66
3595	11118	11522	66
3596	11124	12176	33
3597	11125	12029	66
3598	11127	11510	66
3599	11127	11552	33
3600	11127	12049	66
3601	11128	11552	33
3602	11128	11668	33
3603	11128	12050	33
3604	11129	11636	66
3605	11132	12380	25
3606	11135	11538	30
3607	11160	11706	33
3608	11161	11679	33
3609	11161	11940	33
3610	11161	12173	33
3611	11162	12173	33
3612	11171	11770	50
3613	11172	11692	33
3614	11175	11852	33
3615	11178	11819	33
3616	11181	11967	33
3617	11181	12339	33
3618	11194	11597	66
3619	11194	11825	66
3620	11214	12270	66
3621	11223	12662	30
3622	11226	11597	66
3623	11245	12664	33
3624	11275	11706	33
3625	11276	12339	33
3626	11282	11668	33
3627	11284	12399	30
3628	11297	11751	66
3629	11297	11751	66
3630	11301	11669	33
3631	11301	11791	33
3632	11301	11794	33
3633	11307	11819	33
3634	11336	11887	66
3635	11336	11887	66
3636	11338	11887	66
3637	11353	12312	33
3638	11383	12339	33
3639	11383	12380	25
3640	11387	11864	33
3641	11387	11870	33
3642	11387	12339	33
3643	11387	12339	33
3644	11387	12339	33
3645	11387	12339	33
3646	11388	11890	33
3647	11388	12339	33
3648	11388	12339	33
3649	11391	11864	33
3650	11391	11864	33
3651	11391	11869	33
3652	11391	11869	33
3653	11391	11884	33
3654	11391	12339	33
3655	11391	12339	33
3656	11392	11890	33
3657	11392	11890	33
3658	11392	12339	33
3659	11392	12339	33
3660	11392	12341	33
3661	11416	12815	66
3662	11416	12815	66
3663	11427	11876	33
3664	11427	11884	33
3665	11427	11884	33
3666	11427	12339	33
3667	11427	12341	33
3668	11435	12380	25
3669	11440	11972	66
3670	11440	11974	66
3671	11440	11974	66
3672	11466	12114	66
3673	11476	11864	33
3674	11476	11869	33
3675	11476	11890	33
3676	11476	11896	33
3677	11476	11896	33
3678	11477	11864	33
3679	11477	11869	33
3680	11477	11870	33
3681	11477	11884	33
3682	11477	11890	33
3683	11477	11966	33
3684	11477	12339	33
3685	11477	12339	33
3686	11477	12341	33
3687	11507	11870	33
3688	11507	11870	33
3689	11507	11876	33
3690	11507	11876	33
3691	11507	11883	33
3692	11507	11884	33
3693	11507	11884	33
3694	11507	11884	33
3695	11507	11967	33
3696	11507	11967	33
3697	11507	12341	33
3698	11507	12341	33
3699	11521	12091	33
3700	11521	12549	33
3701	11531	12852	33
3702	11531	12852	33
3703	11531	12867	33
3704	11534	11980	33
3705	11551	12030	66
3706	11556	11980	33
3707	11596	12091	33
3708	11599	11985	33
3709	11632	12091	33
3710	11642	12900	66
3711	11642	12901	66
3712	11642	12901	66
3713	11642	12901	66
3714	11657	12241	25
3715	11692	12490	33
3716	11743	12423	33
3717	11743	12455	33
3718	11750	12128	33
3719	11758	12367	30
3720	11761	12187	50
3721	11761	12245	25
3722	11764	12743	33
3723	11764	12743	33
3724	11764	12978	33
3725	11767	12847	33
3726	11778	12773	30
3727	11802	12551	33
3728	11812	12978	33
3729	11820	12973	33
3730	11843	12272	33
3731	11843	12305	33
3732	11843	12319	33
3733	11858	12288	66
3734	11873	13021	30
3735	11883	12264	66
3736	11884	13262	50
3737	11896	12266	25
3738	11919	13146	66
3739	11926	12621	66
3740	11947	12419	25
3741	11956	12566	66
3742	11956	12566	66
3743	11957	13025	66
3744	12007	12432	33
3745	12019	12668	33
3746	12082	12809	30
3747	12124	13104	33
3748	12126	13100	33
3749	12126	13104	33
3750	12127	12800	33
3751	12127	12826	33
3752	12132	12500	33
3753	12137	12501	33
3754	12137	12507	33
3755	12137	12602	33
3756	12137	12800	33
3757	12137	12870	33
3758	12137	13004	33
3759	12146	12622	33
3760	12146	13242	33
3761	12150	12608	66
3762	12154	12599	33
3763	12167	13022	33
3764	12167	13022	33
3765	12168	12629	66
3766	12170	13082	33
3767	12175	12599	33
3768	12182	12543	33
3769	12182	13022	33
3770	12185	12812	66
3771	12188	12812	66
3772	12190	12765	33
3773	12195	12599	33
3774	12214	12993	40
3775	12235	12629	66
3776	12235	13024	50
3777	12241	12738	66
3778	12241	12738	66
3779	12241	12739	66
3780	12241	12739	66
3781	12241	12961	25
3782	12242	12748	66
3783	12242	12963	25
3784	12242	13085	25
3785	12244	12905	66
3786	12253	13389	33
3787	12254	13021	33
3788	12254	13038	33
3789	12254	13053	33
3790	12254	13067	33
3791	12254	13116	33
3792	12254	13130	33
3793	12266	13680	33
3794	12267	13668	33
3795	12268	13468	33
3796	12272	13021	30
3797	12272	13174	33
3798	12282	12857	33
3799	12285	13023	33
3800	12287	13082	33
3801	12298	12891	33
3802	12298	12994	66
3803	12301	13140	66
3804	12305	12888	33
3805	12306	13023	33
3806	12310	13386	33
3807	12310	13596	33
3808	12313	12933	30
3809	12316	12712	33
3810	12316	12818	33
3811	12325	13427	66
3812	12330	12913	33
3813	12331	12847	50
3814	12331	13083	66
3815	12343	12838	66
3816	12343	12838	66
3817	12343	12994	66
3818	12361	12781	50
3819	12364	12724	66
3820	12364	13396	33
3821	12365	12837	66
3822	12365	12837	66
3823	12365	12837	66
3824	12365	12837	66
3825	12365	12839	66
3826	12373	12804	33
3827	12380	13082	33
3828	12388	13025	33
3829	12388	13062	33
3830	12388	13180	33
3831	12396	12862	33
3832	12404	12822	30
3833	12404	13081	33
3834	12417	12922	30
3835	12418	13012	30
3836	12420	13457	33
3837	12423	12879	33
3838	12424	13660	33
3839	12424	13660	33
3840	12424	13660	33
3841	12425	13660	33
3842	12425	13660	33
3843	12432	12813	33
3844	12438	12817	30
3845	12450	12976	66
3846	12456	12971	33
3847	12468	12961	33
3848	12468	13369	33
3849	12473	12962	33
3850	12473	12962	33
3851	12475	13298	33
3852	12475	13358	33
3853	12476	13061	66
3854	12496	12982	33
3855	12497	12925	66
3856	12497	12925	66
3857	12497	12926	66
3858	12497	12926	66
3859	12498	13142	33
3860	12499	13870	33
3861	12504	13717	66
3862	12511	13649	66
3863	12522	13037	33
3864	12522	13468	30
3865	12533	13677	66
3866	12534	12993	33
3867	12534	12993	33
3868	12536	13190	33
3869	12560	13740	33
3870	12575	13736	66
3871	12583	13000	66
3872	12605	13488	33
3873	12606	13222	66
3874	12612	13520	33
3875	12616	13007	33
3876	12617	13211	66
3877	12626	13014	33
3878	12660	13566	33
3879	12660	13597	33
3880	12665	13106	33
3881	12669	13498	33
3882	12669	13703	33
3883	12718	13600	66
3884	12727	13585	66
3885	12737	13211	66
3886	12766	13334	33
3887	12864	13240	33
3888	12867	13271	33
3889	12900	13277	33
3890	12910	14182	33
3891	12977	14260	30
3892	13011	13544	66
3893	13021	13418	33
3894	13031	13448	50
3895	13033	13820	25
3896	13074	13570	33
3897	13081	13570	33
3898	13081	13570	33
3899	13081	13570	33
3900	13095	14150	66
3901	13106	13599	30
3902	13121	14002	33
3903	13121	14002	33
3904	13121	14048	33
3905	13129	13909	33
3906	13185	13695	30
3907	13201	13848	66
3908	13201	13848	66
3909	13205	13697	25
3910	13222	13604	30
3911	13265	13669	66
3912	13286	13666	30
3913	13326	14195	33
3914	13359	13918	66
3915	13381	13827	66
3916	13427	13817	33
3917	13441	13874	25
3918	13532	13916	66
3919	13562	13947	66
3920	13562	14231	33
3921	13604	14143	33
3922	13612	14231	33
3923	13613	14231	33
3924	13622	14613	33
3925	13624	14645	66
3926	13627	14197	30
3927	13662	14231	33
3928	13663	14231	33
3929	13663	14231	33
3930	13677	14715	33
3931	13678	14082	33
3932	13681	14160	66
3933	13681	14160	66
3934	13681	14161	66
3935	13684	14585	66
3936	13688	14351	33
3937	13699	14178	66
3938	13709	14287	66
3939	13711	14392	33
3940	13716	14645	33
3941	13741	14581	50
3942	13762	14703	66
3943	13763	14178	66
3944	13778	14144	66
3945	13780	15080	33
3946	13805	14288	33
3947	13815	14194	33
3948	13817	14234	66
3949	13852	14607	66
3950	13852	14607	66
3951	13886	14976	33
3952	13890	14800	33
3953	13892	14374	33
3954	13894	14430	50
3955	13912	14365	33
3956	13916	14957	66
3957	13920	14980	66
3958	13927	15126	33
3959	13935	14633	66
3960	13947	14859	66
3961	13972	15088	66
3962	13972	15089	66
3963	13972	15089	66
3964	14007	15047	66
3965	14041	14469	66
3966	14052	14484	66
3967	14053	14484	66
3968	14101	14484	66
3969	14101	14484	66
3970	14101	14484	66
3971	14101	14484	66
3972	14101	14484	66
3973	14101	14484	66
3974	14136	15255	33
3975	14273	14767	66
3976	14275	14641	30
3977	14296	14715	33
3978	14296	14767	66
3979	14298	15613	33
3980	14304	14830	33
3981	14317	14712	33
3982	14359	15010	30
3983	14394	15016	66
3984	14425	14927	33
3985	14461	14872	33
3986	14462	14872	33
3987	14471	14872	33
3988	14477	14872	66
3989	14509	14875	33
3990	14513	14896	33
3991	14513	14896	33
3992	14513	14896	33
3993	14521	14962	33
3994	14521	14984	33
3995	14521	14984	33
3996	14557	15565	33
3997	14594	15414	33
3998	14594	15414	33
3999	14596	15024	66
4000	14611	14997	66
4001	14620	16009	30
4002	14635	15121	33
4003	14641	15100	25
4004	14655	15218	66
4005	14655	15218	66
4006	14657	15142	66
4007	14702	15218	66
4008	14769	15243	33
4009	14769	15305	33
4010	14769	15367	33
4011	14774	15181	33
4012	14774	15196	33
4013	14775	15400	30
4014	14777	15308	25
4015	14780	15440	30
4016	14791	16216	66
4017	14824	15690	33
4018	14843	16036	33
4019	14860	16038	33
4020	14878	15592	66
4021	14924	15439	66
4022	14924	15439	66
4023	14924	15439	66
4024	14924	15439	66
4025	14941	15396	33
4026	14969	15696	30
4027	14970	15697	30
4028	14991	15445	33
4029	15065	15545	33
4030	15065	15545	33
4031	15065	15545	33
4032	15066	15545	33
4033	15090	16340	33
4034	15091	15715	66
4035	15101	15574	33
4036	15124	16385	66
4037	15177	16606	33
4038	15177	16606	33
4039	15183	16123	33
4040	15183	16606	33
4041	15201	15612	30
4042	15216	16274	66
4043	15216	16274	66
4044	15241	16009	33
4045	15245	16490	33
4046	15302	16449	33
4047	15317	15872	33
4048	15317	15872	33
4049	15323	16067	30
4050	15344	16581	66
4051	15369	15906	30
4052	15376	16341	33
4053	15392	16005	30
4054	15423	15814	33
4055	15424	16361	33
4056	15424	16498	33
4057	15444	15945	66
4058	15447	16438	66
4059	15484	16116	66
4060	15492	16453	66
4061	15495	16431	66
4062	15503	16198	33
4063	15503	16435	33
4064	15508	16106	30
4065	15532	15928	66
4066	15567	16503	66
4067	15576	16703	33
4068	15603	16621	66
4069	15604	16397	33
4070	15611	16506	33
4071	15627	16402	33
4072	15661	16113	30
4073	15661	16113	30
4074	15661	16128	33
4075	15661	16128	33
4076	15661	16128	33
4077	15669	16128	33
4078	15678	16198	33
4079	15717	16109	66
4080	15717	16110	66
4081	15717	16110	66
4082	15729	16483	33
4083	15730	16340	33
4084	15737	16187	33
4085	15751	16316	66
4086	15779	16161	33
4087	15781	16506	33
4088	15796	16274	33
4089	15841	16869	33
4090	15841	16869	33
4091	15841	16869	33
4092	15857	16225	33
4093	15874	16235	33
4094	15885	16257	66
4095	15895	16323	33
4096	15895	16389	33
4097	15916	16354	33
4098	15916	16354	33
4099	15918	16354	33
4100	15927	16409	66
4101	15949	16884	33
4102	15956	17162	33
4103	15962	16354	33
4104	15962	16354	33
4105	15991	16673	66
4106	16025	16459	33
4107	16027	16454	33
4108	16027	16454	33
4109	16034	16724	33
4110	16034	16864	33
4111	16041	16663	33
4112	16073	16591	33
4113	16080	16580	25
4114	16084	16543	25
4115	16087	16540	33
4116	16087	16540	33
4117	16087	16541	66
4118	16096	16547	66
4119	16107	16629	66
4120	16111	16711	66
4121	16123	16702	66
4122	16131	16893	50
4123	16141	16601	66
4124	16151	16754	33
4125	16171	16552	66
4126	16179	16722	33
4127	16179	16722	33
4128	16201	16649	33
4129	16204	16649	33
4130	16211	16966	25
4131	16214	16870	33
4132	16214	16960	33
4133	16214	17051	33
4134	16221	17241	33
4135	16231	17466	66
4136	16268	16921	66
4137	16273	16755	33
4138	16276	16695	66
4139	16276	16798	25
4140	16312	16684	33
4141	16324	16830	33
4142	16326	17740	66
4143	16336	16701	50
4144	16341	17358	33
4145	16348	16921	33
4146	16350	16766	66
4147	16357	16784	30
4148	16358	17604	66
4149	16365	17570	33
4150	16365	17624	66
4151	16369	17401	33
4152	16397	16766	66
4153	16403	16799	33
4154	16415	17037	33
4155	16415	17069	33
4156	16415	17338	33
4157	16434	16860	66
4158	16442	16854	66
4159	16442	16854	66
4160	16443	17172	33
4161	16443	17817	33
4162	16446	17645	33
4163	16447	17826	33
4164	16450	17399	66
4165	16452	17829	33
4166	16463	17281	33
4167	16463	17448	33
4168	16463	17754	33
4169	16464	16945	33
4170	16464	17006	33
4171	16464	17717	66
4172	16464	17768	33
4173	16464	17868	33
4174	16471	17101	33
4175	16477	17631	33
4176	16504	17825	66
4177	16504	17884	66
4178	16508	17008	33
4179	16530	16994	66
4180	16530	17469	66
4181	16538	17968	30
4182	16551	17323	33
4183	16555	17344	50
4184	16561	17269	66
4185	16561	17269	66
4186	16561	17269	66
4187	16561	17270	66
4188	16561	17270	66
4189	16563	16981	66
4190	16564	17584	66
4191	16565	17447	33
4192	16571	16933	33
4193	16573	17223	66
4194	16574	17993	33
4195	16583	17123	66
4196	16591	17341	30
4197	16594	17044	33
4198	16596	17370	33
4199	16606	17272	33
4200	16607	17351	66
4201	16609	17978	33
4202	16616	17160	33
4203	16621	17460	66
4204	16621	17460	66
4205	16624	17830	33
4206	16626	17341	33
4207	16627	17094	33
4208	16627	17189	33
4209	16630	17123	66
4210	16630	17324	66
4211	16630	17324	66
4212	16630	17604	66
4213	16635	17851	30
4214	16637	17143	33
4215	16643	17548	33
4216	16649	17679	33
4217	16672	17324	66
4218	16672	17324	66
4219	16677	17325	66
4220	16677	17606	66
4221	16686	17238	33
4222	16686	17238	33
4223	16686	17254	33
4224	16713	17123	66
4225	16713	17125	66
4226	16713	17324	66
4227	16713	17325	66
4228	16717	17486	33
4229	16723	17527	33
4230	16723	17838	33
4231	16741	17137	33
4232	16741	17554	33
4233	16741	17893	33
4234	16746	17460	33
4235	16747	17274	33
4236	16761	17886	66
4237	16766	17275	33
4238	16766	17275	33
4239	16766	17275	33
4240	16767	17913	33
4241	16770	17264	30
4242	16774	17370	33
4243	16776	17341	33
4244	16788	17437	33
4245	16798	17280	33
4246	16806	17184	66
4247	16811	17867	66
4248	16811	17980	66
4249	16811	17980	66
4250	16819	17250	33
4251	16819	17258	33
4252	16825	17368	33
4253	16826	17281	33
4254	16845	17344	66
4255	16845	17344	66
4256	16846	17206	30
4257	16847	17412	33
4258	16853	17324	66
4259	16861	17347	33
4260	16861	17413	33
4261	16866	17403	66
4262	16867	17461	33
4263	16867	18142	33
4264	16875	17521	33
4265	16875	17536	33
4266	16877	17281	33
4267	16884	17614	66
4268	16885	17473	30
4269	16885	17965	66
4270	16891	17629	33
4271	16893	17258	33
4272	16893	17275	33
4273	16900	17475	33
4274	16910	17809	66
4275	16911	17926	66
4276	16931	18271	33
4277	16933	18140	25
4278	16937	17387	30
4279	16937	17387	30
4280	16941	18271	33
4281	16941	18271	33
4282	16970	17395	33
4283	16973	18120	33
4284	16974	17425	66
4285	16977	17399	66
4286	16986	17385	50
4287	16986	17990	66
4288	16996	18132	33
4289	17011	17500	33
4290	17018	18026	66
4291	17030	17475	33
4292	17039	17931	66
4293	17059	17927	66
4294	17060	17933	66
4295	17075	18422	33
4296	17076	18022	33
4297	17117	18515	33
4298	17130	17976	33
4299	17138	18057	33
4300	17173	17675	33
4301	17202	18249	33
4302	17203	17632	66
4303	17203	17701	66
4304	17225	17931	66
4305	17226	17596	33
4306	17251	17687	33
4307	17260	17703	33
4308	17279	18071	66
4309	17281	18306	33
4310	17296	17687	33
4311	17311	18363	33
4312	17316	17687	33
4313	17320	17687	33
4314	17330	18439	66
4315	17341	17881	66
4316	17397	18555	66
4317	17397	18555	66
4318	17397	18555	66
4319	17402	18660	66
4320	17402	18661	66
4321	17416	17870	33
4322	17416	17870	33
4323	17430	17796	33
4324	17430	17796	33
4325	17430	17796	33
4326	17430	17796	33
4327	17430	17796	33
4328	17430	17796	33
4329	17430	17870	33
4330	17431	17796	33
4331	17431	17796	33
4332	17435	17922	30
4333	17450	18156	33
4334	17450	18188	33
4335	17450	18295	33
4336	17460	18183	33
4337	17461	17982	66
4338	17461	18000	25
4339	17461	18183	33
4340	17465	18183	33
4341	17466	18000	25
4342	17496	18031	33
4343	17503	18301	33
4344	17516	18000	25
4345	17521	18000	25
4346	17525	18320	66
4347	17529	18220	33
4348	17531	18173	33
4349	17548	18140	50
4350	17551	17928	30
4351	17578	18140	25
4352	17584	18176	33
4353	17584	18176	33
4354	17593	18171	33
4355	17595	18171	33
4356	17597	18183	33
4357	17599	18163	33
4358	17599	18167	33
4359	17601	18167	33
4360	17603	18167	33
4361	17603	18183	33
4362	17605	18171	33
4363	17605	18183	33
4364	17606	18167	33
4365	17607	18171	33
4366	17607	18171	33
4367	17611	18137	66
4368	17619	18109	33
4369	17619	18964	33
4370	17639	18819	66
4371	17641	18023	33
4372	17644	18178	33
4373	17644	18178	33
4374	17644	18181	33
4375	17645	18178	33
4376	17647	18173	33
4377	17647	18255	33
4378	17657	18178	33
4379	17661	18672	33
4380	17674	18193	33
4381	17681	18435	50
4382	17684	18173	33
4383	17691	18310	66
4384	17701	18209	33
4385	17703	18819	66
4386	17706	18236	30
4387	17709	19146	33
4388	17711	18173	33
4389	17711	18173	33
4390	17738	18350	30
4391	17783	18251	33
4392	17825	18311	33
4393	17878	18753	40
4394	17883	18796	50
4395	17888	18565	33
4396	17892	18571	33
4397	17892	18989	33
4398	17892	19225	33
4399	17893	18565	33
4400	17893	18727	33
4401	17893	19058	33
4402	17893	19291	33
4403	17901	18849	33
4404	17914	18857	33
4405	17920	18489	33
4406	17920	18654	30
4407	17957	18323	66
4408	17958	18426	33
4409	17958	18426	33
4410	17968	18843	33
4411	17974	18919	66
4412	18000	18780	33
4413	18001	18407	66
4414	18001	18408	66
4415	18002	18407	66
4416	18002	18407	66
4417	18002	18407	66
4418	18002	18408	66
4419	18004	18725	66
4420	18004	18933	33
4421	18006	18404	33
4422	18011	18915	33
4423	18014	18439	33
4424	18014	19202	33
4425	18022	18431	25
4426	18024	18785	33
4427	18031	18593	33
4428	18047	18790	33
4429	18048	18785	66
4430	18048	18785	66
4431	18050	18520	66
4432	18061	18900	66
4433	18064	18544	66
4434	18064	18546	33
4435	18064	18783	50
4436	18066	18527	33
4437	18066	18538	33
4438	18066	18780	33
4439	18066	18780	33
4440	18066	19059	33
4441	18072	18670	33
4442	18087	18658	66
4443	18087	18659	66
4444	18087	18659	66
4445	18087	18659	66
4446	18087	18659	66
4447	18088	18658	66
4448	18088	18659	66
4449	18091	18782	50
4450	18095	18932	33
4451	18097	18475	66
4452	18097	18475	66
4453	18099	19230	66
4454	18111	18848	33
4455	18116	18556	33
4456	18116	18578	33
4457	18121	18512	33
4458	18121	18874	33
4459	18128	18491	33
4460	18128	18700	33
4461	18128	18700	33
4462	18130	18513	33
4463	18130	18700	33
4464	18131	18601	33
4465	18137	18784	33
4466	18172	18660	33
4467	18183	19083	33
4468	18187	19098	33
4469	18189	18842	50
4470	18190	18785	66
4471	18193	19003	66
4472	18193	19003	66
4473	18204	19385	33
4474	18216	18631	33
4475	18218	19390	66
4476	18228	19288	66
4477	18245	18680	66
4478	18245	18709	33
4479	18249	18662	66
4480	18249	18680	66
4481	18266	18670	33
4482	18266	18870	33
4483	18270	18784	66
4484	18270	18784	66
4485	18270	18785	66
4486	18275	18662	33
4487	18275	18662	33
4488	18276	18846	30
4489	18283	19456	33
4490	18284	18709	33
4491	18287	19694	33
4492	18290	18893	33
4493	18291	19458	33
4494	18296	19088	33
4495	18307	19300	66
4496	18310	19327	66
4497	18318	19268	66
4498	18323	18902	33
4499	18323	19219	66
4500	18336	19492	33
4501	18336	19492	33
4502	18339	18986	30
4503	18355	19600	66
4504	18359	18736	50
4505	18362	19485	33
4506	18368	19252	66
4507	18370	19488	33
4508	18379	19103	33
4509	18379	19405	66
4510	18397	18796	33
4511	18411	18936	66
4512	18413	18785	66
4513	18413	18785	66
4514	18413	18802	66
4515	18417	18795	66
4516	18417	19230	66
4517	18442	18903	66
4518	18456	19732	33
4519	18465	19316	66
4520	18486	18880	33
4521	18486	18880	33
4522	18497	18952	33
4523	18497	18993	30
4524	18498	19415	66
4525	18511	19196	66
4526	18529	19064	66
4527	18541	18918	66
4528	18548	19208	33
4529	18578	19321	66
4530	18602	19041	33
4531	18619	19011	33
4532	18657	20043	66
4533	18690	19260	66
4534	18690	19455	40
4535	18706	19207	25
4536	18706	19209	25
4537	18712	19387	33
4538	18722	19763	33
4539	18722	19763	33
4540	18723	20160	33
4541	18758	19341	30
4542	18762	20160	66
4543	18762	20160	66
4544	18762	20160	66
4545	18762	20160	66
4546	18763	20160	33
4547	18769	19441	33
4548	18783	19207	50
4549	18790	19487	33
4550	18790	19487	33
4551	18790	19487	33
4552	18790	19487	33
4553	18790	19487	33
4554	18790	19487	33
4555	18790	19487	33
4556	18790	19487	33
4557	18790	19487	33
4558	18790	19487	33
4559	18790	19487	33
4560	18790	19487	33
4561	18790	19487	33
4562	18790	19487	33
4563	18790	19487	33
4564	18790	19487	33
4565	18790	19487	33
4566	18790	19487	33
4567	18790	19487	33
4568	18790	19487	33
4569	18790	19487	33
4570	18790	19487	33
4571	18790	19487	33
4572	18790	19487	33
4573	18790	19487	33
4574	18790	19487	33
4575	18790	19487	33
4576	18791	19487	33
4577	18791	19487	33
4578	18791	19487	33
4579	18791	19487	33
4580	18791	19487	33
4581	18797	19233	66
4582	18805	20160	33
4583	18812	20160	66
4584	18823	20160	33
4585	18829	19238	33
4586	18831	19345	33
4587	18835	19213	33
4588	18840	20103	66
4589	18841	19342	33
4590	18842	20100	66
4591	18842	20101	66
4592	18842	20101	66
4593	18842	20101	66
4594	18843	19345	33
4595	18843	19345	33
4596	18847	19752	33
4597	18847	19904	66
4598	18853	19345	33
4599	18853	19345	33
4600	18859	19377	66
4601	18860	20160	33
4602	18866	20160	33
4603	18866	20160	33
4604	18866	20160	33
4605	18866	20160	33
4606	18866	20160	33
4607	18866	20160	33
4608	18866	20160	33
4609	18866	20160	33
4610	18866	20160	33
4611	18866	20160	33
4612	18866	20160	33
4613	18866	20160	33
4614	18866	20160	33
4615	18866	20160	33
4616	18866	20160	33
4617	18866	20160	33
4618	18866	20160	33
4619	18868	20160	66
4620	18877	20160	66
4621	18888	20160	66
4622	18889	19711	50
4623	18893	19487	33
4624	18893	19487	33
4625	18893	19487	33
4626	18893	19487	33
4627	18893	19487	33
4628	18893	19487	33
4629	18893	19487	33
4630	18893	19487	33
4631	18893	19487	33
4632	18893	19487	33
4633	18893	20160	33
4634	18906	20160	66
4635	18907	20160	66
4636	18911	19694	33
4637	18911	19724	33
4638	18911	19738	33
4639	18911	19754	33
4640	18911	19786	33
4641	18911	19800	33
4642	18911	19800	33
4643	18911	20160	66
4644	18917	19568	33
4645	18920	20160	33
4646	18920	20160	33
4647	18935	19305	66
4648	18935	19752	33
4649	18935	19752	33
4650	18946	20160	33
4651	18946	20160	33
4652	18946	20160	33
4653	18946	20160	33
4654	18946	20160	33
4655	18946	20160	33
4656	18946	20160	33
4657	18946	20160	33
4658	18946	20160	33
4659	18947	19323	33
4660	18947	19324	33
4661	18947	19355	33
4662	18947	19806	33
4663	18947	19806	33
4664	18947	19806	33
4665	18947	19807	33
4666	18947	19807	33
4667	18947	19807	33
4668	18947	19808	33
4669	18947	20160	33
4670	18947	20160	33
4671	18947	20160	33
4672	18947	20160	33
4673	18947	20160	33
4674	18947	20160	33
4675	18947	20160	33
4676	18947	20160	33
4677	18947	20160	33
4678	18947	20160	33
4679	18947	20160	33
4680	18947	20160	33
4681	18947	20160	33
4682	18947	20160	33
4683	18947	20160	33
4684	18947	20160	33
4685	18947	20160	33
4686	18947	20160	33
4687	18947	20160	33
4688	18947	20160	33
4689	18947	20160	33
4690	18947	20160	33
4691	18947	20160	33
4692	18947	20160	33
4693	18947	20160	33
4694	18947	20160	33
4695	18947	20160	33
4696	18947	20160	33
4697	18947	20160	33
4698	18947	20160	33
4699	18947	20160	33
4700	18947	20160	33
4701	18947	20160	33
4702	18947	20160	33
4703	18947	20160	33
4704	18947	20160	33
4705	18947	20160	33
4706	18947	20160	33
4707	18947	20160	33
4708	18947	20160	33
4709	18947	20160	33
4710	18947	20160	33
4711	18947	20160	33
4712	18947	20160	33
4713	18947	20160	33
4714	18947	20160	33
4715	18947	20160	33
4716	18947	20160	33
4717	18947	20160	33
4718	18947	20160	33
4719	18947	20160	33
4720	18947	20160	33
4721	18948	19485	33
4722	18948	19808	33
4723	18948	19809	33
4724	18948	19809	33
4725	18948	20160	33
4726	18948	20160	33
4727	18948	20160	33
4728	18948	20160	33
4729	18948	20160	33
4730	18948	20160	33
4731	18948	20160	33
4732	18948	20160	33
4733	18948	20160	33
4734	18948	20160	33
4735	18948	20160	33
4736	18948	20160	33
4737	18948	20160	33
4738	18948	20160	33
4739	18948	20160	33
4740	18948	20160	33
4741	18948	20160	33
4742	18948	20160	33
4743	18948	20160	33
4744	18949	19458	66
4745	18949	19913	66
4746	18949	20160	66
4747	18953	19316	30
4748	18968	20160	33
4749	18968	20160	33
4750	18969	19923	33
4751	18982	20160	33
4752	19021	20160	33
4753	19021	20160	33
4754	19021	20160	66
4755	19022	20160	33
4756	19045	20160	66
4757	19047	20160	33
4758	19049	19441	33
4759	19085	20160	33
4760	19102	20160	66
4761	19102	20160	66
4762	19107	20160	33
4763	19107	20160	33
4764	19107	20160	33
4765	19107	20160	33
4766	19107	20160	33
4767	19134	19750	33
4768	19140	20160	33
4769	19140	20160	33
4770	19140	20160	33
4771	19151	19711	33
4772	19151	20160	33
4773	19151	20160	33
4774	19167	20160	33
4775	19172	20160	33
4776	19177	20160	33
4777	19177	20160	33
4778	19190	20160	33
4779	19208	19792	33
4780	19214	20160	25
4781	19218	19934	33
4782	19223	20160	33
4783	19228	20160	33
4784	19231	20160	33
4785	19236	19660	30
4786	19243	19645	30
4787	19261	20160	33
4788	19267	20160	33
4789	19276	19807	33
4790	19289	19928	33
4791	19294	20160	33
4792	19295	20160	33
4793	19300	20024	30
4794	19304	20144	33
4795	19309	20160	33
4796	19321	19928	33
4797	19325	19927	33
4798	19327	20160	66
4799	19328	20160	33
4800	19332	20007	33
4801	19332	20007	33
4802	19332	20007	33
4803	19332	20016	33
4804	19332	20070	33
4805	19332	20160	33
4806	19336	20160	33
4807	19336	20160	33
4808	19341	20160	66
4809	19346	20160	33
4810	19347	19924	33
4811	19347	19924	33
4812	19347	19924	33
4813	19347	20160	33
4814	19348	20102	33
4815	19348	20160	33
4816	19348	20160	33
4817	19348	20160	33
4818	19348	20160	33
4819	19348	20160	33
4820	19348	20160	33
4821	19348	20160	33
4822	19352	20160	50
4823	19356	20160	50
4824	19362	20093	30
4825	19364	20160	33
4826	19365	20160	30
4827	19375	19885	33
4828	19376	19811	33
4829	19384	20160	33
4830	19384	20160	66
4831	19386	19779	33
4832	19387	19790	33
4833	19407	20160	33
4834	19407	20160	33
4835	19407	20160	33
4836	19414	20160	66
4837	19414	20160	66
4838	19441	19915	66
4839	19441	19915	66
4840	19441	19915	66
4841	19442	20160	30
4842	19443	20160	33
4843	19444	20160	66
4844	19446	20160	33
4845	19446	20160	33
4846	19446	20160	33
4847	19447	20160	33
4848	19448	19876	33
4849	19458	19930	33
4850	19465	20160	33
4851	19466	20160	33
4852	19470	19842	66
4853	19470	19842	66
4854	19470	19908	66
4855	19470	19908	66
4856	19472	19909	66
4857	19476	20160	33
4858	19476	20160	50
4859	19476	20160	33
4860	19478	20160	33
4861	19482	20160	33
4862	19486	20160	33
4863	19488	20160	33
4864	19489	20160	33
4865	19496	20160	33
4866	19496	20160	33
4867	19501	20160	25
4868	19504	19984	66
4869	19504	20037	33
4870	19504	20160	33
4871	19507	20037	33
4872	19507	20053	33
4873	19507	20160	33
4874	19511	20160	33
4875	19513	19916	33
4876	19522	20160	33
4877	19524	19985	33
4878	19524	20039	33
4879	19524	20160	33
4880	19524	20160	33
4881	19524	20160	33
4882	19524	20160	33
4883	19524	20160	33
4884	19524	20160	33
4885	19524	20160	33
4886	19524	20160	33
4887	19524	20160	33
4888	19524	20160	33
4889	19524	20160	33
4890	19524	20160	33
4891	19524	20160	33
4892	19524	20160	33
4893	19524	20160	33
4894	19524	20160	33
4895	19524	20160	33
4896	19524	20160	33
4897	19524	20160	33
4898	19524	20160	33
4899	19524	20160	33
4900	19524	20160	33
4901	19524	20160	33
4902	19531	20160	66
4903	19532	20160	33
4904	19537	20157	33
4905	19538	20048	25
4906	19539	20160	66
4907	19540	20160	33
4908	19540	20160	33
4909	19542	20159	30
4910	19546	19909	66
4911	19546	19910	66
4912	19561	20160	33
4913	19561	20160	33
4914	19562	20160	33
4915	19563	20160	33
4916	19563	20160	33
4917	19564	20160	33
4918	19565	20160	33
4919	19569	20160	33
4920	19571	20042	33
4921	19573	20160	33
4922	19583	19984	33
4923	19587	20160	33
4924	19600	19988	66
4925	19606	19992	33
4926	19610	20160	33
4927	19616	20160	33
4928	19616	20160	33
4929	19618	20160	66
4930	19618	20160	33
4931	19618	20160	33
4932	19620	20160	66
4933	19621	20129	33
4934	19622	20160	66
4935	19623	20031	33
4936	19623	20160	33
4937	19624	20160	66
4938	19627	20160	33
4939	19627	20160	33
4940	19627	20160	33
4941	19638	20160	33
4942	19638	20160	33
4943	19647	20160	66
4944	19654	20160	66
4945	19654	20160	33
4946	19659	20160	66
4947	19662	20160	33
4948	19672	20160	66
4949	19672	20160	66
4950	19673	20160	33
4951	19673	20160	33
4952	19673	20160	33
4953	19680	20098	30
4954	19683	20119	66
4955	19683	20160	66
4956	19685	20119	66
4957	19687	20160	33
4958	19697	20160	25
4959	19697	20160	33
4960	19697	20160	33
4961	19698	20160	66
4962	19708	20160	66
4963	19709	20160	33
4964	19709	20160	33
4965	19710	20160	66
4966	19710	20160	33
4967	19711	20160	66
4968	19711	20160	66
4969	19717	20160	33
4970	19717	20160	33
4971	19717	20160	33
4972	19719	20160	66
4973	19719	20160	66
4974	19724	20160	33
4975	19727	20160	66
4976	19736	20160	33
4977	19737	20160	33
4978	19737	20160	33
4979	19739	20160	33
4980	19740	20160	66
4981	19741	20139	33
4982	19741	20139	33
4983	19741	20160	66
4984	19747	20160	66
4985	19747	20160	66
4986	19750	20160	33
4987	19750	20160	33
4988	19752	20160	66
4989	19752	20160	66
4990	19752	20160	66
4991	19755	20160	33
4992	19758	20160	66
4993	19765	20160	66
4994	19765	20160	66
4995	19787	20160	33
4996	19791	20160	66
4997	19797	20160	33
4998	19798	20160	33
4999	19798	20160	33
