5000	100	0	0
0	0	362	33
1	0	363	33
2	0	363	33
3	0	365	33
4	0	365	33
5	0	368	33
6	0	368	33
7	0	368	33
8	0	369	66
9	0	370	33
10	0	378	33
11	0	378	33
12	0	384	33
13	0	388	33
14	0	391	33
15	0	394	33
16	0	396	33
17	0	398	33
18	0	398	33
19	0	399	33
20	0	402	33
21	0	405	33
22	0	407	66
23	0	408	66
24	0	408	33
25	0	413	66
26	0	417	33
27	0	419	33
28	0	419	66
29	0	419	33
30	0	419	33
31	0	419	33
32	0	419	33
33	0	419	33
34	0	419	33
35	0	419	33
36	0	419	33
37	0	419	33
38	0	419	33
39	0	419	33
40	0	419	33
41	0	419	33
42	0	419	33
43	0	419	33
44	0	419	33
45	0	419	33
46	0	420	33
47	0	420	33
48	0	420	33
49	0	420	33
50	0	420	33
51	0	420	33
52	0	420	33
53	0	420	33
54	0	420	33
55	0	420	33
56	0	420	33
57	0	420	33
58	0	420	33
59	0	420	33
60	0	420	33
61	0	420	33
62	0	420	33
63	0	420	33
64	0	420	33
65	0	420	33
66	0	420	33
67	0	420	33
68	0	421	33
69	0	421	33
70	0	421	33
71	0	423	33
72	0	427	33
73	0	427	33
74	0	442	33
75	0	444	33
76	0	450	66
77	0	451	33
78	0	455	33
79	0	456	33
80	0	456	33
81	0	457	33
82	0	460	66
83	0	461	33
84	0	461	33
85	0	463	33
86	0	467	33
87	0	477	33
88	0	477	33
89	0	477	33
90	0	477	33
91	0	477	33
92	0	477	33
93	0	477	33
94	0	477	33
95	0	477	33
96	0	477	33
97	0	477	33
98	0	477	33
99	0	477	33
100	0	481	33
101	0	484	33
102	0	485	33
103	0	493	33
104	0	495	33
105	0	505	33
106	0	505	33
107	0	506	33
108	0	506	33
109	0	506	33
110	0	506	33
111	0	506	33
112	0	506	33
113	0	506	33
114	0	506	33
115	0	506	33
116	0	506	33
117	0	506	33
118	0	506	33
119	0	506	33
120	0	506	33
121	0	506	33
122	0	506	33
123	0	506	33
124	0	506	33
125	0	506	33
126	0	506	33
127	0	506	33
128	0	506	33
129	0	506	33
130	0	506	33
131	0	506	33
132	0	506	33
133	0	507	33
134	0	507	33
135	0	507	33
136	0	507	33
137	0	507	33
138	0	507	33
139	0	507	33
140	0	507	33
141	0	507	33
142	0	507	33
143	0	507	33
144	0	507	33
145	0	507	33
146	0	507	33
147	0	507	33
148	0	507	33
149	0	507	33
150	0	507	33
151	0	507	33
152	0	507	33
153	0	507	33
154	0	507	33
155	0	507	33
156	0	507	33
157	0	507	33
158	0	507	33
159	0	507	33
160	0	507	33
161	0	509	33
162	0	509	33
163	0	509	33
164	0	509	33
165	0	509	33
166	0	509	33
167	0	509	33
168	0	509	33
169	0	509	33
170	0	509	33
171	0	509	33
172	0	509	33
173	0	509	33
174	0	509	33
175	0	509	33
176	0	509	33
177	0	509	33
178	0	509	33
179	0	509	33
180	0	509	33
181	0	509	33
182	0	509	33
183	0	509	33
184	0	509	33
185	0	509	33
186	0	509	33
187	0	509	33
188	0	509	33
189	0	509	33
190	0	509	33
191	0	509	33
192	0	509	33
193	0	509	33
194	0	509	33
195	0	509	33
196	0	509	33
197	0	511	33
198	0	511	33
199	0	511	33
200	0	511	33
201	0	511	33
202	0	512	33
203	0	512	33
204	0	513	66
205	0	513	66
206	0	513	66
207	0	513	66
208	0	513	66
209	0	513	66
210	0	513	66
211	0	513	66
212	0	513	66
213	0	513	66
214	0	513	66
215	0	513	66
216	0	513	66
217	0	513	66
218	0	513	66
219	0	513	66
220	0	513	66
221	0	513	66
222	0	513	66
223	0	513	66
224	0	513	66
225	0	513	66
226	0	513	66
227	0	513	66
228	0	513	66
229	0	513	66
230	0	513	66
231	0	513	66
232	0	513	66
233	0	513	66
234	0	513	66
235	0	513	66
236	0	514	66
237	0	514	66
238	0	514	33
239	0	514	61
240	0	514	66
241	0	514	66
242	0	514	66
243	0	514	66
244	0	514	33
245	0	515	66
246	0	515	66
247	0	515	66
248	0	515	66
249	0	515	66
250	0	515	66
251	0	515	66
252	0	515	66
253	0	515	66
254	0	515	66
255	0	515	66
256	0	515	66
257	0	515	66
258	0	515	66
259	0	515	66
260	0	515	66
261	0	515	66
262	0	515	66
263	0	515	66
264	0	515	66
265	0	516	66
266	0	516	66
267	0	516	66
268	0	517	66
269	0	519	66
270	0	520	66
271	0	520	66
272	0	520	66
273	0	520	66
274	0	520	66
275	0	522	33
276	0	526	33
277	0	527	66
278	0	527	66
279	0	527	66
280	0	528	66
281	0	528	66
282	0	528	66
283	0	528	33
284	0	528	33
285	0	528	66
286	0	528	66
287	0	528	66
288	0	528	66
289	0	528	66
290	0	531	66
291	0	531	66
292	0	531	66
293	0	531	66
294	0	531	66
295	0	531	66
296	0	531	66
297	0	531	33
298	0	531	66
299	0	531	66
300	0	531	66
301	0	531	66
302	0	531	66
303	0	531	66
304	0	531	66
305	0	531	66
306	0	531	66
307	0	531	66
308	0	531	66
309	0	533	33
310	0	534	33
311	0	534	33
312	0	534	33
313	0	534	33
314	0	534	33
315	0	534	33
316	0	534	33
317	0	534	33
318	0	534	33
319	0	534	33
320	0	537	33
321	0	537	33
322	0	537	33
323	0	538	33
324	0	538	33
325	0	538	33
326	0	538	33
327	0	538	33
328	0	538	33
329	0	538	33
330	0	538	33
331	0	538	33
332	0	538	33
333	0	538	33
334	0	538	33
335	0	538	33
336	0	538	33
337	0	538	33
338	0	538	33
339	0	538	33
340	0	538	33
341	0	538	33
342	0	538	33
343	0	538	33
344	0	538	33
345	0	538	33
346	0	538	33
347	0	539	33
348	0	539	33
349	0	540	33
350	0	540	33
351	0	540	33
352	0	540	33
353	0	540	33
354	0	540	33
355	0	542	33
356	0	542	33
357	0	542	33
358	0	542	33
359	0	542	33
360	0	542	33
361	0	542	33
362	0	542	33
363	0	542	33
364	0	543	66
365	0	550	33
366	0	550	33
367	0	550	33
368	0	550	33
369	0	550	33
370	0	550	33
371	0	550	33
372	0	550	33
373	0	550	33
374	0	550	33
375	0	550	33
376	0	550	33
377	0	550	33
378	0	550	33
379	0	550	33
380	0	550	33
381	0	550	33
382	0	550	33
383	0	550	33
384	0	550	33
385	0	550	33
386	0	550	33
387	0	550	33
388	0	550	33
389	0	550	33
390	0	550	33
391	0	550	33
392	0	550	33
393	0	550	33
394	0	550	33
395	0	550	33
396	0	550	33
397	0	551	33
398	0	551	33
399	0	551	33
400	0	552	33
401	0	552	33
402	0	552	33
403	0	552	33
404	0	552	33
405	0	552	33
406	0	552	33
407	0	552	33
408	0	552	33
409	0	552	33
410	0	552	33
411	0	552	33
412	0	552	33
413	0	552	33
414	0	552	33
415	0	552	33
416	0	552	33
417	0	552	33
418	0	552	33
419	0	552	33
420	0	552	33
421	0	552	33
422	0	552	33
423	0	552	33
424	0	552	33
425	0	552	33
426	0	555	33
427	0	555	33
428	0	555	33
429	0	555	33
430	0	564	33
431	0	566	33
432	0	570	33
433	0	576	66
434	0	576	66
435	0	576	66
436	0	576	66
437	0	576	66
438	0	576	66
439	0	576	66
440	0	576	66
441	0	576	66
442	0	576	66
443	0	576	66
444	0	576	66
445	0	576	66
446	0	576	66
447	0	576	66
448	0	576	66
449	0	576	66
450	0	576	33
451	0	576	33
452	0	576	33
453	0	576	33
454	0	576	33
455	0	576	33
456	0	576	66
457	0	576	66
458	0	576	66
459	0	576	66
460	0	576	66
461	0	576	66
462	0	576	66
463	0	576	66
464	0	576	66
465	0	576	66
466	0	576	33
467	0	577	33
468	0	577	33
469	0	577	33
470	0	577	33
471	0	577	33
472	0	577	33
473	0	577	33
474	0	577	33
475	0	577	33
476	0	577	33
477	0	577	33
478	0	577	33
479	0	577	33
480	0	577	33
481	0	577	33
482	0	577	33
483	0	577	33
484	0	577	33
485	0	577	33
486	0	577	33
487	0	577	33
488	0	577	33
489	0	577	33
490	0	577	33
491	0	577	33
492	0	577	33
493	0	577	33
494	0	577	33
495	0	577	33
496	0	577	33
497	0	577	33
498	0	579	33
499	0	579	33
500	0	579	33
501	0	579	33
502	0	579	33
503	0	579	33
504	0	579	33
505	0	579	33
506	0	579	33
507	0	579	33
508	0	579	33
509	0	579	33
510	0	579	33
511	0	579	33
512	0	579	33
513	0	579	33
514	0	579	33
515	0	579	33
516	0	579	33
517	0	579	33
518	0	579	33
519	0	579	33
520	0	579	33
521	0	579	33
522	0	579	33
523	0	579	33
524	0	580	33
525	0	580	33
526	0	580	33
527	0	580	33
528	0	580	33
529	0	580	33
530	0	580	33
531	0	580	33
532	0	580	33
533	0	580	33
534	0	580	33
535	0	580	33
536	0	580	33
537	0	580	33
538	0	580	33
539	0	580	33
540	0	580	33
541	0	580	33
542	0	580	33
543	0	580	33
544	0	580	33
545	0	580	33
546	0	580	33
547	0	580	33
548	0	580	33
549	0	580	33
550	0	580	33
551	0	580	33
552	0	580	33
553	0	580	33
554	0	580	33
555	0	580	33
556	0	580	33
557	0	580	33
558	0	580	33
559	0	580	33
560	0	580	33
561	0	580	33
562	0	580	33
563	0	580	33
564	0	580	33
565	0	580	33
566	0	580	33
567	0	580	33
568	0	580	33
569	0	580	33
570	0	580	33
571	0	580	33
572	0	580	33
573	0	580	33
574	0	580	33
575	0	580	33
576	0	580	33
577	0	580	33
578	0	580	33
579	0	580	33
580	0	580	33
581	0	580	33
582	0	580	33
583	0	580	33
584	0	580	33
585	0	580	33
586	0	580	33
587	0	580	33
588	0	580	33
589	0	580	33
590	0	580	33
591	0	580	33
592	0	580	33
593	0	580	33
594	0	580	33
595	0	580	33
596	0	580	33
597	0	580	33
598	0	580	33
599	0	580	33
600	0	580	33
601	0	580	33
602	0	580	33
603	0	580	33
604	0	580	33
605	0	580	33
606	0	580	33
607	0	580	33
608	0	580	33
609	0	580	33
610	0	580	33
611	0	580	33
612	0	580	33
613	0	580	33
614	0	580	33
615	0	580	33
616	0	580	33
617	0	580	33
618	0	580	33
619	0	580	33
620	0	580	33
621	0	580	33
622	0	580	33
623	0	580	33
624	0	580	33
625	0	580	33
626	0	580	33
627	0	580	33
628	0	580	33
629	0	580	33
630	0	586	66
631	0	586	30
632	0	587	33
633	0	587	66
634	0	598	61
635	0	603	30
636	0	605	33
637	0	605	33
638	0	605	33
639	0	605	33
640	0	605	33
641	0	606	33
642	0	607	33
643	0	610	66
644	0	612	33
645	0	612	33
646	0	612	33
647	0	612	33
648	0	612	33
649	0	612	33
650	0	612	33
651	0	612	33
652	0	615	33
653	0	615	33
654	0	615	33
655	0	615	33
656	0	615	33
657	0	615	33
658	0	615	33
659	0	615	33
660	0	615	33
661	0	615	33
662	0	615	33
663	0	618	33
664	0	618	33
665	0	618	33
666	0	618	33
667	0	622	33
668	0	622	33
669	0	622	33
670	0	622	33
671	0	622	33
672	0	622	33
673	0	622	33
674	0	626	33
675	0	626	33
676	0	632	33
677	0	632	33
678	0	633	33
679	0	633	33
680	0	636	33
681	0	637	33
682	0	637	33
683	0	637	33
684	0	637	33
685	0	637	33
686	0	638	33
687	0	640	33
688	0	640	33
689	0	640	33
690	0	640	33
691	0	640	33
692	0	640	33
693	0	640	33
694	0	640	33
695	0	640	33
696	0	640	33
697	0	640	33
698	0	640	33
699	0	640	33
700	0	640	33
701	0	640	33
702	0	640	33
703	0	640	33
704	0	640	33
705	0	640	33
706	0	640	33
707	0	640	33
708	0	640	33
709	0	640	33
710	0	640	33
711	0	640	33
712	0	640	33
713	0	640	33
714	0	640	33
715	0	640	33
716	0	640	33
717	0	640	33
718	0	640	33
719	0	640	33
720	0	640	33
721	0	641	33
722	0	641	33
723	0	641	33
724	0	641	33
725	0	644	33
726	0	644	66
727	0	644	33
728	0	645	33
729	0	659	66
730	0	661	33
731	0	661	33
732	0	662	66
733	0	662	33
734	0	665	33
735	0	666	33
736	0	666	33
737	0	669	33
738	0	673	33
739	0	675	33
740	0	678	33
741	0	680	66
742	0	687	33
743	0	694	33
744	0	697	33
745	0	699	33
746	0	699	33
747	0	713	33
748	0	716	33
749	0	724	33
750	0	741	66
751	0	743	33
752	0	745	33
753	0	747	33
754	0	755	33
755	0	755	33
756	0	755	33
757	0	755	33
758	0	755	33
759	0	755	33
760	0	755	33
761	0	755	33
762	0	755	33
763	0	755	33
764	0	755	33
765	0	755	33
766	0	755	33
767	0	755	33
768	0	755	33
769	0	755	33
770	0	755	33
771	0	755	33
772	0	755	33
773	0	755	33
774	0	755	33
775	0	755	33
776	0	755	33
777	0	755	33
778	0	755	33
779	0	755	33
780	0	755	33
781	0	755	33
782	0	755	33
783	0	755	33
784	0	755	33
785	0	755	33
786	0	755	33
787	0	755	33
788	0	755	33
789	0	755	33
790	0	755	33
791	0	755	33
792	0	755	33
793	0	755	33
794	0	755	33
795	0	755	33
796	0	755	33
797	0	755	33
798	0	755	33
799	0	755	33
800	0	755	33
801	0	756	33
802	0	758	66
803	0	761	33
804	0	764	33
805	0	764	33
806	0	766	33
807	0	821	33
808	0	833	66
809	0	842	33
810	0	843	33
811	0	845	66
812	0	847	33
813	0	850	30
814	0	859	33
815	0	859	25
816	0	859	50
817	0	860	30
818	0	862	33
819	0	877	33
820	0	877	33
821	0	900	33
822	0	902	33
823	0	906	33
824	0	941	33
825	0	945	66
826	0	945	66
827	0	962	33
828	0	970	33
829	0	1013	66
830	0	1013	66
831	0	1024	66
832	0	1043	33
833	0	1046	33
834	0	1075	66
835	0	1075	66
836	0	1076	66
837	0	1076	66
838	0	1076	66
839	0	1076	66
840	0	1076	66
841	0	1087	66
842	0	1088	66
843	0	1107	33
844	0	1108	66
845	0	1108	66
846	0	1140	33
847	0	1140	33
848	0	1141	33
849	0	1141	33
850	0	1141	33
851	0	1141	33
852	0	1141	33
853	0	1141	33
854	0	1141	33
855	0	1141	33
856	0	1141	33
857	0	1141	33
858	0	1141	33
859	0	1141	33
860	0	1141	33
861	0	1142	33
862	0	1142	33
863	0	1142	33
864	0	1142	33
865	0	1142	33
866	0	1142	33
867	0	1142	33
868	0	1142	33
869	0	1142	33
870	0	1142	30
871	0	1142	33
872	0	1142	33
873	0	1144	30
874	0	1148	30
875	0	1152	33
876	0	1156	33
877	0	1157	33
878	0	1157	33
879	0	1157	33
880	0	1157	33
881	0	1157	33
882	0	1157	33
883	0	1157	33
884	0	1157	33
885	0	1157	33
886	0	1158	33
887	0	1158	33
888	0	1158	33
889	0	1158	33
890	0	1158	33
891	0	1158	66
892	0	1158	33
893	0	1158	33
894	0	1159	33
895	0	1180	33
896	0	1201	30
897	0	1202	33
898	0	1203	66
899	0	1205	33
900	0	1214	33
901	0	1238	33
902	0	1247	33
903	0	1251	66
904	0	1255	33
905	0	1279	33
906	0	1302	30
907	0	1321	33
908	0	1324	33
909	0	1332	30
910	0	1351	33
911	0	1365	33
912	0	1375	33
913	0	1390	66
914	0	1390	66
915	0	1390	33
916	0	1418	66
917	0	1418	66
918	0	1418	66
919	0	1418	66
920	0	1418	66
921	0	1418	66
922	0	1418	50
923	0	1418	66
924	0	1431	33
925	0	1432	30
926	0	1437	66
927	2	551	66
928	24	854	66
929	31	670	66
930	58	1147	33
931	61	1311	33
932	74	860	25
933	75	1027	66
934	92	670	66
935	100	1158	66
936	104	878	33
937	113	720	33
938	120	1382	66
939	122	1380	66
940	125	516	66
941	125	516	66
942	125	516	66
943	125	516	66
944	125	516	66
945	125	516	66
946	125	516	66
947	125	516	66
948	125	516	66
949	125	516	66
950	125	516	66
951	125	517	66
952	125	517	66
953	125	517	66
954	125	517	66
955	125	517	66
956	125	517	66
957	125	517	66
958	127	516	66
959	127	516	66
960	127	516	66
961	127	516	66
962	127	516	66
963	127	516	66
964	127	516	66
965	127	516	66
966	127	516	66
967	127	516	66
968	127	516	66
969	128	516	66
970	130	517	66
971	130	517	66
972	130	517	66
973	130	517	66
974	130	517	66
975	130	517	66
976	130	517	66
977	130	517	66
978	130	580	33
979	131	516	66
980	131	516	66
981	131	516	66
982	131	516	66
983	131	516	66
984	133	516	66
985	133	516	66
986	133	516	66
987	133	516	66
988	133	516	66
989	136	623	66
990	137	571	66
991	137	626	66
992	138	813	33
993	151	937	33
994	158	785	66
995	158	1157	66
996	160	1060	66
997	161	1030	66
998	162	1045	66
999	162	1117	33
1000	165	1010	66
1001	165	1022	66
1002	185	1106	33
1003	196	689	25
1004	196	689	25
1005	196	689	25
1006	199	635	66
1007	200	1145	66
1008	201	1141	66
1009	204	914	33
1010	204	914	33
1011	204	929	33
1012	204	929	33
1013	204	990	33
1014	215	1193	33
1015	216	635	66
1016	216	1141	66
1017	216	1141	66
1018	216	1141	66
1019	216	1141	66
1020	218	1160	66
1021	222	1147	33
1022	223	787	66
1023	223	1157	66
1024	224	616	33
1025	224	616	33
1026	230	1072	33
1027	245	668	66
1028	245	671	66
1029	245	675	66
1030	247	1043	66
1031	249	1304	66
1032	252	738	33
1033	252	842	33
1034	252	862	33
1035	253	1141	33
1036	253	1141	33
1037	253	1161	33
1038	253	1381	33
1039	257	968	33
1040	258	932	33
1041	261	668	33
1042	261	668	33
1043	261	786	33
1044	261	845	33
1045	261	901	33
1046	261	901	33
1047	261	901	33
1048	261	1043	66
1049	261	1141	33
1050	261	1141	33
1051	261	1141	33
1052	261	1142	33
1053	261	1142	33
1054	261	1142	33
1055	261	1142	33
1056	261	1142	33
1057	261	1142	33
1058	261	1142	33
1059	261	1142	33
1060	261	1142	33
1061	261	1142	33
1062	261	1144	33
1063	261	1159	66
1064	261	1205	33
1065	261	1214	33
1066	261	1214	33
1067	261	1387	33
1068	267	977	66
1069	267	1157	66
1070	268	1043	66
1071	273	1514	50
1072	280	875	33
1073	282	764	33
1074	282	764	33
1075	282	1142	33
1076	282	1142	33
1077	282	1142	33
1078	282	1142	33
1079	282	1142	33
1080	282	1142	33
1081	282	1142	33
1082	282	1142	33
1083	282	1205	33
1084	283	781	33
1085	283	781	33
1086	283	1157	33
1087	284	1157	33
1088	284	1157	33
1089	284	1157	33
1090	284	1157	33
1091	284	1157	33
1092	284	1158	33
1093	285	1157	33
1094	285	1158	33
1095	303	1270	33
1096	311	1002	66
1097	313	962	66
1098	313	1141	66
1099	313	1141	66
1100	313	1626	66
1101	314	916	66
1102	314	1042	66
1103	314	1042	66
1104	314	1480	66
1105	316	1040	66
1106	316	1040	66
1107	316	1103	66
1108	317	1476	66
1109	332	992	33
1110	345	1561	33
1111	357	1672	66
1112	369	781	33
1113	369	1141	66
1114	372	953	66
1115	377	781	33
1116	377	1156	33
1117	377	1157	33
1118	377	1157	33
1119	377	1157	33
1120	377	1157	33
1121	377	1157	33
1122	377	1157	33
1123	377	1157	33
1124	377	1158	33
1125	377	1158	33
1126	377	1158	33
1127	377	1365	33
1128	378	1157	33
1129	387	885	66
1130	388	820	66
1131	415	781	33
1132	415	781	33
1133	415	786	33
1134	415	804	33
1135	415	982	33
1136	415	996	33
1137	415	1043	33
1138	415	1043	33
1139	415	1157	33
1140	415	1158	33
1141	417	900	33
1142	417	1141	33
1143	417	1141	33
1144	417	1141	33
1145	417	1141	33
1146	419	783	33
1147	420	1282	33
1148	421	923	33
1149	427	1156	33
1150	427	1157	33
1151	427	1157	33
1152	427	1157	33
1153	427	1157	33
1154	430	1040	33
1155	434	1309	33
1156	434	1428	33
1157	441	806	50
1158	443	860	25
1159	447	1157	33
1160	447	1157	33
1161	447	1157	33
1162	447	1157	33
1163	447	1158	33
1164	447	1158	33
1165	447	1158	33
1166	447	1158	33
1167	447	1158	33
1168	447	1159	33
1169	451	1142	33
1170	456	820	66
1171	458	1141	33
1172	458	1141	33
1173	458	1142	33
1174	458	1142	33
1175	458	1158	33
1176	458	1860	33
1177	464	1076	33
1178	464	1076	33
1179	464	1338	33
1180	464	1338	33
1181	464	1682	33
1182	484	909	33
1183	495	861	25
1184	496	860	25
1185	518	980	30
1186	518	1044	66
1187	518	1094	66
1188	518	1141	66
1189	518	1141	66
1190	518	1141	66
1191	518	1142	66
1192	518	1381	66
1193	520	1045	66
1194	525	984	30
1195	530	1340	33
1196	530	1340	33
1197	531	1723	33
1198	531	1902	33
1199	532	1408	25
1200	532	1408	25
1201	533	1408	25
1202	533	1408	25
1203	535	1043	30
1204	538	961	33
1205	538	1141	33
1206	538	1142	33
1207	538	1219	33
1208	538	1375	33
1209	538	1740	33
1210	538	1891	33
1211	542	922	33
1212	543	1562	50
1213	548	1615	66
1214	548	1615	66
1215	555	1123	66
1216	571	1396	33
1217	572	1219	33
1218	572	1291	33
1219	572	1294	33
1220	572	1321	33
1221	586	1225	66
1222	587	994	33
1223	587	1043	33
1224	587	1157	33
1225	589	1142	66
1226	589	1295	66
1227	589	1295	66
1228	589	2013	66
1229	590	1058	66
1230	590	1141	66
1231	590	1141	66
1232	590	1142	66
1233	590	1144	66
1234	597	982	66
1235	597	1043	66
1236	597	1869	66
1237	597	1958	66
1238	602	1144	33
1239	608	1509	33
1240	609	1278	33
1241	609	1286	33
1242	609	1547	33
1243	609	1581	33
1244	609	1953	33
1245	610	1286	33
1246	614	1144	33
1247	614	1157	33
1248	614	1157	33
1249	614	1157	33
1250	614	1157	33
1251	614	1157	33
1252	614	1157	33
1253	614	1157	33
1254	614	1157	33
1255	614	1158	33
1256	614	1158	33
1257	614	1158	33
1258	614	1158	33
1259	615	1157	33
1260	615	1157	33
1261	615	1157	33
1262	615	1158	33
1263	616	1792	25
1264	617	1141	33
1265	617	1142	33
1266	617	1142	33
1267	617	1158	33
1268	617	1217	33
1269	617	1321	33
1270	617	1440	33
1271	619	1142	33
1272	619	1142	33
1273	619	1998	33
1274	619	1998	33
1275	623	1562	33
1276	623	1987	33
1277	628	1142	33
1278	667	1702	33
1279	668	1065	33
1280	690	1626	66
1281	690	1631	66
1282	691	1641	66
1283	694	1977	33
1284	696	1834	33
1285	699	1417	33
1286	721	1101	66
1287	721	1101	66
1288	721	1102	66
1289	723	1464	25
1290	723	1743	30
1291	726	1806	66
1292	735	1850	33
1293	740	1407	30
1294	741	1672	33
1295	755	1471	33
1296	759	1142	66
1297	759	1142	66
1298	759	1142	66
1299	759	1142	66
1300	759	1142	66
1301	759	1502	66
1302	766	1901	33
1303	766	1901	33
1304	767	1901	33
1305	767	1901	33
1306	767	1901	33
1307	767	1901	33
1308	768	1901	33
1309	771	1882	33
1310	780	1502	33
1311	781	1355	33
1312	781	1355	33
1313	781	1563	33
1314	781	1620	66
1315	786	1203	66
1316	786	1267	66
1317	786	1268	66
1318	789	1579	33
1319	793	1890	66
1320	797	1551	25
1321	801	1552	33
1322	803	1995	33
1323	803	1995	33
1324	805	1564	66
1325	805	1565	66
1326	805	1566	66
1327	815	1901	33
1328	815	1901	33
1329	816	1901	33
1330	816	1901	33
1331	816	1901	33
1332	816	1901	33
1333	816	1901	33
1334	816	1901	33
1335	817	1901	33
1336	817	1901	33
1337	817	1901	33
1338	817	1901	33
1339	817	1901	33
1340	817	1901	33
1341	817	1901	33
1342	817	1901	33
1343	817	1901	33
1344	817	1901	33
1345	817	1901	33
1346	817	1901	33
1347	818	1901	33
1348	818	1901	33
1349	818	1901	33
1350	818	1901	33
1351	818	1901	33
1352	818	1901	33
1353	819	1901	33
1354	819	1901	33
1355	819	1901	33
1356	819	1901	33
1357	819	1901	33
1358	819	1901	33
1359	819	1901	33
1360	819	1901	33
1361	820	1901	33
1362	820	1901	33
1363	820	1901	33
1364	820	1901	33
1365	821	1901	33
1366	821	1901	33
1367	821	1901	33
1368	821	1901	33
1369	821	1901	33
1370	834	1526	33
1371	845	1627	33
1372	845	1707	33
1373	845	2022	33
1374	851	1298	33
1375	851	1312	33
1376	855	1498	66
1377	868	1396	66
1378	878	1561	33
1379	884	1869	33
1380	886	1421	33
1381	889	1873	33
1382	900	1310	33
1383	900	1368	33
1384	900	1403	33
1385	901	1641	66
1386	901	2142	33
1387	905	1859	33
1388	906	1405	66
1389	908	1509	33
1390	910	1398	33
1391	911	2026	66
1392	911	2026	66
1393	911	2026	66
1394	912	1410	33
1395	913	1495	33
1396	919	1562	50
1397	922	1881	33
1398	922	1915	33
1399	926	1511	66
1400	926	2026	66
1401	926	2026	66
1402	926	2026	66
1403	929	1396	33
1404	933	1901	33
1405	933	1901	33
1406	934	2285	33
1407	935	1604	33
1408	938	1402	33
1409	951	1626	66
1410	954	1489	33
1411	954	1996	33
1412	954	2256	33
1413	955	1440	33
1414	955	1898	33
1415	955	1898	33
1416	955	2058	33
1417	965	1405	66
1418	967	1352	33
1419	967	1867	33
1420	967	1877	33
1421	967	1948	33
1422	967	2223	33
1423	967	2297	33
1424	976	1468	33
1425	976	1648	66
1426	993	1360	33
1427	995	1890	33
1428	999	1517	33
1429	1018	1839	66
1430	1019	1390	33
1431	1019	1390	33
1432	1025	2180	66
1433	1036	1436	33
1434	1048	1703	33
1435	1048	1703	33
1436	1072	1441	33
1437	1084	1636	66
1438	1084	1956	40
1439	1094	2300	25
1440	1095	2300	25
1441	1096	1473	40
1442	1142	2348	33
1443	1146	2216	33
1444	1152	1518	33
1445	1152	1538	33
1446	1152	2098	33
1447	1156	1518	33
1448	1156	1518	33
1449	1156	1528	33
1450	1156	1528	33
1451	1156	1528	33
1452	1156	1568	33
1453	1156	1770	33
1454	1156	1770	33
1455	1156	1895	33
1456	1156	2098	33
1457	1156	2106	33
1458	1156	2108	33
1459	1156	2140	33
1460	1157	1996	33
1461	1158	2108	33
1462	1159	1539	33
1463	1159	1550	33
1464	1159	2119	33
1465	1159	2119	33
1466	1165	2162	66
1467	1166	2300	25
1468	1166	2300	50
1469	1168	2301	25
1470	1170	1676	66
1471	1177	1901	33
1472	1177	1905	33
1473	1178	1901	33
1474	1179	1901	33
1475	1179	1901	33
1476	1179	1901	33
1477	1180	1901	33
1478	1180	1901	33
1479	1180	1901	33
1480	1180	1901	33
1481	1180	1901	33
1482	1180	1901	33
1483	1182	2212	66
1484	1190	2093	66
1485	1198	1716	30
1486	1210	1590	33
1487	1210	1603	33
1488	1211	1583	33
1489	1211	1606	33
1490	1211	1606	33
1491	1211	1639	33
1492	1211	1639	33
1493	1214	1606	33
1494	1219	1840	66
1495	1219	2342	66
1496	1222	1759	66
1497	1222	1894	66
1498	1222	1894	66
1499	1222	1898	66
1500	1222	1945	66
1501	1222	1951	66
1502	1222	1998	66
1503	1222	2024	66
1504	1222	2494	66
1505	1222	2495	66
1506	1222	2495	66
1507	1239	2130	66
1508	1242	1862	66
1509	1242	1863	66
1510	1242	1898	66
1511	1242	2011	66
1512	1248	1676	66
1513	1257	1901	33
1514	1283	2204	33
1515	1283	2204	33
1516	1298	1752	33
1517	1298	2129	33
1518	1299	2120	33
1519	1303	2061	66
1520	1311	2270	66
1521	1312	2270	66
1522	1313	1862	66
1523	1313	1862	66
1524	1313	1921	66
1525	1313	2042	66
1526	1313	2270	66
1527	1313	2270	66
1528	1313	2270	66
1529	1313	2270	66
1530	1318	2064	66
1531	1318	2270	66
1532	1318	2270	66
1533	1318	2270	66
1534	1318	2270	66
1535	1322	2060	66
1536	1322	2060	66
1537	1322	2060	66
1538	1322	2060	66
1539	1322	2062	66
1540	1322	2062	66
1541	1322	2062	66
1542	1322	2062	66
1543	1322	2063	66
1544	1322	2063	66
1545	1322	2063	66
1546	1322	2063	66
1547	1322	2063	66
1548	1322	2063	66
1549	1322	2063	66
1550	1322	2063	66
1551	1327	2270	66
1552	1327	2270	66
1553	1330	2270	66
1554	1331	1861	66
1555	1331	2270	66
1556	1335	2271	66
1557	1335	2271	66
1558	1336	2270	66
1559	1342	2270	66
1560	1342	2270	66
1561	1342	2270	66
1562	1350	2272	66
1563	1350	2272	66
1564	1352	2272	66
1565	1352	2272	66
1566	1352	2272	66
1567	1353	2272	66
1568	1353	2272	66
1569	1358	1783	33
1570	1360	2272	66
1571	1360	2272	66
1572	1360	2272	66
1573	1382	1776	33
1574	1382	1776	33
1575	1382	1777	33
1576	1382	1783	33
1577	1432	2009	30
1578	1445	1833	30
1579	1449	2072	30
1580	1449	2072	30
1581	1453	2108	33
1582	1453	2119	33
1583	1471	1849	66
1584	1488	2051	33
1585	1499	2300	50
1586	1501	1901	33
1587	1501	2041	66
1588	1502	1903	33
1589	1504	2098	66
1590	1507	1901	33
1591	1517	2140	33
1592	1519	2035	66
1593	1520	1918	33
1594	1520	2196	33
1595	1561	2159	33
1596	1562	2109	33
1597	1562	2129	33
1598	1562	2286	66
1599	1562	2822	66
1600	1563	2821	66
1601	1569	2614	66
1602	1577	2011	33
1603	1580	2518	66
1604	1591	2144	33
1605	1593	2119	33
1606	1621	2068	25
1607	1621	2069	25
1608	1621	2152	66
1609	1628	2077	30
1610	1633	2397	33
1611	1633	2444	33
1612	1634	2058	33
1613	1634	2326	33
1614	1634	2504	33
1615	1635	2062	33
1616	1635	2183	33
1617	1635	2585	33
1618	1636	1998	33
1619	1636	1998	33
1620	1636	2000	33
1621	1636	2001	33
1622	1636	2049	33
1623	1636	2647	33
1624	1641	2129	33
1625	1642	2119	33
1626	1645	2044	33
1627	1645	2163	33
1628	1650	2023	33
1629	1650	2047	33
1630	1650	2049	33
1631	1653	2913	33
1632	1668	2201	30
1633	1669	2941	33
1634	1684	2058	33
1635	1684	2400	33
1636	1684	2717	33
1637	1684	2741	33
1638	1695	2635	66
1639	1707	2145	66
1640	1709	2146	33
1641	1710	2190	33
1642	1710	3078	33
1643	1712	2753	33
1644	1712	2753	33
1645	1722	2499	66
1646	1726	2191	33
1647	1726	2224	33
1648	1726	2225	33
1649	1726	2504	33
1650	1726	2548	33
1651	1727	2591	66
1652	1727	2591	66
1653	1730	2824	33
1654	1736	3125	66
1655	1738	2902	33
1656	1741	2582	30
1657	1741	3180	33
1658	1746	2814	33
1659	1747	3185	33
1660	1756	2369	33
1661	1756	2514	66
1662	1760	2309	33
1663	1760	2309	33
1664	1771	2232	66
1665	1773	2423	66
1666	1786	2253	66
1667	1786	2253	66
1668	1796	2941	33
1669	1798	2326	33
1670	1799	2161	33
1671	1810	2185	66
1672	1810	2220	33
1673	1810	2221	33
1674	1810	2221	33
1675	1810	2222	33
1676	1810	3211	33
1677	1813	2222	66
1678	1814	2276	66
1679	1816	2339	33
1680	1816	2339	33
1681	1816	2343	33
1682	1816	2461	33
1683	1816	2941	33
1684	1817	2349	33
1685	1817	2495	33
1686	1817	2495	33
1687	1817	2798	33
1688	1818	2225	33
1689	1818	2504	33
1690	1818	2504	33
1691	1818	2504	33
1692	1818	2641	33
1693	1818	2663	33
1694	1819	2823	33
1695	1820	2225	33
1696	1820	2672	33
1697	1822	3216	33
1698	1824	2244	66
1699	1826	3125	33
1700	1828	2707	33
1701	1831	2224	66
1702	1833	2282	33
1703	1834	2389	33
1704	1835	2247	33
1705	1835	2885	33
1706	1839	2224	33
1707	1839	3262	33
1708	1840	2210	33
1709	1840	2243	33
1710	1840	2272	33
1711	1840	2465	33
1712	1840	2480	33
1713	1840	2571	33
1714	1840	2571	33
1715	1850	2224	66
1716	1857	3211	33
1717	1865	2923	66
1718	1882	2406	33
1719	1908	2650	33
1720	1908	2718	33
1721	1910	2397	33
1722	1918	2348	33
1723	1918	2504	33
1724	1918	2506	33
1725	1929	2527	33
1726	1930	2956	33
1727	1930	2956	33
1728	1930	2956	33
1729	1931	2962	66
1730	1935	2926	33
1731	1937	2342	33
1732	1945	2411	66
1733	1946	2538	33
1734	1950	2463	33
1735	1950	2479	33
1736	1950	2479	33
1737	1951	3299	66
1738	1953	2707	33
1739	1957	2504	33
1740	1963	2418	33
1741	1963	2643	33
1742	1972	3151	33
1743	2007	3441	33
1744	2007	3441	33
1745	2008	3323	33
1746	2023	2787	33
1747	2046	2719	33
1748	2047	3424	33
1749	2048	2724	33
1750	2049	2719	33
1751	2057	2719	33
1752	2057	3309	66
1753	2058	2426	33
1754	2058	2426	33
1755	2058	2426	33
1756	2058	2456	33
1757	2058	2492	33
1758	2058	3021	33
1759	2058	3021	33
1760	2058	3096	33
1761	2058	3149	33
1762	2058	3301	33
1763	2068	3336	33
1764	2069	3025	33
1765	2078	3480	66
1766	2090	2504	33
1767	2096	3139	33
1768	2131	3060	66
1769	2134	3320	33
1770	2155	2949	50
1771	2163	2636	66
1772	2163	2644	33
1773	2163	2885	66
1774	2163	2946	66
1775	2164	2887	33
1776	2166	2936	33
1777	2174	2720	33
1778	2182	3138	40
1779	2185	2734	66
1780	2188	2865	33
1781	2194	2911	33
1782	2196	3085	33
1783	2205	3163	33
1784	2211	3163	33
1785	2218	2602	30
1786	2221	3060	66
1787	2222	3061	50
1788	2222	3529	33
1789	2224	2764	66
1790	2224	3392	33
1791	2236	2722	25
1792	2244	2761	33
1793	2247	2621	66
1794	2247	2622	66
1795	2247	2622	66
1796	2247	2622	66
1797	2254	3251	33
1798	2287	3005	33
1799	2313	2887	33
1800	2313	3281	33
1801	2316	2799	66
1802	2323	2797	66
1803	2327	3301	33
1804	2327	3301	33
1805	2331	2940	33
1806	2350	3782	33
1807	2351	2730	33
1808	2356	3004	33
1809	2357	2893	30
1810	2360	2746	33
1811	2365	3085	66
1812	2389	3817	66
1813	2412	2885	33
1814	2416	2931	33
1815	2419	3271	33
1816	2447	3534	66
1817	2449	2952	25
1818	2453	3624	66
1819	2462	3257	33
1820	2463	3179	33
1821	2465	3661	33
1822	2470	3071	66
1823	2470	3071	66
1824	2471	3783	33
1825	2472	2991	66
1826	2476	2885	33
1827	2476	2931	33
1828	2484	3479	66
1829	2486	2931	33
1830	2488	2931	33
1831	2488	2931	33
1832	2489	2931	33
1833	2489	2931	33
1834	2490	2931	33
1835	2490	3143	33
1836	2492	3769	33
1837	2498	3210	66
1838	2499	3571	66
1839	2509	2911	33
1840	2509	2911	33
1841	2519	2970	66
1842	2522	3310	66
1843	2522	3310	66
1844	2524	3726	33
1845	2555	3044	66
1846	2561	3022	33
1847	2567	3243	33
1848	2597	3210	66
1849	2597	3210	66
1850	2597	3210	66
1851	2611	3130	30
1852	2638	4024	33
1853	2641	3448	66
1854	2643	3449	66
1855	2643	3449	66
1856	2643	3449	66
1857	2644	3449	66
1858	2644	3449	66
1859	2644	3449	66
1860	2647	3449	66
1861	2647	3449	66
1862	2647	3449	66
1863	2650	3448	66
1864	2650	3448	66
1865	2650	3448	66
1866	2650	3449	66
1867	2650	3449	66
1868	2650	3449	66
1869	2650	3449	66
1870	2650	3449	66
1871	2650	3449	66
1872	2650	3449	66
1873	2650	3449	66
1874	2651	3448	66
1875	2653	3449	66
1876	2653	3449	66
1877	2653	3449	66
1878	2661	3024	33
1879	2670	3579	66
1880	2672	3048	66
1881	2680	3444	66
1882	2680	3444	66
1883	2680	3444	66
1884	2680	3445	66
1885	2680	3445	66
1886	2681	3444	66
1887	2681	3444	66
1888	2682	3445	66
1889	2682	3445	66
1890	2682	3445	66
1891	2684	3444	66
1892	2702	3566	66
1893	2731	3095	33
1894	2751	4157	33
1895	2777	3447	30
1896	2804	3195	33
1897	2822	3195	33
1898	2824	3783	33
1899	2824	3783	33
1900	2824	3783	33
1901	2835	3212	66
1902	2880	3352	66
1903	2880	3352	66
1904	2880	3352	66
1905	2883	3352	66
1906	2883	3352	66
1907	2883	3352	66
1908	2883	3352	66
1909	2885	3424	66
1910	2885	3424	66
1911	2885	3424	66
1912	2899	3366	50
1913	2911	3492	66
1914	2911	3961	33
1915	2915	3337	33
1916	2926	3508	66
1917	2948	3337	33
1918	2948	3337	33
1919	2948	3389	33
1920	2950	3349	66
1921	2950	3349	66
1922	2950	3349	66
1923	2954	3741	25
1924	2954	3741	25
1925	2954	3741	25
1926	2954	3741	25
1927	2956	3354	66
1928	2956	3354	66
1929	2956	3354	66
1930	2956	3354	66
1931	2956	3530	33
1932	2971	3337	33
1933	2977	3574	33
1934	2977	3724	33
1935	2977	3857	33
1936	2980	3676	33
1937	2980	3729	33
1938	2981	3676	33
1939	2987	3428	33
1940	2987	3479	33
1941	2987	3858	33
1942	2989	3371	33
1943	2998	3775	66
1944	2998	3775	66
1945	2998	3857	66
1946	2998	3858	66
1947	2998	3858	66
1948	2998	3858	66
1949	2998	3860	66
1950	2999	3511	33
1951	2999	3842	33
1952	3000	3657	33
1953	3003	3427	33
1954	3004	3436	33
1955	3004	3480	33
1956	3004	3728	33
1957	3004	3873	33
1958	3004	4328	33
1959	3005	3589	33
1960	3005	3934	33
1961	3005	4381	33
1962	3005	4381	33
1963	3008	3623	33
1964	3008	3638	33
1965	3008	3638	33
1966	3008	3658	33
1967	3008	3681	33
1968	3008	3681	33
1969	3008	3681	33
1970	3008	3779	33
1971	3008	3877	33
1972	3008	3917	33
1973	3010	3698	33
1974	3031	3405	33
1975	3034	3398	66
1976	3039	3864	33
1977	3039	4381	33
1978	3040	3673	33
1979	3041	3685	33
1980	3042	3841	33
1981	3042	3889	33
1982	3049	3734	33
1983	3049	3738	33
1984	3050	3577	66
1985	3051	4093	33
1986	3057	3858	33
1987	3090	3623	33
1988	3118	4381	33
1989	3121	3521	25
1990	3123	3802	33
1991	3125	3763	66
1992	3127	3876	33
1993	3132	3623	33
1994	3136	4052	66
1995	3163	3742	25
1996	3190	4438	66
1997	3207	3691	33
1998	3207	3691	33
1999	3250	3625	33
2000	3256	3796	66
2001	3260	3793	33
2002	3260	3857	33
2003	3261	3691	33
2004	3261	3856	33
2005	3261	3858	33
2006	3262	3857	33
2007	3278	3856	33
2008	3278	4024	33
2009	3332	4124	33
2010	3332	4127	33
2011	3332	4127	33
2012	3346	4021	66
2013	3373	3963	33
2014	3396	3856	33
2015	3403	3885	33
2016	3403	4065	33
2017	3417	3856	33
2018	3418	3811	33
2019	3419	4031	33
2020	3424	4652	33
2021	3426	3857	33
2022	3426	3857	33
2023	3426	4039	33
2024	3427	3857	33
2025	3427	4021	33
2026	3429	4687	66
2027	3429	4687	66
2028	3429	4687	66
2029	3438	4469	33
2030	3453	3857	33
2031	3453	3871	33
2032	3453	4034	33
2033	3453	4732	33
2034	3453	4732	33
2035	3464	3846	33
2036	3464	3846	33
2037	3464	3858	33
2038	3464	3860	33
2039	3464	3871	33
2040	3464	3878	33
2041	3464	3878	33
2042	3464	3906	33
2043	3465	3857	33
2044	3494	4065	33
2045	3502	4915	30
2046	3513	3906	33
2047	3513	3906	33
2048	3516	4107	40
2049	3538	4563	33
2050	3544	4625	33
2051	3552	4036	66
2052	3570	4501	66
2053	3571	4511	66
2054	3571	4511	66
2055	3592	4137	40
2056	3603	4623	33
2057	3615	4312	33
2058	3617	5015	33
2059	3629	4718	33
2060	3629	4718	33
2061	3714	5043	33
2062	3721	4745	33
2063	3724	4138	33
2064	3724	4185	33
2065	3730	4400	33
2066	3730	4813	33
2067	3738	4438	66
2068	3759	4189	33
2069	3777	4808	33
2070	3778	5041	33
2071	3778	5041	33
2072	3780	5209	33
2073	3787	4621	33
2074	3790	4719	33
2075	3790	5044	33
2076	3790	5044	33
2077	3831	4520	33
2078	3841	4312	66
2079	3843	4233	33
2080	3843	4690	33
2081	3847	4312	66
2082	3849	4381	33
2083	3870	4932	66
2084	3871	4522	33
2085	3873	4381	33
2086	3873	5311	33
2087	3877	4724	33
2088	3877	4884	33
2089	3877	4884	33
2090	3881	4490	33
2091	3882	4307	33
2092	3882	4350	33
2093	3885	4417	33
2094	3886	4561	33
2095	3886	4679	33
2096	3891	4969	33
2097	3892	4522	33
2098	3895	4322	33
2099	3903	4281	33
2100	3915	4822	33
2101	3917	4328	33
2102	3917	4545	33
2103	3924	4756	33
2104	3924	5161	33
2105	3924	5238	33
2106	3928	4868	33
2107	3931	4291	33
2108	3940	5375	33
2109	3963	4345	33
2110	3965	4327	33
2111	3973	5027	33
2112	3975	4623	33
2113	3975	4623	33
2114	3983	4548	33
2115	3989	4388	33
2116	3989	4882	33
2117	3996	4987	33
2118	4000	4964	33
2119	4004	4806	33
2120	4004	5443	33
2121	4010	5449	33
2122	4010	5449	33
2123	4010	5449	33
2124	4010	5449	33
2125	4010	5449	33
2126	4010	5449	33
2127	4010	5449	33
2128	4010	5449	33
2129	4010	5449	33
2130	4010	5449	33
2131	4010	5449	33
2132	4010	5449	33
2133	4010	5449	33
2134	4010	5449	33
2135	4010	5449	33
2136	4010	5449	33
2137	4012	4706	33
2138	4014	5134	66
2139	4028	4472	33
2140	4028	4506	33
2141	4028	4622	33
2142	4029	4810	33
2143	4029	4810	33
2144	4029	5028	33
2145	4030	4412	33
2146	4030	5461	66
2147	4031	5383	33
2148	4031	5383	33
2149	4031	5449	33
2150	4031	5449	33
2151	4031	5449	33
2152	4044	4506	33
2153	4044	5045	33
2154	4045	4811	33
2155	4046	4759	33
2156	4049	4679	33
2157	4056	5188	33
2158	4070	4503	33
2159	4079	4504	33
2160	4090	4969	33
2161	4090	5488	33
2162	4092	5488	33
2163	4092	5488	33
2164	4092	5488	33
2165	4092	5488	33
2166	4092	5488	33
2167	4092	5488	33
2168	4092	5488	33
2169	4095	4503	33
2170	4095	5434	66
2171	4095	5519	33
2172	4095	5519	33
2173	4095	5519	33
2174	4095	5519	33
2175	4095	5519	33
2176	4096	5121	66
2177	4135	5057	33
2178	4135	5057	33
2179	4142	5059	33
2180	4145	4686	30
2181	4147	4967	33
2182	4195	4634	66
2183	4195	4634	66
2184	4195	4634	66
2185	4195	4634	66
2186	4195	4634	66
2187	4195	4634	66
2188	4195	4634	66
2189	4195	4634	66
2190	4195	4634	66
2191	4195	4634	66
2192	4195	4634	66
2193	4201	4632	33
2194	4204	5233	33
2195	4205	4634	33
2196	4209	5034	66
2197	4217	4680	66
2198	4230	4739	33
2199	4249	5046	33
2200	4249	5127	33
2201	4249	5282	33
2202	4249	5298	33
2203	4251	4681	33
2204	4251	4683	33
2205	4252	4753	33
2206	4252	4753	33
2207	4252	5315	33
2208	4253	5048	33
2209	4253	5477	33
2210	4254	4623	33
2211	4254	4931	33
2212	4256	5127	33
2213	4256	5132	33
2214	4259	5155	33
2215	4261	4810	33
2216	4262	4749	33
2217	4262	4749	33
2218	4262	4814	33
2219	4270	4716	33
2220	4272	4664	33
2221	4274	5488	33
2222	4282	4679	33
2223	4295	4840	30
2224	4298	4775	33
2225	4302	4756	33
2226	4321	5726	33
2227	4335	5302	33
2228	4346	4810	33
2229	4370	5256	66
2230	4381	4773	66
2231	4386	4776	33
2232	4396	4776	33
2233	4402	5618	66
2234	4402	5834	33
2235	4402	5834	33
2236	4402	5834	33
2237	4429	4860	33
2238	4456	5884	33
2239	4472	4906	33
2240	4475	5759	33
2241	4484	5142	33
2242	4484	5306	33
2243	4502	5255	33
2244	4503	5119	33
2245	4505	5119	33
2246	4509	5014	25
2247	4521	5746	33
2248	4528	5202	66
2249	4536	5161	33
2250	4536	5778	33
2251	4540	5581	33
2252	4545	5252	33
2253	4545	5331	33
2254	4561	5014	25
2255	4582	5233	33
2256	4582	5236	33
2257	4582	5236	33
2258	4629	5028	66
2259	4680	5206	33
2260	4680	5206	33
2261	4680	5206	33
2262	4680	5206	33
2263	4715	5412	33
2264	4728	5233	33
2265	4730	5145	33
2266	4736	5232	33
2267	4736	5244	33
2268	4736	5313	33
2269	4746	5229	33
2270	4746	5229	33
2271	4746	5244	33
2272	4746	5943	33
2273	4746	5943	33
2274	4746	5943	33
2275	4747	5315	33
2276	4747	5656	33
2277	4749	5943	33
2278	4750	5885	33
2279	4757	5168	40
2280	4768	5887	33
2281	4768	6067	33
2282	4786	5706	30
2283	4811	6166	33
2284	4811	6197	33
2285	4811	6197	33
2286	4811	6197	33
2287	4814	5388	33
2288	4816	5983	33
2289	4816	6197	33
2290	4822	5317	33
2291	4841	5311	33
2292	4841	5311	33
2293	4877	6039	66
2294	4879	5793	66
2295	4897	5260	66
2296	4897	5260	66
2297	4904	5388	33
2298	4904	5388	33
2299	4904	5388	33
2300	4908	5388	33
2301	4948	6237	30
2302	5044	5994	33
2303	5044	6303	66
2304	5048	6031	33
2305	5056	5895	33
2306	5059	5462	33
2307	5125	6107	33
2308	5161	6163	33
2309	5171	5900	33
2310	5176	5674	33
2311	5178	5771	33
2312	5211	5674	33
2313	5214	5674	33
2314	5215	5674	33
2315	5215	5674	33
2316	5294	6366	33
2317	5294	6366	33
2318	5296	5998	66
2319	5296	5999	66
2320	5296	5999	66
2321	5296	6297	66
2322	5297	5998	66
2323	5297	5999	66
2324	5299	5708	33
2325	5299	5776	33
2326	5299	6071	33
2327	5299	6131	33
2328	5299	6131	33
2329	5299	6195	33
2330	5300	5898	33
2331	5300	5898	33
2332	5300	5956	33
2333	5300	6248	66
2334	5300	6543	33
2335	5300	6596	33
2336	5300	6596	33
2337	5300	6596	33
2338	5303	5910	33
2339	5304	6163	33
2340	5304	6197	33
2341	5304	6287	66
2342	5305	5887	33
2343	5305	5889	33
2344	5305	6316	33
2345	5305	6421	33
2346	5305	6426	33
2347	5348	5874	33
2348	5353	5912	33
2349	5353	6548	33
2350	5355	5916	33
2351	5358	6406	33
2352	5358	6406	33
2353	5358	6406	33
2354	5362	6667	66
2355	5363	6367	66
2356	5367	5873	33
2357	5384	6258	33
2358	5385	6160	33
2359	5394	6197	33
2360	5394	6226	33
2361	5395	5884	33
2362	5395	5983	33
2363	5395	5983	33
2364	5395	5983	33
2365	5395	6109	33
2366	5403	6198	33
2367	5416	5910	66
2368	5423	6189	33
2369	5427	6153	33
2370	5432	6417	66
2371	5440	6288	30
2372	5444	6881	33
2373	5447	6470	33
2374	5447	6650	33
2375	5447	6845	33
2376	5452	5915	33
2377	5452	6365	33
2378	5452	6406	33
2379	5452	6410	33
2380	5459	6434	66
2381	5464	6255	33
2382	5487	6257	33
2383	5502	6365	66
2384	5514	6678	33
2385	5515	6541	33
2386	5516	5886	33
2387	5516	5941	33
2388	5516	5943	33
2389	5516	6393	33
2390	5516	6425	33
2391	5516	6546	33
2392	5516	6683	33
2393	5516	6683	33
2394	5516	6733	33
2395	5516	6836	33
2396	5516	6845	33
2397	5516	6845	33
2398	5516	6857	33
2399	5516	6911	33
2400	5516	6922	33
2401	5516	6922	33
2402	5516	6922	33
2403	5516	6922	33
2404	5516	6922	33
2405	5516	6922	33
2406	5516	6922	33
2407	5516	6922	33
2408	5516	6922	33
2409	5516	6922	33
2410	5516	6922	33
2411	5516	6922	33
2412	5516	6922	33
2413	5519	6956	33
2414	5519	6956	33
2415	5519	6956	33
2416	5519	6956	33
2417	5520	5881	33
2418	5520	6316	33
2419	5520	6437	33
2420	5520	6528	33
2421	5520	6917	33
2422	5520	6917	33
2423	5520	6922	33
2424	5520	6922	33
2425	5520	6922	33
2426	5520	6922	33
2427	5520	6956	33
2428	5520	6956	33
2429	5520	6956	33
2430	5520	6956	33
2431	5520	6956	33
2432	5520	6956	33
2433	5520	6956	33
2434	5520	6956	33
2435	5520	6956	33
2436	5520	6956	33
2437	5520	6956	33
2438	5520	6956	33
2439	5520	6956	33
2440	5520	6956	33
2441	5520	6956	33
2442	5520	6956	33
2443	5520	6956	33
2444	5520	6956	33
2445	5520	6956	33
2446	5520	6956	33
2447	5520	6956	33
2448	5520	6956	33
2449	5520	6956	33
2450	5520	6956	33
2451	5520	6956	33
2452	5520	6956	33
2453	5520	6956	33
2454	5520	6956	33
2455	5520	6956	33
2456	5520	6956	33
2457	5520	6956	33
2458	5520	6956	33
2459	5520	6956	33
2460	5520	6956	33
2461	5520	6956	33
2462	5520	6956	33
2463	5520	6956	33
2464	5520	6956	33
2465	5520	6956	33
2466	5520	6956	33
2467	5520	6956	33
2468	5520	6956	33
2469	5520	6956	33
2470	5520	6956	33
2471	5520	6956	33
2472	5520	6956	33
2473	5520	6956	33
2474	5520	6957	33
2475	5520	6957	33
2476	5520	6957	33
2477	5520	6957	33
2478	5520	6957	33
2479	5520	6957	33
2480	5520	6957	33
2481	5520	6957	33
2482	5520	6957	33
2483	5520	6957	33
2484	5520	6957	33
2485	5520	6957	33
2486	5520	6957	33
2487	5520	6957	33
2488	5520	6957	33
2489	5520	6957	33
2490	5520	6957	33
2491	5520	6957	33
2492	5520	6957	33
2493	5526	6957	33
2494	5526	6957	33
2495	5526	6957	33
2496	5526	6957	33
2497	5526	6957	33
2498	5529	6950	33
2499	5529	6956	33
2500	5656	6206	33
2501	5657	6121	66
2502	5704	6260	33
2503	5722	6802	33
2504	5722	6827	33
2505	5731	6475	66
2506	5732	6476	66
2507	5732	6476	66
2508	5732	6476	66
2509	5732	6476	66
2510	5734	6475	66
2511	5734	6475	66
2512	5734	6475	66
2513	5735	6957	33
2514	5736	6476	66
2515	5736	6476	66
2516	5736	6476	66
2517	5742	6475	66
2518	5742	6475	66
2519	5743	6476	66
2520	5744	6475	66
2521	5744	6475	66
2522	5744	6475	66
2523	5744	6475	66
2524	5744	6476	66
2525	5744	6476	66
2526	5744	6476	66
2527	5750	6476	66
2528	5750	6476	66
2529	5750	6476	66
2530	5750	6476	66
2531	5750	6476	66
2532	5761	6788	33
2533	5776	6946	33
2534	5777	6476	66
2535	5777	6476	66
2536	5777	6476	66
2537	5777	6476	66
2538	5777	6476	66
2539	5826	6820	33
2540	5827	6435	33
2541	5844	6340	30
2542	5880	7143	66
2543	5881	6365	33
2544	5881	6402	33
2545	5881	6406	33
2546	5881	6406	33
2547	5881	6434	33
2548	5882	6248	33
2549	5882	7301	33
2550	5883	6424	33
2551	5883	7151	33
2552	5883	7167	33
2553	5883	7207	33
2554	5884	6279	66
2555	5884	6279	66
2556	5884	6279	66
2557	5884	6279	66
2558	5886	6279	66
2559	5886	6279	66
2560	5886	6279	66
2561	5886	6279	66
2562	5886	6279	66
2563	5886	6279	66
2564	5886	6279	66
2565	5886	6280	66
2566	5886	6280	66
2567	5886	6280	66
2568	5886	6280	66
2569	5887	7192	33
2570	5888	6279	66
2571	5888	6279	66
2572	5888	6279	66
2573	5889	6280	66
2574	5889	6280	66
2575	5889	6316	33
2576	5889	6605	33
2577	5889	7136	33
2578	5889	7158	33
2579	5893	6727	33
2580	5895	6338	33
2581	5895	6338	33
2582	5895	6379	33
2583	5895	6474	33
2584	5895	6730	33
2585	5895	7161	33
2586	5896	6368	33
2587	5896	6425	33
2588	5896	6546	33
2589	5896	6604	33
2590	5896	7160	33
2591	5896	7174	33
2592	5896	7174	33
2593	5897	6425	33
2594	5897	6428	33
2595	5897	6545	33
2596	5897	6922	33
2597	5897	7158	33
2598	5897	7175	33
2599	5897	7178	33
2600	5898	6280	66
2601	5898	6280	66
2602	5898	6280	66
2603	5899	6280	66
2604	5899	6280	66
2605	5899	6280	66
2606	5899	6280	66
2607	5900	6279	66
2608	5900	6279	66
2609	5900	6279	66
2610	5900	6279	66
2611	5900	6279	66
2612	5901	6922	33
2613	5901	7175	33
2614	5909	6280	66
2615	5909	6280	66
2616	5909	6280	66
2617	5909	6319	33
2618	5909	6326	33
2619	5911	6278	66
2620	5911	6278	66
2621	5911	6278	66
2622	5911	6278	66
2623	5911	6278	66
2624	5911	6278	66
2625	5911	6278	66
2626	5911	6278	66
2627	5911	6278	66
2628	5911	6278	66
2629	5911	6278	66
2630	5911	6278	66
2631	5911	6278	66
2632	5911	6278	66
2633	5911	6278	66
2634	5912	6279	66
2635	5913	6278	66
2636	5913	6278	66
2637	5914	6279	66
2638	5914	6279	66
2639	5944	6416	33
2640	5949	6621	33
2641	5949	6621	33
2642	5981	6768	33
2643	5987	6613	33
2644	5994	6549	33
2645	6006	6438	25
2646	6006	7087	33
2647	6012	6566	66
2648	6013	6562	66
2649	6013	6568	66
2650	6013	6568	66
2651	6024	6429	25
2652	6029	6620	50
2653	6030	6620	25
2654	6033	6620	25
2655	6035	6626	33
2656	6036	6570	66
2657	6061	6469	66
2658	6087	6472	33
2659	6091	6469	66
2660	6114	6510	66
2661	6129	6496	33
2662	6131	6494	66
2663	6142	7566	33
2664	6145	6539	33
2665	6151	6768	33
2666	6165	6564	33
2667	6181	6755	66
2668	6181	6768	33
2669	6186	6768	33
2670	6187	6948	33
2671	6187	7484	33
2672	6215	6860	66
2673	6216	6752	33
2674	6227	6977	33
2675	6232	6979	33
2676	6254	6621	25
2677	6267	7520	33
2678	6268	7692	33
2679	6299	7701	30
2680	6303	6671	33
2681	6304	6670	33
2682	6304	6671	33
2683	6316	7407	33
2684	6326	6860	33
2685	6327	6855	33
2686	6327	7207	33
2687	6330	6836	33
2688	6333	7442	33
2689	6333	7442	33
2690	6333	7442	33
2691	6336	6961	33
2692	6336	7207	33
2693	6344	6799	33
2694	6351	6915	33
2695	6351	7541	33
2696	6352	7791	33
2697	6352	7791	33
2698	6352	7791	33
2699	6352	7791	33
2700	6352	7791	33
2701	6352	7791	33
2702	6352	7791	33
2703	6352	7791	33
2704	6352	7791	33
2705	6352	7791	33
2706	6352	7791	33
2707	6353	6845	33
2708	6353	7175	33
2709	6353	7791	33
2710	6353	7791	33
2711	6353	7791	33
2712	6353	7791	33
2713	6353	7791	33
2714	6353	7791	33
2715	6353	7791	33
2716	6353	7791	33
2717	6353	7791	33
2718	6353	7791	33
2719	6353	7791	33
2720	6353	7791	33
2721	6353	7791	33
2722	6353	7791	33
2723	6353	7791	33
2724	6353	7791	33
2725	6353	7791	33
2726	6353	7791	33
2727	6353	7791	33
2728	6353	7791	33
2729	6353	7791	33
2730	6353	7791	33
2731	6353	7791	33
2732	6353	7791	33
2733	6353	7791	33
2734	6353	7791	33
2735	6353	7791	33
2736	6356	7794	33
2737	6356	7794	33
2738	6362	7155	33
2739	6364	6799	33
2740	6365	7038	66
2741	6366	7501	33
2742	6367	7112	33
2743	6368	7518	33
2744	6372	7587	33
2745	6379	7349	33
2746	6379	7406	33
2747	6386	6749	33
2748	6386	7587	33
2749	6387	7277	33
2750	6395	7293	33
2751	6403	7674	30
2752	6406	7186	33
2753	6406	7202	33
2754	6406	7220	33
2755	6422	7791	33
2756	6424	6809	33
2757	6424	7746	66
2758	6433	7847	33
2759	6435	6914	33
2760	6437	6881	33
2761	6437	6923	33
2762	6439	7017	33
2763	6439	7017	33
2764	6439	7017	33
2765	6441	6845	33
2766	6441	6920	33
2767	6441	6922	33
2768	6441	6964	33
2769	6441	7158	33
2770	6441	7158	33
2771	6441	7158	33
2772	6441	7158	33
2773	6441	7158	33
2774	6441	7160	33
2775	6441	7160	33
2776	6441	7160	33
2777	6441	7175	33
2778	6441	7175	33
2779	6441	7178	33
2780	6441	7178	33
2781	6441	7178	33
2782	6441	7492	33
2783	6442	6923	33
2784	6442	6924	33
2785	6442	6924	33
2786	6442	7091	33
2787	6443	6922	33
2788	6443	6922	33
2789	6443	6922	33
2790	6443	6924	33
2791	6443	6924	33
2792	6443	6969	33
2793	6443	6969	33
2794	6443	7882	33
2795	6443	7882	33
2796	6443	7882	33
2797	6443	7882	33
2798	6443	7882	33
2799	6443	7882	33
2800	6443	7882	33
2801	6443	7882	33
2802	6443	7882	33
2803	6443	7882	33
2804	6443	7882	33
2805	6443	7882	33
2806	6443	7882	33
2807	6443	7882	33
2808	6443	7882	33
2809	6443	7882	33
2810	6443	7882	33
2811	6443	7882	33
2812	6443	7882	33
2813	6443	7882	33
2814	6443	7882	33
2815	6443	7882	33
2816	6443	7882	33
2817	6445	7882	33
2818	6445	7882	33
2819	6446	6827	33
2820	6446	6827	33
2821	6446	6918	33
2822	6446	6921	33
2823	6446	6921	33
2824	6446	6922	33
2825	6446	6922	33
2826	6446	7175	33
2827	6446	7175	33
2828	6446	7882	33
2829	6446	7882	33
2830	6446	7882	33
2831	6446	7882	33
2832	6446	7882	33
2833	6446	7882	33
2834	6446	7882	33
2835	6446	7882	33
2836	6446	7882	33
2837	6446	7882	33
2838	6446	7882	33
2839	6446	7882	33
2840	6446	7884	33
2841	6446	7884	33
2842	6447	6918	33
2843	6447	6918	33
2844	6447	7882	33
2845	6447	7882	33
2846	6447	7882	33
2847	6447	7882	33
2848	6447	7882	33
2849	6447	7882	33
2850	6451	7411	66
2851	6457	6929	33
2852	6459	6821	30
2853	6475	7136	33
2854	6475	7158	33
2855	6475	7158	33
2856	6475	7160	33
2857	6475	7178	33
2858	6476	6918	33
2859	6476	6918	33
2860	6476	6921	33
2861	6476	6922	33
2862	6477	6922	33
2863	6477	6924	33
2864	6477	7088	33
2865	6479	6923	33
2866	6481	6875	33
2867	6481	6875	33
2868	6481	6911	33
2869	6481	6916	33
2870	6481	6916	33
2871	6481	6922	33
2872	6481	6922	33
2873	6481	6922	33
2874	6481	6922	33
2875	6481	6922	33
2876	6481	6922	33
2877	6481	6922	33
2878	6481	6922	33
2879	6483	7502	33
2880	6484	6971	33
2881	6484	7193	33
2882	6484	7387	66
2883	6484	7626	66
2884	6484	7685	66
2885	6485	6874	33
2886	6485	6921	33
2887	6485	6934	33
2888	6485	6948	33
2889	6487	6924	33
2890	6490	7363	33
2891	6491	7930	33
2892	6492	6968	33
2893	6494	7441	33
2894	6510	7300	33
2895	6513	7033	33
2896	6513	7285	33
2897	6516	7230	50
2898	6516	7231	33
2899	6531	7268	66
2900	6533	7065	33
2901	6536	7143	33
2902	6536	7152	33
2903	6536	7173	33
2904	6543	7085	66
2905	6543	7086	66
2906	6543	7087	33
2907	6543	7118	66
2908	6543	7118	66
2909	6543	7118	66
2910	6543	7118	66
2911	6543	7145	66
2912	6544	7025	33
2913	6546	7207	33
2914	6548	6920	33
2915	6548	7060	33
2916	6548	7075	33
2917	6552	7002	66
2918	6552	7090	66
2919	6555	6992	33
2920	6560	7058	66
2921	6591	7228	33
2922	6594	7079	33
2923	6601	7140	33
2924	6601	7417	33
2925	6603	7322	25
2926	6605	7151	33
2927	6606	7159	33
2928	6610	7261	66
2929	6617	7267	30
2930	6627	7098	33
2931	6633	6993	33
2932	6633	7063	66
2933	6640	7803	33
2934	6650	7010	66
2935	6664	7237	33
2936	6673	7814	33
2937	6676	7406	66
2938	6686	7680	33
2939	6698	7079	66
2940	6708	7131	33
2941	6708	7160	30
2942	6714	7088	33
2943	6724	7277	66
2944	6726	7280	66
2945	6728	7359	33
2946	6735	7159	33
2947	6736	7540	33
2948	6739	7563	33
2949	6740	7280	66
2950	6743	7175	33
2951	6743	7441	33
2952	6747	7282	66
2953	6749	7158	33
2954	6749	7158	33
2955	6749	7174	33
2956	6751	7481	66
2957	6753	7687	66
2958	6758	7282	66
2959	6761	7685	33
2960	6790	7672	33
2961	6794	7310	33
2962	6797	8232	33
2963	6797	8232	33
2964	6798	7462	66
2965	6808	7310	33
2966	6808	7310	33
2967	6827	7672	33
2968	6829	7806	66
2969	6849	8059	50
2970	6852	8059	50
2971	6852	8059	25
2972	6853	8059	50
2973	6853	8062	25
2974	6857	7554	66
2975	6857	7554	66
2976	6857	7556	66
2977	6871	7476	66
2978	6879	7810	66
2979	6890	7707	66
2980	6898	7328	33
2981	6898	7328	33
2982	6898	7328	33
2983	6902	7675	66
2984	6911	7933	33
2985	6914	8299	33
2986	6922	7406	33
2987	6935	7418	25
2988	6944	7882	33
2989	6964	8120	33
2990	6967	7335	33
2991	6969	8277	33
2992	6972	8287	33
2993	6994	7820	33
2994	7006	8214	66
2995	7028	7449	33
2996	7037	7415	25
2997	7037	7417	25
2998	7038	7649	40
2999	7039	7553	33
3000	7046	7597	66
3001	7046	7597	66
3002	7056	7510	66
3003	7074	7727	30
3004	7088	7930	33
3005	7102	7481	30
3006	7103	8512	33
3007	7155	7572	66
3008	7158	7884	33
3009	7158	8446	33
3010	7158	8446	33
3011	7159	7575	33
3012	7170	8159	33
3013	7171	7584	33
3014	7177	7882	33
3015	7177	7882	33
3016	7203	7585	33
3017	7254	7770	33
3018	7254	7770	33
3019	7269	7665	33
3020	7276	7770	33
3021	7276	7770	33
3022	7291	7675	33
3023	7297	7770	33
3024	7314	7770	33
3025	7322	8581	66
3026	7322	8582	66
3027	7322	8582	66
3028	7332	7793	33
3029	7332	7793	33
3030	7332	7793	33
3031	7332	7793	33
3032	7340	8206	33
3033	7357	8369	33
3034	7358	8619	33
3035	7385	8113	66
3036	7386	8202	33
3037	7386	8232	33
3038	7397	8226	66
3039	7397	8227	66
3040	7397	8227	66
3041	7413	8673	66
3042	7437	7842	66
3043	7446	8277	33
3044	7457	8128	66
3045	7517	8172	66
3046	7517	8172	66
3047	7519	7994	33
3048	7519	7994	33
3049	7519	7994	33
3050	7535	7908	66
3051	7539	8060	25
3052	7562	8059	50
3053	7562	8059	25
3054	7562	8059	25
3055	7562	8201	66
3056	7583	8509	33
3057	7599	8826	66
3058	7658	8059	33
3059	7667	9100	33
3060	7670	8762	33
3061	7672	8160	33
3062	7738	8606	25
3063	7744	8702	50
3064	7753	9185	33
3065	7774	8317	30
3066	7785	8760	33
3067	7791	8585	33
3068	7803	8717	33
3069	7805	8506	33
3070	7805	8876	33
3071	7806	8510	33
3072	7806	8534	33
3073	7812	8487	33
3074	7812	8487	33
3075	7831	8387	33
3076	7832	8211	33
3077	7832	8232	33
3078	7832	8251	33
3079	7832	8655	33
3080	7832	8757	33
3081	7832	8804	33
3082	7832	8928	33
3083	7838	8797	33
3084	7855	8218	33
3085	7856	8218	33
3086	7898	8474	33
3087	7909	8923	33
3088	7915	8433	30
3089	7915	8433	30
3090	7921	8385	66
3091	7922	8385	66
3092	7922	8385	66
3093	7922	8386	66
3094	7923	9064	66
3095	7928	8294	33
3096	7932	8575	33
3097	7932	8575	33
3098	7953	8582	66
3099	7956	8671	33
3100	7958	8702	66
3101	7959	8361	33
3102	7975	8993	33
3103	7975	9389	33
3104	7979	8388	25
3105	7980	8640	33
3106	7981	8703	30
3107	7982	8702	33
3108	7983	8703	50
3109	7986	8745	33
3110	7988	8409	33
3111	7988	8766	33
3112	7989	9199	33
3113	7991	8521	33
3114	8004	8700	33
3115	8011	8702	50
3116	8032	8403	50
3117	8035	9123	33
3118	8043	8427	66
3119	8046	8545	33
3120	8049	8494	33
3121	8091	8553	33
3122	8100	8762	33
3123	8100	8822	33
3124	8108	9036	33
3125	8128	8777	25
3126	8158	8712	66
3127	8172	8822	66
3128	8188	8815	33
3129	8189	8629	33
3130	8189	8815	33
3131	8191	9001	33
3132	8192	8645	33
3133	8204	8854	33
3134	8205	8854	33
3135	8207	8771	66
3136	8210	8582	33
3137	8211	8854	33
3138	8226	9438	66
3139	8227	8734	33
3140	8233	8822	33
3141	8238	9297	66
3142	8252	8830	66
3143	8252	8830	66
3144	8252	8831	66
3145	8252	8831	66
3146	8259	8681	66
3147	8293	9503	25
3148	8294	9502	25
3149	8296	8772	66
3150	8297	9585	33
3151	8304	9051	30
3152	8311	8781	66
3153	8317	9470	33
3154	8319	9621	66
3155	8327	9245	50
3156	8332	8728	66
3157	8334	9470	66
3158	8341	9700	33
3159	8343	8781	66
3160	8347	8781	66
3161	8347	9343	33
3162	8348	9470	33
3163	8359	9555	33
3164	8359	9555	33
3165	8378	8787	66
3166	8384	8910	66
3167	8397	9470	33
3168	8401	8766	66
3169	8405	8766	66
3170	8417	9386	66
3171	8469	9639	33
3172	8485	9173	66
3173	8486	9212	50
3174	8499	9758	66
3175	8501	9394	66
3176	8509	8952	33
3177	8509	8985	33
3178	8516	8944	33
3179	8516	8944	33
3180	8516	8958	33
3181	8516	8958	33
3182	8516	8959	33
3183	8516	8963	33
3184	8516	8963	33
3185	8516	8963	33
3186	8516	8963	33
3187	8516	8975	33
3188	8516	8985	33
3189	8516	8985	33
3190	8517	8944	33
3191	8517	8948	33
3192	8517	8952	33
3193	8517	8975	33
3194	8517	8975	33
3195	8517	8985	33
3196	8518	8944	33
3197	8521	8944	33
3198	8521	8952	33
3199	8521	8952	33
3200	8521	8963	33
3201	8521	8975	33
3202	8521	9099	33
3203	8521	9443	33
3204	8521	9494	66
3205	8521	9545	33
3206	8522	8948	33
3207	8522	8948	33
3208	8522	8948	33
3209	8522	8958	33
3210	8522	8958	33
3211	8522	8963	33
3212	8522	8963	33
3213	8522	9443	33
3214	8522	9589	33
3215	8527	8952	33
3216	8527	8952	33
3217	8527	8963	33
3218	8527	8975	33
3219	8528	8944	33
3220	8528	8958	33
3221	8528	8985	33
3222	8528	9545	33
3223	8528	9545	33
3224	8533	9043	30
3225	8574	9338	33
3226	8583	9129	40
3227	8601	9621	33
3228	8611	9338	33
3229	8611	9341	33
3230	8615	9126	25
3231	8641	9338	33
3232	8642	9341	33
3233	8645	9677	33
3234	8645	9679	33
3235	8673	9661	33
3236	8673	9661	33
3237	8675	9059	66
3238	8680	9343	33
3239	8680	9343	33
3240	8694	9080	66
3241	8713	9502	25
3242	8713	10144	50
3243	8735	10051	25
3244	8762	10021	66
3245	8762	10021	66
3246	8773	10202	50
3247	8779	9174	33
3248	8779	9203	33
3249	8779	9203	33
3250	8779	9203	33
3251	8791	9174	33
3252	8791	9174	33
3253	8791	9174	33
3254	8821	9360	25
3255	8823	9430	66
3256	8832	10168	66
3257	8857	9504	33
3258	8857	9597	33
3259	8863	9396	33
3260	8863	9477	33
3261	8863	10249	33
3262	8881	9364	25
3263	8904	9553	66
3264	8910	9390	33
3265	8911	10202	33
3266	8924	10171	33
3267	8936	10369	33
3268	8938	9389	66
3269	8944	9632	33
3270	8947	9939	33
3271	8968	9449	33
3272	8969	9449	33
3273	8973	9373	33
3274	8984	10142	30
3275	8992	10274	66
3276	8996	10266	66
3277	9005	10085	33
3278	9058	9674	33
3279	9058	9688	33
3280	9086	9963	33
3281	9111	10425	33
3282	9134	9502	50
3283	9139	9571	33
3284	9149	9569	30
3285	9152	9572	30
3286	9164	9577	30
3287	9175	9838	33
3288	9207	10626	33
3289	9230	9618	33
3290	9241	9984	33
3291	9242	10268	33
3292	9246	9926	33
3293	9255	9926	33
3294	9257	9626	33
3295	9257	9926	33
3296	9260	9920	33
3297	9261	10331	33
3298	9268	10352	66
3299	9269	9945	33
3300	9269	10006	33
3301	9269	10014	33
3302	9269	10122	33
3303	9269	10143	33
3304	9274	10443	66
3305	9292	10707	66
3306	9292	10708	66
3307	9303	10630	33
3308	9303	10632	33
3309	9315	10214	33
3310	9359	10145	50
3311	9361	9813	66
3312	9363	10204	25
3313	9364	9876	33
3314	9364	10024	66
3315	9365	10106	25
3316	9371	10447	66
3317	9395	10111	50
3318	9397	10338	33
3319	9421	10141	25
3320	9422	10143	33
3321	9422	10320	25
3322	9424	9964	66
3323	9425	10085	50
3324	9433	9904	33
3325	9433	9928	33
3326	9433	9962	33
3327	9434	9863	33
3328	9436	10141	30
3329	9438	9836	66
3330	9439	9987	33
3331	9451	9960	25
3332	9451	10143	50
3333	9451	10439	33
3334	9473	10413	33
3335	9480	10202	33
3336	9481	10711	66
3337	9482	10202	25
3338	9484	9845	66
3339	9487	9907	33
3340	9487	9907	33
3341	9497	9931	33
3342	9502	10312	33
3343	9518	10584	33
3344	9540	10005	33
3345	9542	10142	66
3346	9546	10280	66
3347	9553	9958	66
3348	9554	10032	66
3349	9556	10605	30
3350	9560	10879	66
3351	9564	10704	66
3352	9574	10038	33
3353	9577	9969	25
3354	9578	10344	66
3355	9584	10714	66
3356	9592	10228	66
3357	9595	10021	25
3358	9611	10073	33
3359	9631	10145	66
3360	9640	10605	66
3361	9649	10032	66
3362	9658	10293	33
3363	9679	10269	33
3364	9687	10293	33
3365	9688	10334	66
3366	9688	10334	66
3367	9688	10334	66
3368	9688	10337	66
3369	9691	10755	33
3370	9708	10591	66
3371	9712	10094	33
3372	9717	10831	66
3373	9733	10940	25
3374	9747	10171	33
3375	9753	10254	30
3376	9774	10134	25
3377	9774	10414	33
3378	9776	10343	66
3379	9815	10835	66
3380	9828	10681	66
3381	9830	10340	66
3382	9834	11140	33
3383	9875	10244	33
3384	9884	11199	66
3385	9900	10718	66
3386	9901	10718	66
3387	9924	11348	33
3388	9950	10390	30
3389	9960	10325	33
3390	9960	10328	33
3391	9965	10510	33
3392	9977	10546	33
3393	9999	10382	33
3394	10010	11436	33
3395	10021	10382	33
3396	10022	10441	33
3397	10037	10465	33
3398	10123	10549	33
3399	10141	10681	66
3400	10152	10940	25
3401	10184	10940	33
3402	10200	11462	66
3403	10201	10619	33
3404	10201	10619	33
3405	10201	10667	33
3406	10201	10667	33
3407	10201	10667	33
3408	10201	10667	33
3409	10202	11460	66
3410	10202	11460	66
3411	10202	11461	66
3412	10207	10667	33
3413	10212	10619	33
3414	10216	10619	33
3415	10220	11642	33
3416	10232	10815	25
3417	10237	11046	33
3418	10237	11092	33
3419	10244	10905	33
3420	10260	11448	33
3421	10261	10815	25
3422	10261	10815	25
3423	10292	10940	25
3424	10319	11611	66
3425	10321	10815	25
3426	10336	10876	33
3427	10337	10969	30
3428	10356	10946	33
3429	10359	10903	66
3430	10365	10940	50
3431	10382	11222	30
3432	10382	11222	30
3433	10397	10789	66
3434	10411	11782	66
3435	10413	10905	33
3436	10423	10931	25
3437	10456	10844	30
3438	10472	10967	66
3439	10475	10875	66
3440	10496	11163	33
3441	10504	11199	33
3442	10507	10873	66
3443	10511	11114	33
3444	10518	11756	33
3445	10525	11093	33
3446	10534	10917	66
3447	10551	10995	25
3448	10555	11262	33
3449	10561	11262	33
3450	10593	11446	30
3451	10626	11213	66
3452	10651	11733	33
3453	10681	11163	33
3454	10683	11596	25
3455	10684	11692	33
3456	10688	11655	33
3457	10688	11668	33
3458	10688	11980	33
3459	10693	11366	33
3460	10693	11366	33
3461	10693	11373	33
3462	10693	11373	33
3463	10693	11385	33
3464	10693	11402	33
3465	10695	11370	33
3466	10695	11628	33
3467	10696	11606	33
3468	10697	11057	33
3469	10702	11651	33
3470	10702	12000	33
3471	10706	11964	33
3472	10732	11307	50
3473	10735	11163	33
3474	10741	11581	50
3475	10742	11582	33
3476	10744	11884	66
3477	10745	11119	66
3478	10748	11649	25
3479	10771	11664	33
3480	10778	11833	66
3481	10778	11833	66
3482	10792	11725	66
3483	10801	11200	66
3484	10801	11200	66
3485	10801	11286	33
3486	10803	11464	66
3487	10803	11803	33
3488	10803	11803	33
3489	10804	11283	33
3490	10804	11773	33
3491	10810	11352	33
3492	10810	11353	66
3493	10810	12025	33
3494	10813	12016	33
3495	10816	11850	33
3496	10831	11763	33
3497	10834	11548	33
3498	10834	11955	33
3499	10861	11238	33
3500	10861	11581	25
3501	10865	11795	33
3502	10868	11298	66
3503	10871	11304	33
3504	10871	11352	33
3505	10871	11436	33
3506	10871	11436	33
3507	10874	11439	33
3508	10875	11517	33
3509	10888	11614	66
3510	10888	11614	66
3511	10888	11614	66
3512	10900	11526	33
3513	10900	11526	33
3514	10902	11956	33
3515	10906	11506	33
3516	10921	11643	33
3517	10921	11749	33
3518	10922	11821	25
3519	10924	11513	25
3520	10925	11643	33
3521	10926	11298	33
3522	10929	11553	33
3523	10936	11583	33
3524	10940	11886	33
3525	10951	11701	33
3526	10971	11791	30
3527	10972	11805	33
3528	10973	11847	66
3529	10975	12176	66
3530	10982	11583	66
3531	11005	11702	33
3532	11009	11909	66
3533	11011	11533	30
3534	11027	12222	66
3535	11027	12222	66
3536	11062	11636	66
3537	11065	12124	66
3538	11074	12044	66
3539	11074	12044	66
3540	11077	11642	50
3541	11096	12380	25
3542	11097	12226	66
3543	11125	12029	66
3544	11125	12029	66
3545	11127	11552	33
3546	11127	11940	33
3547	11127	12029	66
3548	11128	11583	33
3549	11128	11668	33
3550	11134	11864	33
3551	11135	11717	33
3552	11138	11886	66
3553	11157	12196	66
3554	11161	11526	33
3555	11161	11597	33
3556	11166	11669	33
3557	11171	11596	50
3558	11173	12380	25
3559	11178	11719	33
3560	11194	11597	66
3561	11197	11557	33
3562	11202	11859	33
3563	11204	12380	25
3564	11218	12324	66
3565	11221	11668	33
3566	11226	11597	66
3567	11226	11597	66
3568	11247	12158	66
3569	11271	12693	33
3570	11275	11706	33
3571	11276	12339	33
3572	11283	12003	33
3573	11290	11668	33
3574	11297	11751	66
3575	11328	12173	66
3576	11348	12050	33
3577	11356	12380	25
3578	11360	12646	33
3579	11375	12380	25
3580	11387	12339	33
3581	11387	12339	33
3582	11388	11864	33
3583	11388	11864	33
3584	11388	11864	33
3585	11388	11890	33
3586	11388	11890	33
3587	11388	11966	33
3588	11388	11967	33
3589	11388	12339	33
3590	11388	12339	33
3591	11388	12341	33
3592	11388	12341	33
3593	11388	12341	33
3594	11391	11884	33
3595	11391	11884	33
3596	11391	11890	33
3597	11391	11967	33
3598	11391	12339	33
3599	11391	12339	33
3600	11391	12339	33
3601	11391	12339	33
3602	11391	12339	33
3603	11392	11864	33
3604	11392	11864	33
3605	11392	11890	33
3606	11392	11896	33
3607	11392	12339	33
3608	11392	12339	33
3609	11392	12341	33
3610	11392	12341	33
3611	11392	12341	33
3612	11392	12380	25
3613	11404	11857	33
3614	11409	11855	33
3615	11416	12815	66
3616	11427	11967	33
3617	11427	12339	33
3618	11427	12341	33
3619	11427	12341	33
3620	11435	12380	25
3621	11440	11974	66
3622	11440	11974	66
3623	11440	11974	66
3624	11449	12104	66
3625	11476	11864	33
3626	11476	11870	33
3627	11476	11870	33
3628	11476	11875	33
3629	11476	11876	33
3630	11476	11876	33
3631	11476	12340	33
3632	11477	12339	33
3633	11477	12339	33
3634	11477	12339	33
3635	11507	11870	33
3636	11507	11875	33
3637	11507	11875	33
3638	11507	11884	33
3639	11507	11966	33
3640	11507	11967	33
3641	11507	12341	33
3642	11515	11910	30
3643	11524	12380	25
3644	11531	12867	33
3645	11537	12723	66
3646	11537	12723	66
3647	11552	12062	30
3648	11552	12062	30
3649	11581	12121	66
3650	11600	11985	33
3651	11625	12380	25
3652	11631	12091	33
3653	11641	12091	33
3654	11641	12091	33
3655	11642	12076	66
3656	11642	12902	66
3657	11651	12996	66
3658	11691	12842	33
3659	11692	12412	33
3660	11692	12475	33
3661	11725	12115	33
3662	11741	12269	66
3663	11743	12455	33
3664	11750	12128	33
3665	11752	12154	33
3666	11764	12973	33
3667	11802	12551	33
3668	11810	12549	33
3669	11825	12562	33
3670	11828	12467	66
3671	11879	12426	33
3672	11919	13146	66
3673	11946	12550	33
3674	11956	12566	66
3675	11965	12880	33
3676	11981	12400	30
3677	12045	12450	30
3678	12068	13033	66
3679	12068	13500	33
3680	12072	12800	33
3681	12099	12516	33
3682	12105	13080	33
3683	12122	12599	33
3684	12122	12599	33
3685	12124	13105	33
3686	12127	12800	33
3687	12136	12795	33
3688	12137	12501	33
3689	12137	12501	33
3690	12137	12501	33
3691	12137	12599	33
3692	12137	12800	33
3693	12138	12599	33
3694	12138	12599	33
3695	12138	12599	33
3696	12146	12913	33
3697	12146	13130	33
3698	12146	13146	33
3699	12146	13181	33
3700	12168	12629	66
3701	12170	13025	33
3702	12172	13494	33
3703	12179	12599	33
3704	12182	13173	33
3705	12183	13461	66
3706	12184	13085	66
3707	12184	13206	66
3708	12195	12599	33
3709	12210	13145	66
3710	12210	13160	66
3711	12215	12712	33
3712	12218	12998	33
3713	12240	12969	33
3714	12241	12738	66
3715	12241	12738	66
3716	12241	12738	66
3717	12241	12739	66
3718	12241	12739	66
3719	12244	12964	66
3720	12254	13038	33
3721	12254	13053	33
3722	12254	13067	33
3723	12270	12673	66
3724	12272	13021	30
3725	12273	13022	33
3726	12285	12993	33
3727	12298	12996	66
3728	12300	12960	33
3729	12301	13140	66
3730	12301	13140	66
3731	12301	13140	66
3732	12301	13142	33
3733	12302	13200	25
3734	12310	13383	33
3735	12310	13391	33
3736	12310	13434	33
3737	12313	12911	33
3738	12316	12726	33
3739	12316	12787	33
3740	12316	12804	33
3741	12316	12875	33
3742	12316	12936	33
3743	12318	12846	33
3744	12325	13249	66
3745	12325	13427	66
3746	12330	12882	33
3747	12343	12723	66
3748	12343	12995	66
3749	12351	12947	33
3750	12356	13036	66
3751	12359	12809	33
3752	12359	12825	33
3753	12360	13082	33
3754	12361	13075	25
3755	12365	12839	66
3756	12380	12921	25
3757	12388	13380	33
3758	12389	12969	33
3759	12404	13400	33
3760	12423	13389	33
3761	12424	13660	33
3762	12425	13660	33
3763	12425	13660	33
3764	12432	12813	33
3765	12446	12837	33
3766	12468	13551	33
3767	12473	12962	33
3768	12473	12962	33
3769	12473	12962	33
3770	12473	12962	33
3771	12475	13409	33
3772	12480	12961	25
3773	12485	13023	33
3774	12487	12994	66
3775	12491	13544	66
3776	12494	12940	30
3777	12496	12982	33
3778	12497	12925	66
3779	12503	13563	66
3780	12519	13582	66
3781	12534	12993	33
3782	12535	12900	66
3783	12558	13573	66
3784	12560	13740	33
3785	12567	13740	33
3786	12571	13222	66
3787	12575	13000	66
3788	12575	13683	66
3789	12588	13646	66
3790	12601	13033	33
3791	12605	13473	33
3792	12605	13473	33
3793	12605	13820	50
3794	12650	13014	33
3795	12660	13550	33
3796	12669	13659	33
3797	12683	13059	33
3798	12695	13662	25
3799	12696	13820	33
3800	12696	13820	33
3801	12705	13283	33
3802	12721	13211	66
3803	12723	13238	40
3804	12774	13211	66
3805	12848	13487	66
3806	12857	13219	50
3807	12879	13896	33
3808	12901	13287	33
3809	12913	13278	33
3810	12916	13880	66
3811	12994	13505	66
3812	13003	13418	33
3813	13006	13418	33
3814	13011	13546	66
3815	13021	13561	66
3816	13033	13820	25
3817	13081	13570	33
3818	13082	13570	33
3819	13086	13570	33
3820	13095	14150	66
3821	13111	13852	33
3822	13121	13941	33
3823	13121	14002	33
3824	13129	13893	33
3825	13132	13899	30
3826	13132	14012	33
3827	13145	13641	66
3828	13197	13780	66
3829	13201	13698	25
3830	13207	13698	25
3831	13269	13952	66
3832	13322	14702	50
3833	13341	13947	33
3834	13356	14194	33
3835	13396	14310	66
3836	13461	13939	30
3837	13508	14941	33
3838	13517	13902	66
3839	13546	14149	66
3840	13593	13961	66
3841	13622	13991	66
3842	13624	14645	66
3843	13650	14580	66
3844	13650	14794	33
3845	13662	14231	33
3846	13662	14231	33
3847	13663	14231	33
3848	13681	14161	66
3849	13681	14161	66
3850	13681	14161	66
3851	13684	14584	66
3852	13684	14703	33
3853	13693	15091	33
3854	13711	14420	66
3855	13711	15087	33
3856	13712	14178	66
3857	13744	14345	66
3858	13746	14294	66
3859	13757	15166	33
3860	13764	14282	66
3861	13780	14396	33
3862	13780	15080	33
3863	13782	15083	33
3864	13809	14261	33
3865	13812	14243	33
3866	13817	14234	66
3867	13817	14234	66
3868	13863	14763	33
3869	13881	14365	33
3870	13881	14365	33
3871	13897	14339	30
3872	13900	14949	66
3873	13906	15004	66
3874	13912	14365	33
3875	13926	15195	66
3876	13948	15007	66
3877	13957	14962	66
3878	13968	14679	33
3879	13968	14813	33
3880	13972	15088	66
3881	13972	15088	66
3882	13972	15088	66
3883	13979	15134	66
3884	14022	14767	33
3885	14041	14469	66
3886	14041	14469	66
3887	14041	14469	66
3888	14052	14484	66
3889	14059	15261	66
3890	14066	14700	66
3891	14091	14968	33
3892	14092	15110	30
3893	14101	14484	66
3894	14101	14484	66
3895	14101	14484	66
3896	14161	15241	66
3897	14177	14576	66
3898	14193	14916	33
3899	14212	14802	33
3900	14238	15012	33
3901	14273	14767	66
3902	14296	14767	66
3903	14341	14713	33
3904	14341	14715	33
3905	14358	15221	30
3906	14359	15077	30
3907	14401	14946	33
3908	14411	15035	33
3909	14446	14876	66
3910	14461	14872	33
3911	14461	15001	66
3912	14464	14984	33
3913	14464	14984	33
3914	14477	15504	66
3915	14479	15109	30
3916	14503	15012	33
3917	14509	14875	33
3918	14509	14875	33
3919	14509	14875	33
3920	14511	14984	33
3921	14513	14896	33
3922	14514	14984	33
3923	14521	14984	33
3924	14521	14984	33
3925	14523	14984	33
3926	14536	14921	66
3927	14536	14921	66
3928	14611	14997	66
3929	14626	15010	66
3930	14626	15010	66
3931	14641	15096	25
3932	14647	15100	25
3933	14701	15466	66
3934	14769	15259	33
3935	14772	15731	30
3936	14773	15431	30
3937	14774	15181	33
3938	14775	15396	30
3939	14779	16184	30
3940	14844	16036	33
3941	14856	16041	33
3942	14860	16038	33
3943	14860	16038	33
3944	14860	16051	33
3945	14866	15782	66
3946	14878	15592	66
3947	14883	15312	33
3948	14886	15310	33
3949	14894	15800	66
3950	14912	15990	30
3951	14924	15437	66
3952	14924	15437	66
3953	14929	15473	33
3954	14941	15396	33
3955	14953	16391	33
3956	14956	15545	33
3957	15002	15545	33
3958	15003	16028	33
3959	15047	15686	66
3960	15060	15540	40
3961	15061	15901	50
3962	15065	15545	33
3963	15066	15545	33
3964	15070	15545	33
3965	15121	15869	66
3966	15121	15869	66
3967	15121	15870	66
3968	15121	15870	66
3969	15128	16522	33
3970	15139	15525	66
3971	15151	16309	33
3972	15177	16606	33
3973	15177	16606	33
3974	15183	16123	33
3975	15184	15666	66
3976	15184	15726	66
3977	15235	15732	66
3978	15235	16334	33
3979	15251	15872	33
3980	15274	15726	33
3981	15293	15996	33
3982	15300	15732	66
3983	15317	15821	33
3984	15337	15704	66
3985	15343	16174	33
3986	15343	16341	33
3987	15344	16581	66
3988	15356	16268	66
3989	15360	16262	33
3990	15373	16181	33
3991	15373	16181	33
3992	15373	16181	33
3993	15373	16181	33
3994	15394	16374	66
3995	15409	15803	33
3996	15409	16134	33
3997	15423	15814	33
3998	15424	16160	33
3999	15424	16373	33
4000	15424	16464	33
4001	15424	16464	33
4002	15425	16359	66
4003	15444	15945	66
4004	15444	15946	66
4005	15444	15947	66
4006	15453	15894	33
4007	15476	16734	66
4008	15477	16494	66
4009	15481	16459	66
4010	15482	16116	66
4011	15491	16183	33
4012	15540	15902	33
4013	15547	16435	33
4014	15571	15983	33
4015	15594	16410	33
4016	15607	15970	66
4017	15608	16128	33
4018	15620	16016	30
4019	15661	16128	33
4020	15661	16128	33
4021	15661	16483	33
4022	15661	16506	33
4023	15665	16101	33
4024	15665	16200	33
4025	15668	16128	33
4026	15668	16128	33
4027	15669	16128	33
4028	15717	16109	66
4029	15721	16226	66
4030	15721	16540	33
4031	15742	16652	33
4032	15742	16652	33
4033	15751	16316	66
4034	15753	16274	33
4035	15773	16159	33
4036	15781	16162	33
4037	15781	16506	33
4038	15782	16274	33
4039	15785	16155	33
4040	15786	16274	33
4041	15796	16274	33
4042	15843	16564	33
4043	15858	16377	66
4044	15863	16381	66
4045	15871	16922	33
4046	15874	16235	33
4047	15915	17002	66
4048	15916	16354	33
4049	15917	16354	33
4050	15962	17220	66
4051	15962	17221	66
4052	15972	16506	33
4053	15976	16451	66
4054	16006	16665	33
4055	16006	16665	33
4056	16025	16459	33
4057	16026	16543	25
4058	16027	16483	33
4059	16027	16540	33
4060	16034	16739	33
4061	16034	16739	33
4062	16034	16786	33
4063	16034	16786	33
4064	16034	16802	33
4065	16038	16475	33
4066	16041	16646	33
4067	16075	16567	25
4068	16081	16543	25
4069	16082	16912	66
4070	16085	16481	66
4071	16085	16911	66
4072	16087	16540	33
4073	16087	17167	33
4074	16097	16459	66
4075	16097	17424	66
4076	16100	16604	25
4077	16107	16629	66
4078	16123	16703	66
4079	16131	16545	33
4080	16131	16893	50
4081	16142	16599	66
4082	16143	16981	30
4083	16154	16649	33
4084	16165	16706	33
4085	16169	17376	33
4086	16171	16552	66
4087	16179	16722	33
4088	16179	16722	33
4089	16192	17468	66
4090	16204	16649	33
4091	16214	17004	33
4092	16241	17205	33
4093	16256	17023	33
4094	16259	16649	33
4095	16268	16921	66
4096	16270	16968	25
4097	16273	16771	33
4098	16273	16833	33
4099	16273	16880	33
4100	16276	16710	25
4101	16291	16656	66
4102	16312	16690	33
4103	16313	16725	30
4104	16316	17018	33
4105	16317	17027	66
4106	16326	16763	33
4107	16358	17124	66
4108	16359	17624	66
4109	16360	17624	66
4110	16397	16766	66
4111	16399	17745	33
4112	16400	16855	30
4113	16400	17245	33
4114	16400	17726	33
4115	16402	17135	66
4116	16402	17825	33
4117	16406	17228	66
4118	16414	17139	30
4119	16415	17037	33
4120	16443	17356	33
4121	16452	17794	33
4122	16453	16940	33
4123	16463	17124	33
4124	16464	16839	33
4125	16464	16839	33
4126	16464	16864	33
4127	16464	16868	33
4128	16464	16884	33
4129	16464	17032	66
4130	16464	17069	33
4131	16464	17414	33
4132	16464	17421	33
4133	16464	17424	33
4134	16464	17717	33
4135	16464	17835	33
4136	16476	16914	33
4137	16530	17474	66
4138	16537	17968	30
4139	16558	17580	33
4140	16561	16970	33
4141	16561	17269	66
4142	16561	17269	66
4143	16561	17269	66
4144	16561	17270	66
4145	16561	17270	66
4146	16565	17305	25
4147	16565	17374	33
4148	16566	17564	33
4149	16571	16933	33
4150	16585	17211	30
4151	16591	17341	30
4152	16596	17491	33
4153	16606	17252	33
4154	16616	17083	33
4155	16616	17114	33
4156	16620	17460	66
4157	16623	17830	33
4158	16624	17044	33
4159	16624	17155	33
4160	16624	17830	33
4161	16624	17832	33
4162	16627	17127	33
4163	16627	17205	33
4164	16629	17431	66
4165	16630	17123	66
4166	16630	17123	66
4167	16630	17324	66
4168	16630	17605	66
4169	16630	17606	66
4170	16631	17444	33
4171	16636	17002	33
4172	16637	17065	33
4173	16640	17342	30
4174	16650	17670	26
4175	16654	17144	33
4176	16671	17324	66
4177	16672	17325	66
4178	16677	17144	33
4179	16680	17282	33
4180	16681	17101	50
4181	16681	17211	33
4182	16682	17402	33
4183	16683	17324	66
4184	16686	17176	33
4185	16686	17176	33
4186	16686	17192	33
4187	16686	17238	33
4188	16686	17238	33
4189	16686	17268	33
4190	16693	17764	33
4191	16709	17881	33
4192	16710	17128	33
4193	16710	17138	33
4194	16713	17123	66
4195	16717	17486	33
4196	16721	17275	33
4197	16723	17838	33
4198	16723	17838	33
4199	16724	17508	66
4200	16724	17838	33
4201	16726	17275	33
4202	16729	17402	66
4203	16739	18054	66
4204	16741	17137	33
4205	16745	17160	33
4206	16745	17275	33
4207	16747	17274	33
4208	16747	17275	33
4209	16755	17495	66
4210	16757	17184	66
4211	16766	17275	33
4212	16767	17913	33
4213	16767	17913	33
4214	16767	17913	33
4215	16769	17158	33
4216	16771	18057	66
4217	16785	17341	33
4218	16806	17184	66
4219	16809	17235	50
4220	16811	17799	66
4221	16811	17893	66
4222	16819	17354	33
4223	16819	17655	33
4224	16825	17368	33
4225	16826	17281	33
4226	16826	17342	33
4227	16826	17761	30
4228	16831	17291	33
4229	16841	17203	66
4230	16860	17240	33
4231	16860	17255	33
4232	16860	17255	33
4233	16865	17654	50
4234	16866	17403	66
4235	16875	17552	33
4236	16884	17883	66
4237	16891	17598	33
4238	16893	17321	33
4239	16893	17352	33
4240	16893	17367	33
4241	16895	17403	50
4242	16900	17414	33
4243	16900	17414	33
4244	16900	17460	33
4245	16900	17475	33
4246	16900	17521	33
4247	16908	17439	25
4248	16913	17273	33
4249	16913	17274	33
4250	16921	17701	33
4251	16928	17296	66
4252	16929	17296	66
4253	16954	17505	33
4254	16968	17497	30
4255	16979	17614	33
4256	16985	17374	66
4257	16986	17385	50
4258	16986	17385	50
4259	17002	17685	50
4260	17026	17400	33
4261	17057	17900	66
4262	17075	18422	33
4263	17076	18022	33
4264	17093	18003	33
4265	17093	18003	33
4266	17093	18003	33
4267	17093	18003	33
4268	17093	18003	33
4269	17093	18003	33
4270	17100	17701	25
4271	17164	17591	33
4272	17170	17769	33
4273	17170	17769	33
4274	17180	17936	33
4275	17187	17601	33
4276	17251	17621	66
4277	17280	18337	33
4278	17280	18347	33
4279	17292	17784	33
4280	17301	17746	33
4281	17330	18439	66
4282	17371	18001	33
4283	17391	17870	33
4284	17397	17778	50
4285	17397	18555	66
4286	17401	17837	33
4287	17402	18660	66
4288	17402	18661	66
4289	17403	17940	50
4290	17405	18721	25
4291	17416	17870	33
4292	17430	17870	33
4293	17430	17870	33
4294	17430	17870	33
4295	17445	18108	66
4296	17449	18272	50
4297	17450	18156	33
4298	17450	18234	33
4299	17450	18250	33
4300	17461	18071	66
4301	17461	18182	33
4302	17461	18183	33
4303	17461	18183	33
4304	17463	18000	25
4305	17463	18163	33
4306	17464	17838	30
4307	17471	17861	33
4308	17492	18261	33
4309	17493	18752	66
4310	17503	18301	33
4311	17506	17982	66
4312	17521	18000	25
4313	17521	18000	25
4314	17521	18000	25
4315	17531	18095	25
4316	17561	18273	30
4317	17595	18163	33
4318	17595	18167	33
4319	17595	18183	33
4320	17599	18102	66
4321	17603	18167	33
4322	17603	18171	33
4323	17603	18171	33
4324	17603	18183	33
4325	17605	18171	33
4326	17606	18167	33
4327	17606	18171	33
4328	17606	18182	33
4329	17606	18183	33
4330	17607	18167	33
4331	17607	18183	33
4332	17619	18032	33
4333	17619	18080	33
4334	17619	18109	33
4335	17619	18126	33
4336	17624	18420	66
4337	17642	19021	50
4338	17647	18181	33
4339	17647	18254	33
4340	17657	18178	33
4341	17658	18225	60
4342	17661	18690	33
4343	17674	18196	33
4344	17674	18198	33
4345	17687	18173	33
4346	17701	19078	66
4347	17705	18213	66
4348	17705	18213	66
4349	17711	18173	33
4350	17711	18173	33
4351	17738	18350	30
4352	17761	18268	25
4353	17778	18140	25
4354	17821	19196	66
4355	17848	19282	33
4356	17851	18554	33
4357	17857	18581	30
4358	17861	18380	33
4359	17883	18571	33
4360	17883	18796	33
4361	17888	18560	33
4362	17892	18598	33
4363	17892	18745	33
4364	17892	18989	33
4365	17892	19225	33
4366	17893	18950	33
4367	17893	19076	33
4368	17893	19127	33
4369	17895	18873	33
4370	17895	18932	33
4371	17898	18355	30
4372	17902	19176	33
4373	17904	18925	33
4374	17906	18303	33
4375	17906	18534	33
4376	17906	18857	33
4377	17919	18653	30
4378	17942	18496	33
4379	17942	18496	33
4380	17943	19026	33
4381	17944	19265	66
4382	17944	19266	66
4383	17947	19201	33
4384	17995	18786	50
4385	18001	18408	66
4386	18002	18407	66
4387	18002	18407	66
4388	18002	18407	66
4389	18002	18407	66
4390	18002	18407	66
4391	18002	18407	66
4392	18002	18407	66
4393	18002	18407	66
4394	18002	18408	66
4395	18002	18408	66
4396	18002	18408	66
4397	18002	18408	66
4398	18002	18408	66
4399	18004	18666	66
4400	18011	18777	33
4401	18011	18796	33
4402	18011	19426	33
4403	18014	18436	33
4404	18018	18520	66
4405	18018	18520	66
4406	18018	18616	33
4407	18019	19101	66
4408	18024	18785	33
4409	18025	18424	33
4410	18027	19347	30
4411	18030	18403	33
4412	18031	18609	33
4413	18031	18640	33
4414	18031	18703	33
4415	18041	18763	50
4416	18048	18790	66
4417	18050	18439	66
4418	18061	18900	66
4419	18061	18900	66
4420	18063	19057	33
4421	18066	18527	33
4422	18066	18618	33
4423	18066	19196	33
4424	18066	19409	33
4425	18071	18442	33
4426	18071	18489	33
4427	18071	18680	33
4428	18071	18700	33
4429	18071	18700	33
4430	18081	18722	33
4431	18084	18629	33
4432	18084	19321	33
4433	18087	18658	66
4434	18087	18658	66
4435	18087	18659	66
4436	18087	18659	66
4437	18087	18659	66
4438	18087	18659	66
4439	18088	18659	66
4440	18091	18847	30
4441	18097	18475	66
4442	18104	19360	33
4443	18120	18785	66
4444	18121	18660	33
4445	18121	18680	33
4446	18125	19088	33
4447	18130	18629	33
4448	18130	18763	33
4449	18130	19295	33
4450	18135	18551	33
4451	18140	19059	33
4452	18140	19073	33
4453	18140	19089	33
4454	18140	19121	33
4455	18162	19551	33
4456	18168	18938	30
4457	18176	18635	33
4458	18187	19098	33
4459	18190	18785	66
4460	18192	18597	30
4461	18193	19371	66
4462	18208	19119	66
4463	18220	18722	66
4464	18228	19513	66
4465	18245	18680	66
4466	18245	18709	33
4467	18247	19423	66
4468	18249	18680	66
4469	18249	19021	50
4470	18255	18998	66
4471	18255	18998	66
4472	18257	18722	66
4473	18262	18749	25
4474	18265	19384	66
4475	18275	18662	33
4476	18276	18846	30
4477	18283	19458	33
4478	18289	18824	33
4479	18291	19456	33
4480	18296	18793	33
4481	18310	18736	50
4482	18317	18722	33
4483	18317	18734	33
4484	18323	18902	33
4485	18336	19492	33
4486	18336	19492	33
4487	18341	19262	66
4488	18342	18792	25
4489	18359	18736	50
4490	18371	18892	33
4491	18376	19731	33
4492	18379	19568	66
4493	18393	18797	66
4494	18394	19419	66
4495	18397	18796	33
4496	18397	18796	33
4497	18406	19243	66
4498	18411	18938	66
4499	18413	18785	66
4500	18413	18785	66
4501	18413	18785	66
4502	18417	18786	66
4503	18417	18786	66
4504	18417	18937	66
4505	18421	18874	33
4506	18425	18787	25
4507	18430	19455	66
4508	18459	19433	66
4509	18483	19310	66
4510	18487	18924	66
4511	18491	18874	33
4512	18492	18874	33
4513	18492	18874	33
4514	18493	19403	66
4515	18497	18879	33
4516	18506	18874	33
4517	18510	19206	33
4518	18511	19196	66
4519	18517	18910	33
4520	18535	19197	66
4521	18535	19197	66
4522	18536	19106	66
4523	18536	19106	66
4524	18557	19360	66
4525	18560	19052	66
4526	18578	19321	66
4527	18605	19041	33
4528	18661	19429	33
4529	18661	19948	33
4530	18678	19053	33
4531	18678	19754	33
4532	18712	19434	33
4533	18722	19763	33
4534	18747	19243	30
4535	18754	20160	66
4536	18758	19171	66
4537	18758	19341	30
4538	18762	20160	66
4539	18781	19321	66
4540	18783	19207	25
4541	18787	19450	66
4542	18788	20160	25
4543	18790	19487	33
4544	18790	19487	33
4545	18790	19487	33
4546	18790	19487	33
4547	18790	19487	33
4548	18790	19487	33
4549	18790	19487	33
4550	18790	19487	33
4551	18790	19487	33
4552	18790	19487	33
4553	18790	19487	33
4554	18790	19487	33
4555	18790	19487	33
4556	18790	19487	33
4557	18790	19487	33
4558	18790	19487	33
4559	18790	19487	33
4560	18790	19487	33
4561	18790	19487	33
4562	18790	19487	33
4563	18791	19487	33
4564	18791	19487	33
4565	18791	19487	33
4566	18791	19487	33
4567	18791	19487	33
4568	18791	19487	33
4569	18791	19487	33
4570	18792	20160	25
4571	18793	20160	25
4572	18797	19233	66
4573	18824	20160	33
4574	18825	20160	33
4575	18829	19238	33
4576	18832	20160	66
4577	18842	20101	66
4578	18847	19752	33
4579	18853	19345	33
4580	18853	19345	33
4581	18853	19345	33
4582	18859	19377	66
4583	18866	20160	33
4584	18866	20160	33
4585	18866	20160	33
4586	18866	20160	33
4587	18866	20160	33
4588	18866	20160	33
4589	18866	20160	33
4590	18866	20160	33
4591	18866	20160	33
4592	18866	20160	33
4593	18866	20160	33
4594	18866	20160	33
4595	18866	20160	33
4596	18866	20160	33
4597	18866	20160	33
4598	18866	20160	33
4599	18888	19651	25
4600	18890	20160	66
4601	18893	19487	33
4602	18893	19487	33
4603	18893	19487	33
4604	18893	19487	33
4605	18893	19487	33
4606	18893	19487	33
4607	18893	19487	33
4608	18903	20160	33
4609	18911	19661	33
4610	18911	19786	33
4611	18914	20160	33
4612	18915	20160	66
4613	18919	20160	66
4614	18920	20160	66
4615	18931	19296	33
4616	18935	19754	33
4617	18946	19806	33
4618	18946	20160	33
4619	18946	20160	33
4620	18946	20160	33
4621	18946	20160	33
4622	18946	20160	33
4623	18946	20160	33
4624	18946	20160	33
4625	18947	19478	33
4626	18947	19478	33
4627	18947	19806	33
4628	18947	19806	33
4629	18947	19806	33
4630	18947	19806	33
4631	18947	19806	33
4632	18947	19807	33
4633	18947	19807	33
4634	18947	19807	33
4635	18947	19807	33
4636	18947	20160	33
4637	18947	20160	33
4638	18947	20160	33
4639	18947	20160	33
4640	18947	20160	33
4641	18947	20160	33
4642	18947	20160	33
4643	18947	20160	33
4644	18947	20160	33
4645	18947	20160	33
4646	18947	20160	33
4647	18947	20160	33
4648	18947	20160	33
4649	18947	20160	33
4650	18947	20160	33
4651	18947	20160	33
4652	18947	20160	33
4653	18947	20160	33
4654	18947	20160	33
4655	18947	20160	33
4656	18947	20160	33
4657	18947	20160	33
4658	18947	20160	33
4659	18947	20160	33
4660	18947	20160	33
4661	18947	20160	33
4662	18947	20160	33
4663	18947	20160	33
4664	18947	20160	33
4665	18947	20160	33
4666	18947	20160	33
4667	18947	20160	33
4668	18947	20160	33
4669	18947	20160	33
4670	18947	20160	33
4671	18947	20160	33
4672	18947	20160	33
4673	18947	20160	33
4674	18947	20160	33
4675	18947	20160	33
4676	18947	20160	33
4677	18947	20160	33
4678	18948	19322	33
4679	18948	19355	33
4680	18948	19485	33
4681	18948	19592	33
4682	18948	19809	33
4683	18948	19809	33
4684	18948	19809	33
4685	18948	19816	33
4686	18948	19865	33
4687	18948	19927	33
4688	18948	20160	33
4689	18948	20160	33
4690	18948	20160	33
4691	18948	20160	33
4692	18948	20160	33
4693	18948	20160	33
4694	18948	20160	33
4695	18948	20160	33
4696	18948	20160	33
4697	18948	20160	33
4698	18948	20160	33
4699	18948	20160	33
4700	18948	20160	33
4701	18948	20160	33
4702	18948	20160	33
4703	18948	20160	33
4704	18948	20160	33
4705	18948	20160	33
4706	18948	20160	33
4707	18948	20160	33
4708	18948	20160	33
4709	18948	20160	33
4710	18948	20160	33
4711	18957	20160	33
4712	18961	19442	25
4713	18968	19923	33
4714	18968	20160	33
4715	18988	20160	66
4716	18991	19904	66
4717	19014	20160	33
4718	19023	19795	66
4719	19030	20160	33
4720	19046	20160	33
4721	19047	20160	33
4722	19049	19475	33
4723	19066	19530	66
4724	19069	19856	25
4725	19072	20160	66
4726	19081	20099	66
4727	19082	20160	33
4728	19091	19548	33
4729	19096	19816	66
4730	19097	19835	66
4731	19112	20160	33
4732	19127	20160	40
4733	19139	20140	33
4734	19140	20160	33
4735	19140	20160	33
4736	19140	20160	33
4737	19151	20160	33
4738	19151	20160	33
4739	19151	20160	33
4740	19158	20160	40
4741	19159	19523	33
4742	19169	20144	33
4743	19169	20160	33
4744	19175	20160	66
4745	19177	20160	33
4746	19191	20160	33
4747	19200	19865	66
4748	19200	19865	66
4749	19207	19827	33
4750	19209	19805	33
4751	19213	20160	25
4752	19214	20160	25
4753	19214	20160	30
4754	19214	20160	50
4755	19216	20160	33
4756	19218	19934	33
4757	19222	20160	33
4758	19231	20160	33
4759	19232	20160	30
4760	19236	19843	66
4761	19250	20059	33
4762	19251	20160	33
4763	19267	20160	33
4764	19277	20046	66
4765	19289	19928	33
4766	19294	20160	33
4767	19309	20160	33
4768	19310	20160	33
4769	19311	20146	33
4770	19321	20160	33
4771	19321	20160	33
4772	19322	19779	33
4773	19322	19779	33
4774	19325	19927	33
4775	19326	20160	33
4776	19326	20160	33
4777	19328	20160	33
4778	19328	20160	33
4779	19332	20002	33
4780	19332	20007	33
4781	19332	20040	33
4782	19332	20160	33
4783	19332	20160	33
4784	19332	20160	33
4785	19332	20160	33
4786	19332	20160	33
4787	19334	20160	33
4788	19336	20025	66
4789	19341	20160	33
4790	19347	19924	33
4791	19348	20012	33
4792	19348	20160	33
4793	19348	20160	33
4794	19348	20160	33
4795	19348	20160	33
4796	19348	20160	33
4797	19348	20160	33
4798	19352	20160	50
4799	19355	20160	33
4800	19356	20160	50
4801	19363	20160	33
4802	19375	19855	33
4803	19375	19885	33
4804	19375	19951	33
4805	19375	19973	33
4806	19376	20160	33
4807	19380	20045	50
4808	19386	20160	33
4809	19387	19790	33
4810	19387	20160	33
4811	19394	19890	33
4812	19394	19984	33
4813	19399	20160	33
4814	19414	20160	66
4815	19414	20160	66
4816	19414	20160	66
4817	19431	19865	66
4818	19431	19865	66
4819	19441	19915	66
4820	19441	19918	66
4821	19441	20160	33
4822	19442	20160	33
4823	19444	20105	66
4824	19444	20105	66
4825	19444	20106	66
4826	19444	20160	33
4827	19446	20160	33
4828	19446	20160	25
4829	19446	20160	33
4830	19450	20160	33
4831	19451	20160	33
4832	19459	20160	33
4833	19464	20160	33
4834	19466	20160	33
4835	19470	19908	66
4836	19471	20160	50
4837	19474	20160	33
4838	19474	20160	33
4839	19475	20160	33
4840	19476	20160	33
4841	19476	20160	33
4842	19478	20160	33
4843	19483	20160	33
4844	19493	19918	33
4845	19496	20160	33
4846	19500	20160	33
4847	19504	19986	66
4848	19504	20045	33
4849	19504	20045	66
4850	19504	20160	50
4851	19504	20160	33
4852	19504	20160	66
4853	19505	19885	33
4854	19506	20160	33
4855	19506	20160	33
4856	19507	19947	33
4857	19507	19963	33
4858	19510	20160	33
4859	19511	20148	33
4860	19516	19904	66
4861	19517	20160	66
4862	19517	20160	33
4863	19517	20160	33
4864	19523	20160	33
4865	19523	20160	33
4866	19523	20160	33
4867	19523	20160	33
4868	19524	19985	33
4869	19524	19985	33
4870	19524	19985	33
4871	19524	19995	33
4872	19524	20039	33
4873	19524	20039	33
4874	19524	20160	33
4875	19524	20160	33
4876	19524	20160	33
4877	19524	20160	33
4878	19524	20160	33
4879	19524	20160	33
4880	19524	20160	33
4881	19524	20160	33
4882	19524	20160	33
4883	19524	20160	33
4884	19524	20160	33
4885	19524	20160	33
4886	19524	20160	33
4887	19524	20160	33
4888	19524	20160	33
4889	19524	20160	33
4890	19524	20160	33
4891	19524	20160	33
4892	19524	20160	33
4893	19524	20160	33
4894	19524	20160	33
4895	19524	20160	33
4896	19536	20160	33
4897	19538	20160	33
4898	19539	20160	33
4899	19540	20160	33
4900	19540	20160	33
4901	19542	20159	30
4902	19546	19907	66
4903	19546	20160	25
4904	19556	20160	33
4905	19556	20160	33
4906	19557	20160	33
4907	19560	20160	33
4908	19563	20160	33
4909	19564	19925	66
4910	19564	19984	33
4911	19564	20160	33
4912	19564	20160	33
4913	19568	20160	66
4914	19571	20042	33
4915	19583	19984	33
4916	19584	20160	33
4917	19584	20160	33
4918	19591	20160	33
4919	19599	20160	33
4920	19601	20160	33
4921	19601	20160	33
4922	19603	20160	33
4923	19603	20160	33
4924	19603	20160	33
4925	19613	20160	33
4926	19616	20160	33
4927	19616	20160	33
4928	19616	20160	33
4929	19618	20160	66
4930	19618	20160	33
4931	19620	20160	66
4932	19620	20160	66
4933	19622	20160	33
4934	19623	20160	33
4935	19625	20160	33
4936	19627	20160	33
4937	19627	20160	33
4938	19627	20160	33
4939	19627	20160	33
4940	19627	20160	33
4941	19631	20056	66
4942	19633	20160	33
4943	19634	20160	66
4944	19643	20160	33
4945	19646	20119	66
4946	19655	20160	33
4947	19661	20160	66
4948	19667	20160	33
4949	19667	20160	66
4950	19673	20160	33
4951	19673	20160	33
4952	19675	20046	30
4953	19679	20160	66
4954	19680	20160	33
4955	19682	20160	33
4956	19682	20160	33
4957	19682	20160	33
4958	19685	20119	66
4959	19685	20160	33
4960	19685	20160	33
4961	19687	20160	33
4962	19687	20160	33
4963	19688	20160	33
4964	19691	20160	33
4965	19697	20160	25
4966	19700	20160	66
4967	19702	20160	33
4968	19708	20160	66
4969	19710	20160	33
4970	19711	20160	66
4971	19713	20160	66
4972	19718	20160	33
4973	19719	20160	66
4974	19719	20160	25
4975	19719	20160	66
4976	19721	20160	33
4977	19721	20160	33
4978	19731	20160	33
4979	19732	20160	33
4980	19733	20160	66
4981	19742	20129	33
4982	19747	20160	66
4983	19748	20160	66
4984	19752	20160	25
4985	19755	20160	33
4986	19755	20160	33
4987	19764	20139	33
4988	19764	20139	33
4989	19765	20160	66
4990	19765	20160	33
4991	19765	20160	33
4992	19768	20160	66
4993	19781	20160	66
4994	19783	20160	33
4995	19787	20160	33
4996	19790	20160	33
4997	19792	20160	33
4998	19797	20160	66
4999	19798	20160	33
