5000	100	0	0
0	0	720	33
1	0	720	33
2	0	721	33
3	0	722	33
4	0	722	33
5	0	722	33
6	0	723	61
7	0	723	66
8	0	723	66
9	0	723	33
10	0	723	66
11	0	724	33
12	0	735	66
13	0	739	33
14	0	743	33
15	0	743	33
16	0	747	33
17	0	747	33
18	0	751	33
19	0	753	33
20	0	754	33
21	0	755	33
22	0	755	33
23	0	755	33
24	0	755	33
25	0	755	33
26	0	755	33
27	0	755	33
28	0	755	33
29	0	755	33
30	0	755	33
31	0	755	33
32	0	755	33
33	0	755	33
34	0	755	33
35	0	755	33
36	0	755	33
37	0	755	33
38	0	755	33
39	0	755	33
40	0	755	33
41	0	755	33
42	0	755	33
43	0	755	33
44	0	755	33
45	0	755	33
46	0	755	33
47	0	755	33
48	0	755	33
49	0	755	33
50	0	755	33
51	0	755	33
52	0	755	33
53	0	755	33
54	0	755	33
55	0	755	33
56	0	755	33
57	0	755	33
58	0	755	33
59	0	755	33
60	0	755	33
61	0	755	33
62	0	755	33
63	0	755	33
64	0	755	33
65	0	755	33
66	0	755	33
67	0	755	33
68	0	755	33
69	0	755	33
70	0	755	33
71	0	755	33
72	0	755	33
73	0	755	33
74	0	755	33
75	0	755	33
76	0	755	33
77	0	755	33
78	0	755	33
79	0	755	33
80	0	755	33
81	0	755	33
82	0	755	33
83	0	755	33
84	0	755	33
85	0	755	33
86	0	755	33
87	0	755	33
88	0	755	33
89	0	755	33
90	0	755	33
91	0	755	33
92	0	755	33
93	0	755	33
94	0	755	33
95	0	755	33
96	0	755	33
97	0	755	33
98	0	755	33
99	0	755	33
100	0	755	33
101	0	755	33
102	0	755	33
103	0	755	33
104	0	755	33
105	0	755	33
106	0	755	33
107	0	755	33
108	0	755	33
109	0	755	33
110	0	755	33
111	0	755	33
112	0	755	33
113	0	755	33
114	0	755	33
115	0	755	33
116	0	755	33
117	0	755	33
118	0	755	33
119	0	755	33
120	0	755	33
121	0	755	33
122	0	755	33
123	0	755	33
124	0	755	33
125	0	755	33
126	0	755	33
127	0	755	33
128	0	755	33
129	0	755	33
130	0	755	33
131	0	755	33
132	0	755	33
133	0	755	33
134	0	755	33
135	0	755	33
136	0	755	33
137	0	755	33
138	0	755	33
139	0	755	33
140	0	755	33
141	0	755	33
142	0	755	33
143	0	755	33
144	0	755	33
145	0	755	33
146	0	755	33
147	0	758	50
148	0	758	66
149	0	764	33
150	0	764	33
151	0	764	33
152	0	764	33
153	0	781	33
154	0	781	33
155	0	788	66
156	0	791	33
157	0	791	33
158	0	797	33
159	0	802	33
160	0	821	33
161	0	833	66
162	0	833	66
163	0	841	33
164	0	842	33
165	0	844	66
166	0	844	33
167	0	844	33
168	0	846	33
169	0	850	30
170	0	851	30
171	0	854	25
172	0	859	50
173	0	859	50
174	0	859	50
175	0	860	33
176	0	860	30
177	0	862	33
178	0	863	33
179	0	872	33
180	0	887	33
181	0	892	33
182	0	899	33
183	0	900	33
184	0	900	33
185	0	900	33
186	0	901	33
187	0	902	33
188	0	909	33
189	0	917	33
190	0	922	66
191	0	925	33
192	0	935	33
193	0	941	33
194	0	943	33
195	0	945	66
196	0	953	66
197	0	1002	33
198	0	1013	66
199	0	1013	66
200	0	1013	66
201	0	1013	66
202	0	1013	66
203	0	1013	66
204	0	1013	66
205	0	1020	33
206	0	1020	33
207	0	1020	33
208	0	1021	30
209	0	1021	33
210	0	1023	66
211	0	1023	61
212	0	1023	61
213	0	1026	66
214	0	1026	66
215	0	1043	33
216	0	1044	33
217	0	1045	66
218	0	1060	33
219	0	1071	33
220	0	1076	66
221	0	1076	66
222	0	1076	66
223	0	1087	66
224	0	1087	66
225	0	1087	66
226	0	1088	33
227	0	1088	66
228	0	1088	66
229	0	1103	33
230	0	1107	33
231	0	1108	66
232	0	1108	66
233	0	1113	66
234	0	1133	25
235	0	1133	25
236	0	1136	33
237	0	1136	33
238	0	1140	33
239	0	1140	33
240	0	1140	33
241	0	1140	33
242	0	1141	33
243	0	1141	33
244	0	1141	30
245	0	1141	33
246	0	1141	33
247	0	1141	33
248	0	1141	33
249	0	1141	33
250	0	1141	33
251	0	1141	33
252	0	1141	33
253	0	1141	33
254	0	1141	33
255	0	1141	33
256	0	1141	33
257	0	1141	33
258	0	1141	33
259	0	1141	33
260	0	1141	33
261	0	1142	33
262	0	1142	33
263	0	1142	33
264	0	1142	33
265	0	1142	33
266	0	1142	33
267	0	1142	33
268	0	1142	33
269	0	1142	33
270	0	1142	33
271	0	1142	33
272	0	1142	33
273	0	1142	33
274	0	1142	33
275	0	1142	33
276	0	1142	33
277	0	1142	33
278	0	1142	33
279	0	1142	33
280	0	1142	33
281	0	1142	33
282	0	1142	33
283	0	1142	33
284	0	1142	33
285	0	1142	30
286	0	1143	33
287	0	1143	33
288	0	1144	30
289	0	1146	30
290	0	1147	33
291	0	1150	33
292	0	1153	30
293	0	1155	33
294	0	1156	33
295	0	1157	33
296	0	1157	33
297	0	1157	33
298	0	1157	33
299	0	1157	33
300	0	1157	33
301	0	1157	33
302	0	1157	33
303	0	1157	33
304	0	1157	33
305	0	1157	33
306	0	1157	33
307	0	1157	33
308	0	1157	33
309	0	1157	33
310	0	1157	33
311	0	1157	33
312	0	1157	33
313	0	1157	33
314	0	1157	33
315	0	1157	33
316	0	1157	33
317	0	1157	33
318	0	1158	33
319	0	1158	33
320	0	1158	33
321	0	1158	33
322	0	1158	33
323	0	1158	33
324	0	1158	66
325	0	1158	33
326	0	1158	33
327	0	1160	66
328	0	1160	33
329	0	1161	30
330	0	1166	33
331	0	1167	30
332	0	1171	33
333	0	1175	33
334	0	1175	33
335	0	1196	30
336	0	1200	33
337	0	1202	33
338	0	1208	33
339	0	1215	33
340	0	1218	33
341	0	1219	33
342	0	1220	33
343	0	1228	66
344	0	1230	66
345	0	1235	33
346	0	1237	33
347	0	1242	33
348	0	1247	33
349	0	1247	33
350	0	1249	66
351	0	1264	33
352	0	1267	40
353	0	1273	33
354	0	1274	33
355	0	1302	30
356	0	1304	30
357	0	1310	66
358	0	1321	33
359	0	1322	33
360	0	1331	30
361	0	1333	30
362	0	1333	30
363	0	1333	30
364	0	1375	33
365	0	1375	33
366	0	1384	33
367	0	1386	50
368	0	1390	66
369	0	1390	66
370	0	1390	66
371	0	1390	66
372	0	1390	66
373	0	1390	66
374	0	1390	33
375	0	1390	33
376	0	1390	33
377	0	1418	66
378	0	1418	66
379	0	1418	66
380	0	1418	66
381	0	1418	66
382	0	1418	66
383	0	1418	66
384	0	1418	66
385	0	1418	66
386	0	1418	66
387	0	1418	66
388	0	1418	66
389	0	1418	66
390	0	1418	66
391	0	1418	66
392	0	1418	66
393	0	1433	33
394	0	1435	33
395	0	1437	66
396	0	1437	66
397	0	1437	66
398	0	1437	66
399	4	908	33
400	4	909	33
401	4	1111	30
402	4	1111	30
403	15	1310	66
404	19	1336	33
405	28	1106	33
406	47	1476	33
407	74	860	25
408	74	860	25
409	75	1027	66
410	79	1085	33
411	92	1107	33
412	100	1160	66
413	100	1203	66
414	100	1203	66
415	104	878	33
416	104	878	33
417	117	878	33
418	118	878	33
419	121	878	33
420	121	878	33
421	121	878	33
422	121	878	33
423	121	878	33
424	121	878	33
425	122	1380	66
426	122	1380	66
427	122	1381	66
428	122	1381	66
429	122	1381	66
430	125	878	33
431	125	878	33
432	125	878	33
433	125	937	33
434	125	937	33
435	140	937	33
436	146	937	33
437	150	1350	25
438	158	1043	66
439	158	1157	66
440	158	1157	66
441	158	1157	66
442	161	1030	66
443	161	1030	66
444	162	1045	66
445	162	1247	33
446	162	1247	33
447	162	1247	33
448	162	1247	33
449	162	1311	33
450	162	1311	33
451	162	1541	66
452	165	1019	66
453	165	1335	66
454	167	931	25
455	196	1041	25
456	199	1141	66
457	200	1020	66
458	200	1145	66
459	200	1381	66
460	201	1141	66
461	201	1246	66
462	204	929	33
463	204	975	33
464	204	990	33
465	212	1473	33
466	214	1019	66
467	214	1019	66
468	214	1045	66
469	214	1142	66
470	214	1142	66
471	214	1145	66
472	214	1145	66
473	214	1541	66
474	215	1037	66
475	216	1051	66
476	216	1141	66
477	216	1141	66
478	216	1141	66
479	216	1142	66
480	216	1142	66
481	216	1142	66
482	216	1142	66
483	217	1143	66
484	217	1158	66
485	217	1159	66
486	218	1140	66
487	218	1160	66
488	221	1138	50
489	222	1311	33
490	222	1311	33
491	223	1043	66
492	240	1072	33
493	247	1043	66
494	247	1157	66
495	247	1327	33
496	247	1561	33
497	249	1304	66
498	249	1304	66
499	252	1141	33
500	252	1157	33
501	252	1162	33
502	252	1321	33
503	253	1142	33
504	253	1142	33
505	253	1161	33
506	253	1381	33
507	254	1141	33
508	254	1171	33
509	261	1043	66
510	261	1048	33
511	261	1082	33
512	261	1140	33
513	261	1141	33
514	261	1141	33
515	261	1141	33
516	261	1142	33
517	261	1142	33
518	261	1142	33
519	261	1142	33
520	261	1142	33
521	261	1142	33
522	261	1142	33
523	261	1142	33
524	261	1142	33
525	261	1142	33
526	261	1142	33
527	261	1142	33
528	261	1142	33
529	261	1142	33
530	261	1142	33
531	261	1142	33
532	261	1142	33
533	261	1142	33
534	261	1142	33
535	261	1144	33
536	261	1144	33
537	261	1156	66
538	261	1158	66
539	261	1214	33
540	261	1214	33
541	261	1214	33
542	261	1217	33
543	261	1217	33
544	261	1249	33
545	261	1286	33
546	261	1382	33
547	261	1387	33
548	267	1157	66
549	267	1350	66
550	268	1043	66
551	268	1043	66
552	268	1043	66
553	282	1142	33
554	282	1142	33
555	282	1142	33
556	282	1142	33
557	282	1142	33
558	282	1142	33
559	282	1142	33
560	282	1142	33
561	282	1142	33
562	282	1142	33
563	282	1142	33
564	282	1142	33
565	282	1142	33
566	282	1142	33
567	282	1142	33
568	282	1142	33
569	282	1142	33
570	282	1142	33
571	282	1142	33
572	282	1217	33
573	282	1320	33
574	282	1385	33
575	282	1502	33
576	283	1157	33
577	283	1157	33
578	283	1157	33
579	284	1157	33
580	284	1157	33
581	284	1157	33
582	284	1157	33
583	284	1157	33
584	284	1158	33
585	284	1158	33
586	284	1158	33
587	284	1158	33
588	284	1159	33
589	284	1159	33
590	284	1161	33
591	285	1157	33
592	285	1157	33
593	285	1157	33
594	285	1158	33
595	304	1106	33
596	312	1071	66
597	313	1141	66
598	313	1141	66
599	313	1141	66
600	313	1141	66
601	313	1141	66
602	313	1141	66
603	313	1141	66
604	313	1141	66
605	314	1042	66
606	314	1045	66
607	314	1338	66
608	315	1157	33
609	315	1157	33
610	315	1158	33
611	316	1040	66
612	316	1040	66
613	316	1040	66
614	316	1088	66
615	316	1095	33
616	337	1352	25
617	337	1470	33
618	345	1561	33
619	348	1481	33
620	352	1628	33
621	352	1628	66
622	352	1629	66
623	357	1672	66
624	376	1115	33
625	377	1151	33
626	377	1156	33
627	377	1157	33
628	377	1157	33
629	377	1157	33
630	377	1157	33
631	377	1157	33
632	377	1157	33
633	377	1157	33
634	377	1157	33
635	377	1157	33
636	377	1157	33
637	377	1157	33
638	377	1157	33
639	377	1157	33
640	377	1157	33
641	377	1158	33
642	377	1158	33
643	377	1158	33
644	377	1158	33
645	377	1158	33
646	378	1157	33
647	378	1157	33
648	378	1157	33
649	409	1843	66
650	415	1156	33
651	415	1158	33
652	415	1211	33
653	417	1140	33
654	417	1141	33
655	417	1141	33
656	417	1141	33
657	417	1141	33
658	417	1141	33
659	417	1141	33
660	417	1141	33
661	417	1141	33
662	417	1142	33
663	417	1142	33
664	417	1142	33
665	417	1142	33
666	417	1142	33
667	417	1142	33
668	417	1142	33
669	417	1142	33
670	417	1210	33
671	417	1382	33
672	417	1501	33
673	417	1501	33
674	419	1158	33
675	424	1659	33
676	424	1659	33
677	425	1217	33
678	427	1156	33
679	427	1156	33
680	427	1157	33
681	427	1157	33
682	427	1157	33
683	427	1157	33
684	427	1157	33
685	427	1157	33
686	427	1157	33
687	427	1157	33
688	427	1157	33
689	427	1157	33
690	427	1157	33
691	427	1157	33
692	427	1158	33
693	427	1158	33
694	427	1158	33
695	427	1158	33
696	427	1158	33
697	427	1158	33
698	427	1158	33
699	427	1158	33
700	427	1158	33
701	427	1158	33
702	427	1159	33
703	434	1309	33
704	434	1475	33
705	435	1382	25
706	440	1621	33
707	451	1645	33
708	458	1205	33
709	458	1338	33
710	458	1738	33
711	460	1502	33
712	460	1814	33
713	464	1338	33
714	473	1428	25
715	513	1942	30
716	518	1381	66
717	518	1513	66
718	518	1541	66
719	531	1408	25
720	531	1408	25
721	532	1408	25
722	532	1408	25
723	533	1408	25
724	533	1408	25
725	533	1408	25
726	538	1321	33
727	538	1375	33
728	538	1381	33
729	538	1740	33
730	538	1882	33
731	538	1899	33
732	538	1899	33
733	538	1956	33
734	555	1279	33
735	555	1279	33
736	559	1465	33
737	571	1470	33
738	572	1321	33
739	572	1321	33
740	572	1326	33
741	572	1645	33
742	572	1816	33
743	579	1727	66
744	579	1727	66
745	584	1727	66
746	589	1541	66
747	589	1561	66
748	589	1735	66
749	589	1864	66
750	590	1541	66
751	593	1541	66
752	597	1869	66
753	597	1876	66
754	597	1877	66
755	597	1980	33
756	609	1547	33
757	609	1581	33
758	609	1953	33
759	613	1392	33
760	614	1365	33
761	617	1389	33
762	617	1440	33
763	617	1561	33
764	617	1645	33
765	617	1645	33
766	617	2046	33
767	619	1897	33
768	619	1998	33
769	623	1395	33
770	627	1862	33
771	650	1450	30
772	666	1623	33
773	667	1654	33
774	667	1677	33
775	668	1836	33
776	685	1775	33
777	687	2081	50
778	687	2081	50
779	690	1621	66
780	690	1626	66
781	690	1635	66
782	691	1641	66
783	691	1641	66
784	694	1977	33
785	702	1836	33
786	715	1622	30
787	721	1687	33
788	721	2141	33
789	722	1724	33
790	722	1724	33
791	723	1463	25
792	723	1465	25
793	723	1724	33
794	723	2144	33
795	723	2144	33
796	726	1626	66
797	728	1466	25
798	729	1502	33
799	729	1950	33
800	735	1895	33
801	746	1622	50
802	751	1502	30
803	752	1627	33
804	756	1530	33
805	759	1898	33
806	759	1995	66
807	766	1901	33
808	766	1901	33
809	766	1901	33
810	766	1901	33
811	767	1901	33
812	767	1901	33
813	767	1901	33
814	767	1901	33
815	768	1901	33
816	768	1901	33
817	768	1901	33
818	768	1901	33
819	769	1901	33
820	780	1680	33
821	780	1680	33
822	781	1620	66
823	781	1620	66
824	782	1622	50
825	785	2060	66
826	793	1759	66
827	801	1562	33
828	803	1995	33
829	803	1995	33
830	803	1995	33
831	805	1564	66
832	805	1564	66
833	805	1564	66
834	805	1564	66
835	805	1565	66
836	810	1830	26
837	811	1562	66
838	812	1567	30
839	815	1901	33
840	815	1901	33
841	815	1901	33
842	815	1901	33
843	816	1901	33
844	816	1901	33
845	816	1901	33
846	816	1901	33
847	816	1901	33
848	816	1901	33
849	816	1901	33
850	816	1901	33
851	816	1901	33
852	816	1901	33
853	816	1901	33
854	816	1901	33
855	816	1901	33
856	816	1901	33
857	816	1901	33
858	816	1905	33
859	816	1905	33
860	816	1905	33
861	816	1905	33
862	817	1901	33
863	817	1901	33
864	817	1901	33
865	817	1901	33
866	817	1901	33
867	817	1901	33
868	817	1901	33
869	817	1901	33
870	817	1901	33
871	817	1901	33
872	817	1901	33
873	817	1901	33
874	817	1901	33
875	817	1901	33
876	818	1901	33
877	818	1901	33
878	818	1901	33
879	818	1901	33
880	818	1901	33
881	818	1901	33
882	818	1901	33
883	818	1901	33
884	818	1901	33
885	818	1901	33
886	818	1901	33
887	818	1901	33
888	818	1901	33
889	818	1901	33
890	819	1901	33
891	819	1901	33
892	819	1901	33
893	819	1901	33
894	819	1901	33
895	819	1901	33
896	819	1901	33
897	819	1901	33
898	819	1901	33
899	819	1901	33
900	819	1901	33
901	820	1901	33
902	820	1901	33
903	820	1901	33
904	820	1901	33
905	820	1901	33
906	820	1901	33
907	820	1901	33
908	820	1901	33
909	820	1901	33
910	820	1901	33
911	820	1901	33
912	820	1901	33
913	820	1901	33
914	820	1904	33
915	820	1904	33
916	820	1904	33
917	820	1904	33
918	820	1904	33
919	820	1904	33
920	820	1904	33
921	821	1901	33
922	821	1901	33
923	821	1901	33
924	821	1901	33
925	821	1901	33
926	821	1901	33
927	821	1901	33
928	821	1901	33
929	821	1901	33
930	821	1901	33
931	821	1901	33
932	841	1621	30
933	841	1692	33
934	843	1622	25
935	845	1627	33
936	845	1634	33
937	845	1707	33
938	891	1711	30
939	901	1641	66
940	901	1920	33
941	903	1803	33
942	911	1651	66
943	911	2026	66
944	911	2026	66
945	911	2026	66
946	911	2026	66
947	911	2026	66
948	911	2026	66
949	915	1650	66
950	916	1874	66
951	919	1793	33
952	922	1843	33
953	923	1871	33
954	926	2026	66
955	926	2026	66
956	926	2026	66
957	926	2026	66
958	926	2026	66
959	926	2026	66
960	927	2129	33
961	933	1901	33
962	933	1901	33
963	933	1901	33
964	934	2132	33
965	934	2285	33
966	951	2013	66
967	954	1743	33
968	954	1996	33
969	955	1944	66
970	955	1956	66
971	958	2044	33
972	961	2180	66
973	966	2046	33
974	967	2054	33
975	967	2185	66
976	967	2221	33
977	967	2297	33
978	977	1976	66
979	989	1869	33
980	993	1840	33
981	993	2017	33
982	995	1890	33
983	999	2071	66
984	1005	2161	33
985	1005	2161	33
986	1007	1956	33
987	1007	2037	66
988	1007	2050	66
989	1007	2061	33
990	1018	1815	66
991	1018	2098	66
992	1034	2086	66
993	1036	2166	66
994	1039	2105	66
995	1075	2300	25
996	1078	1887	66
997	1081	1887	33
998	1081	1887	33
999	1081	1887	33
1000	1093	2300	25
1001	1094	2300	50
1002	1107	2112	66
1003	1122	2139	66
1004	1130	2172	66
1005	1137	2504	66
1006	1142	2146	33
1007	1142	2348	33
1008	1142	2348	33
1009	1145	2203	66
1010	1146	2185	33
1011	1146	2200	33
1012	1146	2278	33
1013	1152	2098	33
1014	1155	1889	33
1015	1156	2098	33
1016	1157	1922	33
1017	1157	2204	33
1018	1158	2129	33
1019	1158	2129	33
1020	1159	2098	33
1021	1159	2109	33
1022	1159	2119	33
1023	1159	2119	33
1024	1166	2300	25
1025	1166	2300	50
1026	1166	2300	25
1027	1166	2301	25
1028	1166	2301	25
1029	1166	2301	50
1030	1167	2301	25
1031	1167	2301	25
1032	1177	1901	33
1033	1177	1901	33
1034	1178	1901	33
1035	1178	1901	33
1036	1178	1901	33
1037	1178	1901	33
1038	1178	1901	33
1039	1178	1901	33
1040	1178	1901	33
1041	1178	1905	33
1042	1179	1901	33
1043	1179	1901	33
1044	1179	1901	33
1045	1179	1901	33
1046	1179	1901	33
1047	1179	1901	33
1048	1179	1901	33
1049	1179	1901	33
1050	1179	1901	33
1051	1179	1901	33
1052	1179	1901	33
1053	1180	1901	33
1054	1180	1901	33
1055	1180	1901	33
1056	1180	1901	33
1057	1180	1901	33
1058	1180	1901	33
1059	1180	1901	33
1060	1180	1901	33
1061	1181	1901	33
1062	1181	1901	33
1063	1181	1904	33
1064	1181	1904	33
1065	1181	1904	33
1066	1191	2129	33
1067	1207	2119	33
1068	1215	2106	66
1069	1219	1945	66
1070	1219	1952	66
1071	1219	2041	66
1072	1219	2041	66
1073	1219	2171	66
1074	1222	1951	66
1075	1222	1986	66
1076	1222	1996	66
1077	1222	1998	66
1078	1222	2024	66
1079	1222	2044	66
1080	1222	2353	66
1081	1222	2353	66
1082	1222	2494	66
1083	1222	2495	66
1084	1222	2495	66
1085	1222	2506	66
1086	1224	2029	33
1087	1242	2011	66
1088	1242	2045	66
1089	1242	2478	66
1090	1242	2494	66
1091	1242	2494	66
1092	1242	2498	66
1093	1247	2060	33
1094	1281	2703	33
1095	1282	2056	33
1096	1282	2056	33
1097	1298	2129	33
1098	1298	2129	33
1099	1298	2253	33
1100	1299	2119	33
1101	1299	2159	33
1102	1299	2159	33
1103	1299	2159	33
1104	1304	2058	66
1105	1304	2058	66
1106	1311	2058	66
1107	1311	2063	66
1108	1311	2063	66
1109	1311	2270	66
1110	1312	2270	66
1111	1312	2270	66
1112	1312	2270	66
1113	1313	2044	66
1114	1313	2270	66
1115	1313	2270	66
1116	1313	2270	66
1117	1313	2270	66
1118	1313	2270	66
1119	1313	2270	66
1120	1313	2270	66
1121	1318	2270	66
1122	1318	2270	66
1123	1318	2270	66
1124	1318	2270	66
1125	1318	2270	66
1126	1318	2270	66
1127	1322	2060	66
1128	1322	2060	66
1129	1322	2060	66
1130	1322	2060	66
1131	1322	2060	66
1132	1322	2060	66
1133	1322	2060	66
1134	1322	2060	66
1135	1322	2060	66
1136	1322	2060	66
1137	1322	2060	66
1138	1322	2060	66
1139	1322	2060	66
1140	1322	2060	66
1141	1322	2060	66
1142	1322	2060	66
1143	1322	2060	66
1144	1322	2062	66
1145	1322	2062	66
1146	1322	2062	66
1147	1322	2062	66
1148	1322	2062	66
1149	1322	2062	66
1150	1322	2062	66
1151	1322	2062	66
1152	1322	2062	66
1153	1322	2062	66
1154	1322	2062	66
1155	1322	2062	66
1156	1322	2062	66
1157	1322	2062	66
1158	1322	2062	66
1159	1322	2062	66
1160	1322	2062	66
1161	1322	2062	66
1162	1322	2062	66
1163	1322	2062	66
1164	1322	2062	66
1165	1322	2062	66
1166	1322	2062	66
1167	1322	2062	66
1168	1322	2062	66
1169	1322	2063	66
1170	1322	2063	66
1171	1322	2063	66
1172	1322	2063	66
1173	1322	2063	66
1174	1322	2063	66
1175	1322	2063	66
1176	1322	2063	66
1177	1322	2063	66
1178	1322	2063	66
1179	1322	2063	66
1180	1322	2063	66
1181	1322	2063	66
1182	1323	2158	33
1183	1327	2270	66
1184	1327	2270	66
1185	1327	2270	66
1186	1330	2270	66
1187	1330	2270	66
1188	1335	2271	66
1189	1335	2271	66
1190	1335	2271	66
1191	1335	2271	66
1192	1335	2271	66
1193	1336	2270	66
1194	1336	2270	66
1195	1336	2270	66
1196	1336	2270	66
1197	1336	2270	66
1198	1336	2270	66
1199	1336	2270	66
1200	1336	2270	66
1201	1342	2270	66
1202	1342	2270	66
1203	1343	2403	33
1204	1343	2403	33
1205	1350	2272	66
1206	1350	2272	66
1207	1350	2272	66
1208	1350	2272	66
1209	1352	2272	66
1210	1352	2272	66
1211	1352	2272	66
1212	1352	2272	66
1213	1352	2272	66
1214	1353	2272	66
1215	1353	2272	66
1216	1353	2272	66
1217	1353	2272	66
1218	1353	2272	66
1219	1360	2272	66
1220	1360	2272	66
1221	1360	2272	66
1222	1379	2108	33
1223	1381	2281	33
1224	1392	2441	66
1225	1392	2457	66
1226	1394	2824	33
1227	1399	2824	33
1228	1404	2300	50
1229	1404	2300	50
1230	1437	2297	33
1231	1441	2289	33
1232	1441	2300	25
1233	1441	2300	50
1234	1441	2325	33
1235	1444	2881	33
1236	1444	2881	33
1237	1455	2761	66
1238	1474	2823	66
1239	1474	2823	66
1240	1489	2710	33
1241	1505	2270	66
1242	1539	2907	66
1243	1543	2418	66
1244	1560	2823	66
1245	1562	2820	66
1246	1562	2820	66
1247	1562	2822	66
1248	1562	2822	66
1249	1562	2822	66
1250	1569	2614	66
1251	1572	3000	50
1252	1587	2433	33
1253	1607	2371	25
1254	1607	2433	50
1255	1614	3006	66
1256	1622	2421	66
1257	1633	2366	33
1258	1633	2397	33
1259	1633	2412	33
1260	1633	2427	33
1261	1633	2427	33
1262	1633	2444	33
1263	1633	2458	33
1264	1634	2504	33
1265	1635	2585	33
1266	1636	2498	33
1267	1638	2619	66
1268	1638	2619	66
1269	1645	2718	33
1270	1659	3002	33
1271	1684	2498	33
1272	1684	2717	33
1273	1684	2741	33
1274	1684	2761	33
1275	1695	2489	66
1276	1695	2489	66
1277	1709	2481	33
1278	1710	3078	33
1279	1710	3078	33
1280	1712	2753	33
1281	1712	2851	33
1282	1712	2855	33
1283	1713	2478	33
1284	1724	2534	66
1285	1725	2614	66
1286	1726	2504	33
1287	1726	2504	33
1288	1726	2504	33
1289	1726	2504	33
1290	1726	2504	33
1291	1726	2504	33
1292	1726	2504	33
1293	1726	2504	33
1294	1726	2504	33
1295	1726	2504	33
1296	1726	3115	33
1297	1730	2823	33
1298	1730	2823	33
1299	1730	2824	33
1300	1730	2824	33
1301	1730	2824	33
1302	1730	2824	33
1303	1730	2824	33
1304	1730	2824	33
1305	1734	2516	50
1306	1738	2902	33
1307	1738	2902	33
1308	1741	2582	30
1309	1741	2582	30
1310	1749	2915	66
1311	1767	3204	33
1312	1784	2514	66
1313	1793	3069	66
1314	1793	3069	66
1315	1799	2559	33
1316	1812	2534	33
1317	1812	2561	33
1318	1816	2591	33
1319	1816	2941	33
1320	1816	3050	33
1321	1816	3122	33
1322	1817	2797	33
1323	1817	2797	33
1324	1819	2823	33
1325	1819	2823	33
1326	1821	3092	33
1327	1827	2694	33
1328	1833	2822	33
1329	1835	2737	33
1330	1835	2753	33
1331	1835	2885	33
1332	1835	2885	33
1333	1835	2885	33
1334	1836	3150	33
1335	1838	3257	33
1336	1840	2571	33
1337	1840	2571	33
1338	1840	2674	33
1339	1840	2774	33
1340	1840	2774	33
1341	1840	2823	33
1342	1840	3067	66
1343	1842	2675	33
1344	1844	2704	33
1345	1856	3262	33
1346	1860	2674	33
1347	1860	2674	33
1348	1867	3058	33
1349	1877	2885	33
1350	1877	2900	33
1351	1881	2762	33
1352	1893	2947	33
1353	1893	3071	33
1354	1908	2650	33
1355	1908	2718	33
1356	1915	2762	33
1357	1915	3084	33
1358	1917	3013	33
1359	1920	2798	33
1360	1920	2819	33
1361	1920	2819	33
1362	1927	2956	33
1363	1927	2956	33
1364	1927	2956	33
1365	1930	2956	33
1366	1930	2956	33
1367	1930	2956	33
1368	1933	3356	30
1369	1933	3356	30
1370	1950	2755	33
1371	1950	3138	33
1372	1963	2797	66
1373	1972	3151	33
1374	1973	2781	33
1375	1987	3426	33
1376	1997	2966	33
1377	2007	3441	33
1378	2008	3323	33
1379	2008	3323	33
1380	2008	3323	33
1381	2044	3014	33
1382	2046	2864	33
1383	2046	3017	33
1384	2046	3021	33
1385	2046	3025	33
1386	2046	3056	33
1387	2046	3056	33
1388	2046	3456	33
1389	2047	3424	33
1390	2049	2804	33
1391	2057	3489	33
1392	2058	2957	33
1393	2058	3006	33
1394	2069	2813	33
1395	2069	2833	33
1396	2069	3025	33
1397	2069	3364	33
1398	2075	3480	66
1399	2080	2823	66
1400	2080	2823	66
1401	2080	2823	66
1402	2088	3001	33
1403	2102	2942	33
1404	2103	2946	66
1405	2103	3004	66
1406	2103	3065	66
1407	2103	3066	66
1408	2105	3062	30
1409	2131	3003	33
1410	2131	3066	66
1411	2131	3075	66
1412	2134	3320	33
1413	2148	2942	33
1414	2149	3142	33
1415	2149	3142	33
1416	2160	2881	25
1417	2161	2881	25
1418	2161	2960	33
1419	2161	3122	33
1420	2162	3123	33
1421	2163	2911	25
1422	2163	2959	25
1423	2163	3183	33
1424	2168	3165	33
1425	2169	3511	33
1426	2171	3203	33
1427	2186	3061	50
1428	2187	3213	66
1429	2191	2941	30
1430	2192	3391	33
1431	2194	3353	33
1432	2196	2933	33
1433	2196	3437	33
1434	2197	2994	33
1435	2197	3156	33
1436	2203	3095	33
1437	2203	3095	33
1438	2203	3095	33
1439	2203	3095	33
1440	2216	3208	33
1441	2218	2942	33
1442	2220	3120	33
1443	2221	3061	33
1444	2221	3529	33
1445	2221	3529	33
1446	2221	3530	33
1447	2222	3061	50
1448	2222	3424	33
1449	2222	3529	33
1450	2223	2944	33
1451	2225	3392	33
1452	2225	3529	33
1453	2237	3318	33
1454	2242	3059	50
1455	2243	3431	33
1456	2244	3002	33
1457	2244	3669	33
1458	2251	3006	30
1459	2261	3427	33
1460	2263	3012	66
1461	2263	3012	66
1462	2280	3002	33
1463	2283	3263	66
1464	2288	3172	33
1465	2292	3093	33
1466	2307	3306	33
1467	2307	3323	33
1468	2307	3338	33
1469	2316	3608	33
1470	2316	3728	33
1471	2319	3233	33
1472	2326	3638	33
1473	2327	3484	33
1474	2327	3502	33
1475	2340	3071	33
1476	2345	3092	66
1477	2353	3075	33
1478	2363	3579	33
1479	2365	3403	33
1480	2365	3403	33
1481	2366	3234	66
1482	2382	3339	33
1483	2384	3170	33
1484	2390	3623	33
1485	2398	3369	33
1486	2398	3400	33
1487	2398	3415	33
1488	2405	3447	66
1489	2410	3241	66
1490	2412	3685	33
1491	2419	3271	33
1492	2433	3412	33
1493	2439	3579	66
1494	2443	3583	66
1495	2443	3586	66
1496	2449	3526	66
1497	2462	3257	33
1498	2462	3857	33
1499	2462	3857	33
1500	2469	3867	33
1501	2471	3783	33
1502	2474	3632	66
1503	2476	3522	66
1504	2494	3606	66
1505	2495	3477	33
1506	2495	3508	33
1507	2507	3600	66
1508	2509	3460	66
1509	2509	3857	33
1510	2511	3864	33
1511	2518	3864	33
1512	2519	3558	33
1513	2519	3558	33
1514	2519	3589	33
1515	2522	3310	66
1516	2522	3310	66
1517	2522	3738	66
1518	2522	3738	66
1519	2522	3849	66
1520	2524	3727	33
1521	2524	3727	33
1522	2525	3703	66
1523	2546	3495	66
1524	2549	3630	66
1525	2574	3576	66
1526	2597	3888	30
1527	2607	3357	33
1528	2607	3357	33
1529	2610	3373	33
1530	2620	3405	33
1531	2638	4024	33
1532	2641	3448	66
1533	2641	3448	66
1534	2641	3448	66
1535	2643	3449	66
1536	2643	3449	66
1537	2643	3449	66
1538	2644	3449	66
1539	2644	3449	66
1540	2644	3449	66
1541	2644	3449	66
1542	2644	3449	66
1543	2644	3449	66
1544	2644	3449	66
1545	2644	3449	66
1546	2647	3449	66
1547	2647	3449	66
1548	2647	3449	66
1549	2647	3449	66
1550	2647	3449	66
1551	2647	3449	66
1552	2647	3449	66
1553	2647	3449	66
1554	2650	3448	66
1555	2650	3448	66
1556	2650	3448	66
1557	2650	3448	66
1558	2650	3448	66
1559	2650	3448	66
1560	2650	3448	66
1561	2650	3448	66
1562	2650	3448	66
1563	2650	3448	66
1564	2650	3448	66
1565	2650	3449	66
1566	2650	3449	66
1567	2650	3449	66
1568	2650	3449	66
1569	2650	3449	66
1570	2650	3449	66
1571	2650	3449	66
1572	2650	3449	66
1573	2650	3449	66
1574	2650	3449	66
1575	2650	3449	66
1576	2650	3449	66
1577	2650	3449	66
1578	2650	3449	66
1579	2650	3449	66
1580	2650	3449	66
1581	2650	3449	66
1582	2650	3449	66
1583	2650	3449	66
1584	2650	3449	66
1585	2650	3449	66
1586	2651	3448	66
1587	2651	3448	66
1588	2651	3448	66
1589	2651	3448	66
1590	2653	3449	66
1591	2653	3449	66
1592	2653	3449	66
1593	2653	3449	66
1594	2653	3449	66
1595	2653	3449	66
1596	2653	3449	66
1597	2653	3449	66
1598	2653	3449	66
1599	2661	3556	66
1600	2680	3444	66
1601	2680	3444	66
1602	2680	3444	66
1603	2680	3444	66
1604	2680	3444	66
1605	2680	3444	66
1606	2680	3444	66
1607	2680	3444	66
1608	2680	3444	66
1609	2680	3444	66
1610	2680	3444	66
1611	2680	3444	66
1612	2680	3444	66
1613	2680	3445	66
1614	2680	3445	66
1615	2681	3444	66
1616	2681	3444	66
1617	2681	3444	66
1618	2681	3444	66
1619	2681	3444	66
1620	2681	3444	66
1621	2681	3444	66
1622	2682	3445	66
1623	2682	3445	66
1624	2682	3445	66
1625	2682	3445	66
1626	2682	3445	66
1627	2682	3786	33
1628	2682	3786	33
1629	2684	3444	66
1630	2684	3444	66
1631	2684	3444	66
1632	2684	3444	66
1633	2696	3658	66
1634	2704	3503	33
1635	2735	3606	66
1636	2742	3672	33
1637	2824	3783	33
1638	2824	3783	33
1639	2824	3783	33
1640	2824	3783	33
1641	2824	3783	33
1642	2901	3671	33
1643	2904	4221	30
1644	2954	3741	50
1645	2977	3783	33
1646	2977	3856	33
1647	2977	3856	33
1648	2977	3903	33
1649	2980	3728	33
1650	2980	3730	33
1651	2981	3733	33
1652	2981	3856	33
1653	2982	4111	33
1654	2987	3857	33
1655	2988	3864	33
1656	2988	3872	33
1657	2988	4030	33
1658	2988	4091	33
1659	2988	4091	33
1660	2989	3781	33
1661	2989	3781	33
1662	2989	4321	33
1663	2991	3782	33
1664	2991	3782	33
1665	2998	3775	66
1666	2998	3775	66
1667	2998	3779	66
1668	2998	3781	66
1669	2998	3857	66
1670	2998	3857	66
1671	2998	3857	66
1672	2998	3857	66
1673	2998	3858	66
1674	2998	3858	66
1675	2998	3858	66
1676	2998	3858	66
1677	2998	3858	66
1678	2998	3858	66
1679	2998	3860	66
1680	2998	3860	66
1681	2998	3860	66
1682	2998	3863	66
1683	2998	3871	66
1684	2999	3781	33
1685	2999	3781	33
1686	2999	3849	33
1687	2999	3849	33
1688	2999	3864	33
1689	3004	3724	33
1690	3004	3724	33
1691	3004	3734	33
1692	3004	3734	33
1693	3004	3743	33
1694	3004	3847	33
1695	3004	3857	33
1696	3004	3857	33
1697	3005	3907	33
1698	3008	3733	33
1699	3008	3738	33
1700	3008	3738	33
1701	3008	3850	33
1702	3008	3876	33
1703	3008	3877	33
1704	3008	3979	33
1705	3008	3992	33
1706	3008	3992	33
1707	3008	4078	33
1708	3010	4021	33
1709	3010	4259	33
1710	3011	3975	33
1711	3011	3977	33
1712	3030	3856	33
1713	3039	3782	33
1714	3039	4276	33
1715	3039	4276	33
1716	3041	4383	33
1717	3042	3795	33
1718	3042	3828	33
1719	3042	3828	33
1720	3042	3828	33
1721	3042	3841	33
1722	3042	3841	33
1723	3042	3857	33
1724	3049	4030	33
1725	3051	3849	33
1726	3051	3857	33
1727	3051	3942	33
1728	3069	4354	40
1729	3077	4227	66
1730	3112	4536	33
1731	3124	4561	33
1732	3126	4261	33
1733	3152	4322	66
1734	3160	4047	33
1735	3160	4065	33
1736	3174	3953	33
1737	3180	3951	33
1738	3180	3951	33
1739	3239	4167	66
1740	3261	4388	33
1741	3261	4503	33
1742	3261	4581	33
1743	3318	4081	60
1744	3332	4124	33
1745	3332	4124	33
1746	3337	4124	33
1747	3363	4201	66
1748	3363	4201	66
1749	3418	4233	33
1750	3418	4811	33
1751	3419	4506	33
1752	3419	4506	33
1753	3424	4652	33
1754	3425	4809	33
1755	3425	4810	33
1756	3425	4810	33
1757	3426	4433	33
1758	3427	4325	33
1759	3427	4812	33
1760	3429	4687	66
1761	3438	4470	33
1762	3438	4470	33
1763	3453	4388	33
1764	3453	4809	33
1765	3453	4809	33
1766	3484	4336	33
1767	3487	4219	30
1768	3500	4441	33
1769	3503	4930	33
1770	3537	4809	66
1771	3544	4624	33
1772	3544	4624	33
1773	3557	4572	33
1774	3562	4983	33
1775	3570	4501	66
1776	3571	4506	66
1777	3571	4511	66
1778	3571	4511	66
1779	3571	4521	66
1780	3589	4817	33
1781	3603	4326	66
1782	3603	4564	66
1783	3619	4728	33
1784	3619	5000	33
1785	3629	4718	33
1786	3635	5012	33
1787	3660	4560	33
1788	3692	4673	33
1789	3713	4998	33
1790	3734	4589	33
1791	3770	4816	33
1792	3770	5056	33
1793	3783	5017	66
1794	3784	4930	33
1795	3787	4621	33
1796	3790	5127	33
1797	3790	5127	33
1798	3790	5222	33
1799	3832	4807	33
1800	3834	5043	33
1801	3846	4953	66
1802	3849	4577	33
1803	3851	4621	33
1804	3865	4936	33
1805	3870	4760	66
1806	3871	5127	66
1807	3873	4930	33
1808	3873	5311	33
1809	3873	5311	33
1810	3873	5311	33
1811	3875	4862	33
1812	3875	5200	66
1813	3877	4731	33
1814	3877	4884	33
1815	3877	4884	33
1816	3886	5100	66
1817	3887	4921	33
1818	3903	5030	66
1819	3915	4812	33
1820	3917	4810	33
1821	3923	4748	33
1822	3924	5041	33
1823	3924	5116	33
1824	3924	5283	33
1825	3933	4791	33
1826	3937	5375	33
1827	3937	5375	33
1828	3937	5375	33
1829	3938	5282	33
1830	3938	5302	33
1831	3940	5375	33
1832	3940	5375	33
1833	3940	5375	33
1834	3944	4797	33
1835	3962	5383	33
1836	3963	4937	33
1837	3963	4938	33
1838	3965	5176	33
1839	3974	4799	33
1840	3975	5121	66
1841	3996	4747	33
1842	4004	4806	33
1843	4010	4910	33
1844	4010	4910	33
1845	4010	4941	66
1846	4010	5449	33
1847	4010	5449	33
1848	4010	5449	33
1849	4010	5449	33
1850	4010	5449	33
1851	4010	5449	33
1852	4010	5449	33
1853	4010	5449	33
1854	4010	5449	33
1855	4010	5449	33
1856	4010	5449	33
1857	4010	5449	33
1858	4010	5449	33
1859	4010	5449	33
1860	4010	5449	33
1861	4010	5449	33
1862	4010	5449	33
1863	4010	5449	33
1864	4010	5449	33
1865	4010	5449	33
1866	4010	5449	33
1867	4010	5449	33
1868	4010	5449	33
1869	4010	5449	33
1870	4010	5449	33
1871	4010	5449	33
1872	4010	5449	33
1873	4010	5449	33
1874	4010	5449	33
1875	4010	5449	33
1876	4010	5449	33
1877	4010	5449	33
1878	4010	5449	33
1879	4010	5449	33
1880	4010	5449	33
1881	4010	5449	33
1882	4010	5449	33
1883	4010	5449	33
1884	4010	5449	33
1885	4010	5449	33
1886	4010	5449	33
1887	4010	5449	33
1888	4010	5449	33
1889	4010	5449	33
1890	4010	5449	33
1891	4010	5449	33
1892	4010	5449	33
1893	4010	5449	33
1894	4010	5449	33
1895	4016	4898	66
1896	4028	5375	33
1897	4029	4810	33
1898	4029	4810	33
1899	4031	5383	33
1900	4031	5383	33
1901	4031	5383	33
1902	4031	5383	33
1903	4031	5383	33
1904	4031	5383	33
1905	4031	5449	33
1906	4034	5449	33
1907	4041	5476	33
1908	4041	5476	33
1909	4044	5479	33
1910	4045	4809	33
1911	4045	4811	33
1912	4045	5101	33
1913	4046	4936	33
1914	4049	5316	33
1915	4049	5316	33
1916	4056	5187	33
1917	4070	5477	33
1918	4081	5383	33
1919	4090	5488	33
1920	4090	5488	33
1921	4090	5488	33
1922	4090	5488	33
1923	4090	5488	33
1924	4090	5488	33
1925	4090	5488	33
1926	4090	5488	33
1927	4091	5488	33
1928	4091	5488	33
1929	4092	4818	33
1930	4092	5488	33
1931	4092	5488	33
1932	4092	5488	33
1933	4092	5488	33
1934	4092	5488	33
1935	4092	5488	33
1936	4092	5488	33
1937	4092	5488	33
1938	4092	5488	33
1939	4092	5488	33
1940	4092	5488	33
1941	4092	5488	33
1942	4093	5488	33
1943	4093	5488	33
1944	4093	5488	33
1945	4095	5519	33
1946	4095	5519	33
1947	4095	5519	33
1948	4095	5519	33
1949	4095	5519	33
1950	4095	5519	33
1951	4095	5519	33
1952	4095	5519	33
1953	4095	5519	33
1954	4095	5519	33
1955	4095	5519	33
1956	4096	5121	66
1957	4096	5121	66
1958	4101	5161	33
1959	4108	5154	66
1960	4142	5057	33
1961	4142	5059	33
1962	4147	4967	33
1963	4209	5034	66
1964	4220	5041	66
1965	4221	5529	66
1966	4221	5529	66
1967	4225	5236	33
1968	4249	5046	33
1969	4249	5046	33
1970	4249	5118	33
1971	4249	5127	33
1972	4249	5127	33
1973	4249	5127	33
1974	4249	5127	33
1975	4249	5127	33
1976	4249	5216	33
1977	4251	5046	33
1978	4251	5104	33
1979	4251	5161	33
1980	4252	5037	33
1981	4252	5101	33
1982	4252	5315	33
1983	4252	5315	33
1984	4253	5041	33
1985	4253	5048	33
1986	4253	5151	33
1987	4253	5477	33
1988	4256	5127	33
1989	4256	5127	33
1990	4256	5127	33
1991	4256	5127	33
1992	4256	5132	33
1993	4256	5132	33
1994	4291	5174	33
1995	4297	5101	33
1996	4297	5311	33
1997	4297	5311	33
1998	4297	5311	33
1999	4297	5313	33
2000	4321	5519	33
2001	4321	5726	33
2002	4325	5762	33
2003	4402	5834	33
2004	4402	5834	33
2005	4402	5834	33
2006	4402	5834	33
2007	4427	5858	33
2008	4435	5858	33
2009	4467	5241	33
2010	4475	5759	33
2011	4489	5522	33
2012	4490	5498	66
2013	4520	5624	33
2014	4521	5624	33
2015	4521	5624	33
2016	4536	5581	33
2017	4536	5581	33
2018	4536	5769	33
2019	4536	5882	33
2020	4536	5885	33
2021	4536	5956	33
2022	4545	5285	33
2023	4545	5331	33
2024	4554	5680	66
2025	4564	5624	33
2026	4564	5746	33
2027	4577	5415	66
2028	4578	5624	33
2029	4581	5746	33
2030	4583	6006	33
2031	4627	5822	50
2032	4702	6038	33
2033	4711	6136	66
2034	4713	5762	33
2035	4713	5911	33
2036	4713	6124	33
2037	4743	6163	33
2038	4745	5943	33
2039	4745	5943	33
2040	4745	5943	33
2041	4745	6131	33
2042	4746	5908	33
2043	4746	5943	33
2044	4747	5656	33
2045	4747	5656	33
2046	4749	5943	33
2047	4749	6013	33
2048	4750	5529	33
2049	4750	5529	33
2050	4750	5656	33
2051	4750	5656	33
2052	4750	5881	33
2053	4750	5881	33
2054	4750	5885	33
2055	4750	6181	33
2056	4754	5911	33
2057	4768	5887	33
2058	4770	5975	33
2059	4811	6166	33
2060	4811	6197	33
2061	4811	6197	33
2062	4811	6197	33
2063	4816	5983	33
2064	4816	5983	33
2065	4816	6189	33
2066	4816	6197	33
2067	4816	6197	33
2068	4877	6309	33
2069	4879	5793	66
2070	4879	5811	66
2071	4926	6198	33
2072	4938	6370	33
2073	4942	6229	33
2074	4942	6229	33
2075	5028	6458	33
2076	5040	5993	33
2077	5042	6183	30
2078	5043	6063	33
2079	5044	6243	66
2080	5044	6245	66
2081	5044	6304	66
2082	5068	6345	33
2083	5072	6486	33
2084	5073	6342	33
2085	5105	6305	66
2086	5125	6111	33
2087	5136	6102	33
2088	5146	5873	33
2089	5171	5900	33
2090	5173	6094	33
2091	5178	6088	33
2092	5198	6250	66
2093	5246	5980	33
2094	5288	6095	66
2095	5294	6241	33
2096	5294	6241	33
2097	5296	6180	33
2098	5299	6131	33
2099	5299	6196	33
2100	5299	6535	33
2101	5299	6543	33
2102	5299	6709	33
2103	5300	6596	33
2104	5301	6646	33
2105	5302	6484	33
2106	5302	6580	33
2107	5304	6197	33
2108	5304	6287	66
2109	5304	6369	33
2110	5305	6131	33
2111	5305	6231	33
2112	5305	6393	33
2113	5305	6426	33
2114	5305	6485	33
2115	5305	6556	33
2116	5305	6556	33
2117	5305	6683	33
2118	5305	6683	33
2119	5309	6423	66
2120	5315	6149	66
2121	5315	6149	66
2122	5315	6149	66
2123	5348	6180	33
2124	5348	6287	33
2125	5349	6472	33
2126	5350	6628	33
2127	5353	6126	33
2128	5353	6733	33
2129	5354	6229	33
2130	5354	6733	33
2131	5358	6365	33
2132	5358	6402	33
2133	5358	6406	33
2134	5358	6406	33
2135	5358	6406	33
2136	5358	6406	33
2137	5363	6356	66
2138	5363	6367	66
2139	5363	6367	66
2140	5379	6604	66
2141	5380	6202	33
2142	5382	6200	33
2143	5382	6727	33
2144	5382	6727	33
2145	5383	6122	33
2146	5383	6196	33
2147	5383	6727	33
2148	5383	6727	33
2149	5383	6762	33
2150	5383	6804	33
2151	5384	6472	33
2152	5385	6188	33
2153	5385	6188	33
2154	5388	6188	33
2155	5388	6188	33
2156	5390	6804	33
2157	5394	6197	33
2158	5427	6153	33
2159	5427	6153	33
2160	5439	6510	66
2161	5440	6302	66
2162	5444	6451	33
2163	5444	6696	33
2164	5444	6827	33
2165	5444	6881	33
2166	5445	6669	33
2167	5446	6786	33
2168	5447	6187	33
2169	5447	6460	66
2170	5447	6499	33
2171	5447	6499	33
2172	5447	6596	33
2173	5450	6845	33
2174	5450	6855	33
2175	5450	6855	33
2176	5452	6365	33
2177	5452	6365	33
2178	5452	6402	33
2179	5452	6402	33
2180	5452	6410	33
2181	5452	6410	33
2182	5459	6434	66
2183	5470	6329	66
2184	5477	6233	66
2185	5477	6893	66
2186	5477	6893	66
2187	5477	6893	66
2188	5480	6374	66
2189	5480	6543	33
2190	5487	6255	33
2191	5487	6255	33
2192	5487	6257	33
2193	5497	6616	33
2194	5504	6419	66
2195	5514	6249	33
2196	5514	6556	33
2197	5514	6601	33
2198	5514	6639	33
2199	5514	6683	33
2200	5514	6844	33
2201	5515	6367	33
2202	5515	6393	33
2203	5515	6393	33
2204	5515	6393	33
2205	5515	6422	33
2206	5515	6423	33
2207	5515	6437	33
2208	5515	6507	33
2209	5515	6541	33
2210	5515	6731	33
2211	5515	6845	33
2212	5515	6854	33
2213	5515	6854	33
2214	5515	6854	33
2215	5516	6338	33
2216	5516	6425	33
2217	5516	6426	33
2218	5516	6437	33
2219	5516	6437	33
2220	5516	6437	33
2221	5516	6437	33
2222	5516	6545	33
2223	5516	6545	33
2224	5516	6671	33
2225	5516	6678	33
2226	5516	6678	33
2227	5516	6683	33
2228	5516	6683	33
2229	5516	6733	33
2230	5516	6733	33
2231	5516	6733	33
2232	5516	6734	33
2233	5516	6845	33
2234	5516	6845	33
2235	5516	6857	33
2236	5516	6857	33
2237	5516	6911	33
2238	5516	6917	33
2239	5516	6917	33
2240	5516	6922	33
2241	5516	6922	33
2242	5516	6922	33
2243	5516	6922	33
2244	5516	6922	33
2245	5516	6922	33
2246	5516	6922	33
2247	5516	6922	33
2248	5516	6922	33
2249	5516	6922	33
2250	5516	6922	33
2251	5516	6922	33
2252	5516	6922	33
2253	5516	6922	33
2254	5516	6922	33
2255	5516	6922	33
2256	5516	6923	33
2257	5519	6956	33
2258	5519	6956	33
2259	5519	6956	33
2260	5519	6956	33
2261	5519	6956	33
2262	5519	6956	33
2263	5519	6956	33
2264	5519	6956	33
2265	5519	6956	33
2266	5519	6956	33
2267	5520	6393	33
2268	5520	6671	33
2269	5520	6671	33
2270	5520	6671	33
2271	5520	6790	33
2272	5520	6917	33
2273	5520	6920	33
2274	5520	6922	33
2275	5520	6922	33
2276	5520	6922	33
2277	5520	6956	33
2278	5520	6956	33
2279	5520	6956	33
2280	5520	6956	33
2281	5520	6956	33
2282	5520	6956	33
2283	5520	6956	33
2284	5520	6956	33
2285	5520	6956	33
2286	5520	6956	33
2287	5520	6956	33
2288	5520	6956	33
2289	5520	6956	33
2290	5520	6956	33
2291	5520	6956	33
2292	5520	6956	33
2293	5520	6956	33
2294	5520	6956	33
2295	5520	6956	33
2296	5520	6956	33
2297	5520	6956	33
2298	5520	6956	33
2299	5520	6956	33
2300	5520	6956	33
2301	5520	6956	33
2302	5520	6956	33
2303	5520	6956	33
2304	5520	6956	33
2305	5520	6956	33
2306	5520	6956	33
2307	5520	6956	33
2308	5520	6956	33
2309	5520	6956	33
2310	5520	6956	33
2311	5520	6956	33
2312	5520	6956	33
2313	5520	6956	33
2314	5520	6956	33
2315	5520	6956	33
2316	5520	6956	33
2317	5520	6956	33
2318	5520	6956	33
2319	5520	6956	33
2320	5520	6956	33
2321	5520	6956	33
2322	5520	6956	33
2323	5520	6956	33
2324	5520	6956	33
2325	5520	6956	33
2326	5520	6956	33
2327	5520	6956	33
2328	5520	6956	33
2329	5520	6956	33
2330	5520	6956	33
2331	5520	6956	33
2332	5520	6956	33
2333	5520	6956	33
2334	5520	6956	33
2335	5520	6956	33
2336	5520	6956	33
2337	5520	6956	33
2338	5520	6956	33
2339	5520	6956	33
2340	5520	6956	33
2341	5520	6956	33
2342	5520	6956	33
2343	5520	6956	33
2344	5520	6956	33
2345	5520	6956	33
2346	5520	6956	33
2347	5520	6956	33
2348	5520	6956	33
2349	5520	6956	33
2350	5520	6956	33
2351	5520	6956	33
2352	5520	6956	33
2353	5520	6956	33
2354	5520	6956	33
2355	5520	6956	33
2356	5520	6956	33
2357	5520	6956	33
2358	5520	6956	33
2359	5520	6956	33
2360	5520	6956	33
2361	5520	6956	33
2362	5520	6956	33
2363	5520	6956	33
2364	5520	6956	33
2365	5520	6956	33
2366	5520	6956	33
2367	5520	6956	33
2368	5520	6956	33
2369	5520	6956	33
2370	5520	6956	33
2371	5520	6956	33
2372	5520	6956	33
2373	5520	6956	33
2374	5520	6956	33
2375	5520	6956	33
2376	5520	6956	33
2377	5520	6956	33
2378	5520	6956	33
2379	5520	6956	33
2380	5520	6956	33
2381	5520	6956	33
2382	5520	6956	33
2383	5520	6956	33
2384	5520	6956	33
2385	5520	6956	33
2386	5520	6956	33
2387	5520	6956	33
2388	5520	6956	33
2389	5520	6956	33
2390	5520	6956	33
2391	5520	6956	33
2392	5520	6956	33
2393	5520	6956	33
2394	5520	6956	33
2395	5520	6956	33
2396	5520	6956	33
2397	5520	6956	33
2398	5520	6956	33
2399	5520	6956	33
2400	5520	6956	33
2401	5520	6956	33
2402	5520	6956	33
2403	5520	6956	33
2404	5520	6956	33
2405	5520	6957	33
2406	5520	6957	33
2407	5520	6957	33
2408	5520	6957	33
2409	5520	6957	33
2410	5520	6957	33
2411	5520	6957	33
2412	5520	6957	33
2413	5520	6957	33
2414	5520	6957	33
2415	5520	6957	33
2416	5520	6957	33
2417	5520	6957	33
2418	5520	6957	33
2419	5520	6957	33
2420	5520	6957	33
2421	5520	6957	33
2422	5520	6957	33
2423	5520	6957	33
2424	5520	6957	33
2425	5520	6957	33
2426	5520	6957	33
2427	5520	6957	33
2428	5520	6957	33
2429	5520	6957	33
2430	5520	6957	33
2431	5520	6957	33
2432	5520	6957	33
2433	5520	6957	33
2434	5520	6957	33
2435	5520	6957	33
2436	5520	6957	33
2437	5520	6957	33
2438	5520	6957	33
2439	5520	6957	33
2440	5520	6957	33
2441	5520	6957	33
2442	5520	6957	33
2443	5520	6957	33
2444	5520	6957	33
2445	5520	6957	33
2446	5520	6957	33
2447	5520	6957	33
2448	5520	6957	33
2449	5520	6957	33
2450	5520	6957	33
2451	5520	6957	33
2452	5520	6957	33
2453	5524	6470	33
2454	5524	6470	33
2455	5526	6957	33
2456	5526	6957	33
2457	5526	6957	33
2458	5526	6957	33
2459	5526	6957	33
2460	5526	6957	33
2461	5526	6957	33
2462	5584	6347	33
2463	5584	6347	33
2464	5584	6347	33
2465	5656	6956	33
2466	5722	6646	33
2467	5722	6733	33
2468	5722	6803	33
2469	5722	6803	33
2470	5722	6827	33
2471	5722	6827	33
2472	5722	6827	33
2473	5722	6827	33
2474	5731	6475	66
2475	5731	6475	66
2476	5731	6475	66
2477	5731	6475	66
2478	5731	6475	66
2479	5732	6476	66
2480	5732	6476	66
2481	5732	6476	66
2482	5732	6476	66
2483	5732	6476	66
2484	5732	6476	66
2485	5732	6476	66
2486	5732	6476	66
2487	5732	6476	66
2488	5732	6476	66
2489	5732	6476	66
2490	5732	6476	66
2491	5732	6476	66
2492	5732	6476	66
2493	5732	6476	66
2494	5734	6475	66
2495	5734	6475	66
2496	5734	6475	66
2497	5734	6475	66
2498	5734	6475	66
2499	5734	6475	66
2500	5734	6475	66
2501	5734	6475	66
2502	5734	6475	66
2503	5734	6475	66
2504	5734	6475	66
2505	5734	6475	66
2506	5734	6475	66
2507	5735	6957	33
2508	5736	6476	66
2509	5736	6476	66
2510	5736	6476	66
2511	5736	6476	66
2512	5736	6476	66
2513	5736	6476	66
2514	5736	6476	66
2515	5736	6476	66
2516	5736	6476	66
2517	5736	6476	66
2518	5736	6476	66
2519	5736	6476	66
2520	5742	6475	66
2521	5742	6475	66
2522	5742	6475	66
2523	5743	6476	66
2524	5743	6476	66
2525	5743	6476	66
2526	5743	6476	66
2527	5743	6476	66
2528	5743	6476	66
2529	5743	6476	66
2530	5743	6476	66
2531	5743	6476	66
2532	5743	6476	66
2533	5744	6475	66
2534	5744	6475	66
2535	5744	6475	66
2536	5744	6476	66
2537	5744	6476	66
2538	5750	6476	66
2539	5750	6476	66
2540	5750	6476	66
2541	5750	6476	66
2542	5750	6476	66
2543	5750	6476	66
2544	5750	6476	66
2545	5750	6476	66
2546	5762	6910	33
2547	5762	6956	33
2548	5776	6946	33
2549	5845	6946	33
2550	5850	7223	33
2551	5856	6736	30
2552	5868	6588	66
2553	5868	6589	66
2554	5868	7002	66
2555	5868	7002	66
2556	5868	7002	66
2557	5882	6678	33
2558	5882	6946	33
2559	5882	7140	66
2560	5882	7140	66
2561	5882	7141	66
2562	5883	7151	33
2563	5883	7151	33
2564	5883	7151	33
2565	5883	7151	33
2566	5883	7207	33
2567	5884	6622	33
2568	5884	6671	33
2569	5886	6655	33
2570	5887	7084	33
2571	5889	7136	33
2572	5889	7158	33
2573	5893	6727	33
2574	5893	6727	33
2575	5893	6886	33
2576	5895	6845	33
2577	5895	6845	33
2578	5895	6845	33
2579	5895	6851	33
2580	5895	7153	33
2581	5895	7175	33
2582	5895	7177	33
2583	5896	6845	33
2584	5896	6845	33
2585	5896	7158	33
2586	5896	7160	33
2587	5896	7160	33
2588	5896	7174	33
2589	5896	7174	33
2590	5896	7175	33
2591	5896	7175	33
2592	5896	7175	33
2593	5896	7175	33
2594	5896	7175	33
2595	5896	7175	33
2596	5896	7175	33
2597	5896	7175	33
2598	5896	7175	33
2599	5896	7175	33
2600	5896	7332	33
2601	5896	7332	33
2602	5897	6917	33
2603	5897	6922	33
2604	5897	6976	33
2605	5897	7158	33
2606	5897	7175	33
2607	5897	7178	33
2608	5897	7178	33
2609	5897	7178	33
2610	5901	6909	33
2611	5901	6922	33
2612	5901	6966	33
2613	5901	7158	33
2614	5940	7322	33
2615	5942	7360	66
2616	5955	6948	33
2617	5955	6948	33
2618	5956	6950	33
2619	5956	6950	33
2620	5966	6956	33
2621	5981	6768	33
2622	6006	7087	33
2623	6016	6768	33
2624	6073	7246	33
2625	6075	7263	33
2626	6102	7322	33
2627	6113	7387	66
2628	6113	7387	66
2629	6113	7387	66
2630	6113	7387	66
2631	6122	6869	33
2632	6133	7386	66
2633	6148	7166	33
2634	6151	7175	33
2635	6171	7594	33
2636	6181	7594	33
2637	6187	6948	33
2638	6187	7484	33
2639	6204	7501	66
2640	6214	7229	50
2641	6231	6977	33
2642	6232	7643	33
2643	6233	6979	33
2644	6256	7081	66
2645	6268	7692	33
2646	6291	7072	33
2647	6291	7072	33
2648	6291	7072	33
2649	6291	7072	33
2650	6300	7319	40
2651	6308	7741	33
2652	6316	7407	33
2653	6316	7452	33
2654	6323	7751	33
2655	6326	7393	33
2656	6327	7236	33
2657	6328	7395	33
2658	6329	7178	33
2659	6333	7442	33
2660	6336	7151	33
2661	6336	7151	33
2662	6336	7151	33
2663	6351	7266	33
2664	6351	7398	33
2665	6352	7791	33
2666	6352	7791	33
2667	6352	7791	33
2668	6352	7791	33
2669	6352	7791	33
2670	6352	7791	33
2671	6352	7791	33
2672	6352	7791	33
2673	6352	7791	33
2674	6352	7791	33
2675	6352	7791	33
2676	6352	7791	33
2677	6352	7791	33
2678	6352	7791	33
2679	6352	7791	33
2680	6352	7791	33
2681	6352	7791	33
2682	6352	7791	33
2683	6352	7791	33
2684	6352	7791	33
2685	6352	7791	33
2686	6352	7791	33
2687	6352	7791	33
2688	6352	7791	33
2689	6352	7791	33
2690	6352	7791	33
2691	6352	7791	33
2692	6352	7791	33
2693	6353	7175	33
2694	6353	7175	33
2695	6353	7791	33
2696	6353	7791	33
2697	6353	7791	33
2698	6353	7791	33
2699	6353	7791	33
2700	6353	7791	33
2701	6353	7791	33
2702	6353	7791	33
2703	6353	7791	33
2704	6353	7791	33
2705	6353	7791	33
2706	6353	7791	33
2707	6353	7791	33
2708	6353	7791	33
2709	6353	7791	33
2710	6353	7791	33
2711	6353	7791	33
2712	6353	7791	33
2713	6353	7791	33
2714	6353	7791	33
2715	6353	7791	33
2716	6353	7791	33
2717	6353	7791	33
2718	6353	7791	33
2719	6353	7791	33
2720	6353	7791	33
2721	6353	7791	33
2722	6353	7791	33
2723	6353	7791	33
2724	6353	7791	33
2725	6353	7791	33
2726	6353	7791	33
2727	6353	7791	33
2728	6353	7791	33
2729	6353	7791	33
2730	6353	7791	33
2731	6353	7791	33
2732	6353	7791	33
2733	6353	7791	33
2734	6353	7791	33
2735	6353	7791	33
2736	6353	7791	33
2737	6353	7791	33
2738	6353	7791	33
2739	6353	7791	33
2740	6353	7791	33
2741	6353	7791	33
2742	6353	7791	33
2743	6353	7791	33
2744	6353	7791	33
2745	6356	7794	33
2746	6356	7794	33
2747	6364	7300	33
2748	6365	7203	33
2749	6365	7203	33
2750	6367	7196	33
2751	6367	7196	33
2752	6367	7349	33
2753	6367	7349	33
2754	6367	7349	33
2755	6375	7261	33
2756	6377	7101	33
2757	6377	7345	33
2758	6377	7371	33
2759	6378	7209	33
2760	6378	7222	33
2761	6378	7340	33
2762	6378	7340	33
2763	6378	7446	33
2764	6378	7542	33
2765	6378	7748	33
2766	6387	7289	33
2767	6387	7293	33
2768	6387	7307	33
2769	6387	7452	33
2770	6390	7303	33
2771	6390	7349	33
2772	6393	7340	33
2773	6393	7388	33
2774	6394	7314	66
2775	6395	7290	33
2776	6395	7290	33
2777	6395	7293	33
2778	6395	7325	33
2779	6396	7590	33
2780	6403	7674	30
2781	6406	7186	33
2782	6406	7304	33
2783	6412	7319	33
2784	6412	7349	33
2785	6412	7365	33
2786	6413	7322	33
2787	6420	7571	33
2788	6422	7172	33
2789	6422	7441	33
2790	6422	7791	33
2791	6423	7172	33
2792	6423	7262	33
2793	6424	7745	66
2794	6424	7805	66
2795	6428	7406	33
2796	6438	7437	33
2797	6440	7492	33
2798	6440	7492	33
2799	6441	7174	33
2800	6441	7174	33
2801	6441	7175	33
2802	6441	7175	33
2803	6441	7175	33
2804	6441	7175	33
2805	6441	7175	33
2806	6441	7175	33
2807	6441	7175	33
2808	6441	7176	33
2809	6441	7176	33
2810	6441	7177	33
2811	6441	7178	33
2812	6441	7178	33
2813	6441	7178	33
2814	6441	7492	33
2815	6442	7174	33
2816	6442	7193	33
2817	6443	7882	33
2818	6443	7882	33
2819	6443	7882	33
2820	6443	7882	33
2821	6443	7882	33
2822	6443	7882	33
2823	6443	7882	33
2824	6443	7882	33
2825	6443	7882	33
2826	6443	7882	33
2827	6443	7882	33
2828	6443	7882	33
2829	6443	7882	33
2830	6443	7882	33
2831	6443	7882	33
2832	6443	7882	33
2833	6443	7882	33
2834	6443	7882	33
2835	6443	7882	33
2836	6443	7882	33
2837	6443	7882	33
2838	6443	7882	33
2839	6443	7882	33
2840	6443	7882	33
2841	6443	7882	33
2842	6443	7882	33
2843	6443	7882	33
2844	6443	7882	33
2845	6443	7882	33
2846	6443	7882	33
2847	6443	7882	33
2848	6443	7882	33
2849	6443	7882	33
2850	6443	7882	33
2851	6443	7882	33
2852	6443	7882	33
2853	6443	7882	33
2854	6443	7882	33
2855	6443	7882	33
2856	6443	7882	33
2857	6443	7882	33
2858	6444	7553	33
2859	6445	7882	33
2860	6445	7882	33
2861	6445	7882	33
2862	6445	7882	33
2863	6446	7175	33
2864	6446	7175	33
2865	6446	7177	33
2866	6446	7882	33
2867	6446	7882	33
2868	6446	7882	33
2869	6446	7882	33
2870	6446	7882	33
2871	6446	7882	33
2872	6446	7882	33
2873	6446	7882	33
2874	6446	7882	33
2875	6446	7882	33
2876	6446	7882	33
2877	6446	7882	33
2878	6446	7882	33
2879	6446	7882	33
2880	6446	7882	33
2881	6446	7882	33
2882	6446	7882	33
2883	6446	7882	33
2884	6446	7882	33
2885	6446	7882	33
2886	6446	7882	33
2887	6446	7882	33
2888	6446	7882	33
2889	6446	7882	33
2890	6446	7882	33
2891	6446	7882	33
2892	6446	7882	33
2893	6446	7882	33
2894	6446	7882	33
2895	6446	7882	33
2896	6446	7882	33
2897	6446	7882	33
2898	6446	7882	33
2899	6446	7882	33
2900	6446	7884	33
2901	6446	7884	33
2902	6446	7884	33
2903	6446	7884	33
2904	6446	7884	33
2905	6446	7884	33
2906	6446	7884	33
2907	6446	7884	33
2908	6446	7884	33
2909	6447	7882	33
2910	6447	7882	33
2911	6447	7882	33
2912	6447	7882	33
2913	6447	7882	33
2914	6447	7882	33
2915	6447	7882	33
2916	6447	7882	33
2917	6447	7882	33
2918	6447	7882	33
2919	6447	7882	33
2920	6447	7882	33
2921	6447	7882	33
2922	6447	7882	33
2923	6447	7882	33
2924	6447	7882	33
2925	6447	7882	33
2926	6447	7882	33
2927	6451	7381	66
2928	6451	7381	66
2929	6451	7381	66
2930	6451	7391	66
2931	6451	7391	66
2932	6451	7396	66
2933	6451	7401	66
2934	6456	7347	33
2935	6474	7580	33
2936	6475	7492	33
2937	6482	7329	33
2938	6482	7515	33
2939	6482	7623	30
2940	6484	7206	66
2941	6484	7684	66
2942	6484	7685	66
2943	6484	7686	66
2944	6490	7221	33
2945	6490	7363	33
2946	6492	7327	66
2947	6511	7262	30
2948	6511	7262	30
2949	6519	7323	33
2950	6519	7323	33
2951	6531	7268	66
2952	6532	7747	33
2953	6543	7263	25
2954	6543	7523	33
2955	6544	7791	33
2956	6548	7575	66
2957	6552	7311	66
2958	6567	7330	33
2959	6602	7382	25
2960	6602	7501	25
2961	6609	7484	66
2962	6640	7803	33
2963	6646	7518	33
2964	6646	7727	33
2965	6659	7462	33
2966	6662	7498	33
2967	6663	7563	33
2968	6673	7814	33
2969	6677	8107	33
2970	6686	7659	33
2971	6686	7680	33
2972	6689	7588	33
2973	6689	7687	33
2974	6697	7807	33
2975	6710	7768	66
2976	6712	7891	33
2977	6716	7724	66
2978	6739	7645	33
2979	6739	7645	33
2980	6740	7912	33
2981	6743	7816	33
2982	6743	7816	33
2983	6743	7816	33
2984	6743	7816	33
2985	6743	7926	33
2986	6743	7928	33
2987	6743	7983	33
2988	6749	7921	33
2989	6749	7922	33
2990	6749	7922	33
2991	6749	7926	33
2992	6749	8047	33
2993	6751	7687	66
2994	6756	7582	33
2995	6761	7923	33
2996	6762	7584	33
2997	6768	8037	33
2998	6776	7902	66
2999	6791	7882	33
3000	6793	7672	33
3001	6797	8232	33
3002	6804	7879	66
3003	6805	7954	66
3004	6824	7803	66
3005	6826	7672	33
3006	6829	7806	66
3007	6846	7791	33
3008	6848	7766	66
3009	6849	7693	66
3010	6853	8059	25
3011	6856	7780	66
3012	6862	7651	33
3013	6879	7977	66
3014	6889	7621	33
3015	6890	7707	66
3016	6890	7708	66
3017	6890	7708	66
3018	6890	7708	66
3019	6904	7991	66
3020	6906	7964	66
3021	6909	8213	66
3022	6910	7736	66
3023	6916	7932	33
3024	6916	7932	33
3025	6916	7932	33
3026	6918	7882	33
3027	6918	7882	33
3028	6918	7930	33
3029	6918	7930	33
3030	6922	7882	33
3031	6934	8319	66
3032	6934	8319	66
3033	6944	7882	33
3034	6958	7723	30
3035	6959	7847	66
3036	6959	7925	66
3037	6963	7981	66
3038	6964	8120	33
3039	6965	8000	33
3040	6965	8000	33
3041	6965	8246	33
3042	6969	7882	33
3043	6972	8287	33
3044	6988	7820	33
3045	6994	7822	33
3046	7009	8165	33
3047	7021	8343	66
3048	7029	7952	66
3049	7037	8299	33
3050	7045	7814	66
3051	7075	8061	25
3052	7088	7930	33
3053	7130	7960	33
3054	7158	7882	33
3055	7158	7882	33
3056	7158	7882	33
3057	7158	8446	33
3058	7201	8427	33
3059	7203	8228	33
3060	7273	8059	50
3061	7273	8060	50
3062	7274	8059	25
3063	7287	8213	66
3064	7320	8583	66
3065	7322	8580	66
3066	7322	8580	66
3067	7322	8580	66
3068	7322	8580	66
3069	7322	8581	66
3070	7322	8581	66
3071	7322	8581	66
3072	7322	8581	66
3073	7322	8582	66
3074	7345	8095	33
3075	7357	8369	33
3076	7357	8369	33
3077	7357	8369	33
3078	7367	8193	50
3079	7376	8203	33
3080	7386	8107	33
3081	7386	8124	33
3082	7386	8124	33
3083	7386	8154	33
3084	7386	8170	33
3085	7386	8170	33
3086	7386	8202	33
3087	7386	8202	33
3088	7386	8216	33
3089	7386	8216	33
3090	7397	8226	66
3091	7397	8226	66
3092	7399	8203	66
3093	7416	8854	33
3094	7443	8881	33
3095	7443	8881	33
3096	7446	8277	33
3097	7446	8277	33
3098	7446	8527	33
3099	7446	8527	33
3100	7447	8527	33
3101	7484	8762	33
3102	7502	8342	30
3103	7546	8763	33
3104	7551	8670	33
3105	7552	8838	33
3106	7561	8644	33
3107	7561	8644	33
3108	7561	8837	33
3109	7582	8425	50
3110	7582	8762	33
3111	7599	8826	66
3112	7610	8399	33
3113	7616	8805	33
3114	7621	8826	66
3115	7637	8786	25
3116	7637	8828	66
3117	7678	8662	33
3118	7689	9126	30
3119	7696	8607	33
3120	7709	9001	30
3121	7756	8566	33
3122	7771	8792	33
3123	7785	8703	50
3124	7802	8775	33
3125	7802	8790	33
3126	7803	8717	33
3127	7805	8775	33
3128	7805	8793	33
3129	7805	8845	33
3130	7805	9050	33
3131	7806	8841	33
3132	7806	9124	33
3133	7806	9138	33
3134	7811	8684	33
3135	7811	8735	33
3136	7811	8811	33
3137	7811	9194	33
3138	7812	8605	33
3139	7812	8605	33
3140	7812	9172	33
3141	7831	8833	33
3142	7832	8655	33
3143	7832	8701	33
3144	7832	8753	33
3145	7832	8780	33
3146	7832	8780	33
3147	7832	8804	33
3148	7832	8807	33
3149	7832	8952	33
3150	7832	9085	33
3151	7833	8728	33
3152	7833	8783	33
3153	7854	8642	66
3154	7856	8724	40
3155	7863	9185	66
3156	7865	8944	33
3157	7865	8945	33
3158	7876	8963	66
3159	7877	8849	33
3160	7886	8743	33
3161	7890	8786	33
3162	7891	8821	66
3163	7891	8841	66
3164	7891	8841	66
3165	7891	9006	50
3166	7903	8941	33
3167	7921	8740	33
3168	7921	8792	33
3169	7921	8923	33
3170	7921	8923	33
3171	7922	8702	33
3172	7923	8824	66
3173	7923	8946	66
3174	7924	8664	25
3175	7924	8739	25
3176	7930	8767	66
3177	7934	8702	33
3178	7935	9334	33
3179	7944	8989	33
3180	7945	8957	33
3181	7956	8851	33
3182	7958	8702	66
3183	7966	9199	33
3184	7967	8708	33
3185	7969	9199	33
3186	7975	9392	33
3187	7980	8702	33
3188	7981	8701	25
3189	7981	8820	66
3190	7981	8820	66
3191	7982	8820	66
3192	7983	8704	33
3193	7984	8881	50
3194	7989	8784	33
3195	7989	9199	33
3196	7989	9199	33
3197	8004	8732	33
3198	8009	9199	33
3199	8035	9089	33
3200	8046	9149	33
3201	8049	9032	33
3202	8054	8838	66
3203	8054	8991	33
3204	8061	8867	33
3205	8061	8953	33
3206	8066	8976	33
3207	8071	9095	33
3208	8107	9034	33
3209	8108	9121	33
3210	8114	8944	33
3211	8121	8851	66
3212	8134	9071	33
3213	8153	9274	33
3214	8164	9333	33
3215	8166	9220	33
3216	8180	9119	66
3217	8183	9317	66
3218	8185	8990	33
3219	8191	9109	66
3220	8202	9132	66
3221	8204	9201	66
3222	8210	9628	33
3223	8213	9204	66
3224	8219	9556	66
3225	8225	9265	66
3226	8227	9171	66
3227	8230	9380	33
3228	8236	9402	33
3229	8238	9297	66
3230	8240	9402	33
3231	8274	9155	66
3232	8290	9343	33
3233	8293	9503	25
3234	8294	9502	25
3235	8294	9502	25
3236	8294	9502	50
3237	8297	9585	33
3238	8297	9585	33
3239	8299	9336	33
3240	8319	9621	66
3241	8319	9621	66
3242	8321	9280	66
3243	8327	9192	50
3244	8336	9410	66
3245	8341	9343	33
3246	8341	9539	66
3247	8341	9700	33
3248	8348	9505	33
3249	8357	9555	33
3250	8358	9588	33
3251	8358	9669	33
3252	8361	9283	66
3253	8376	9161	30
3254	8378	9360	66
3255	8387	9430	66
3256	8392	9508	66
3257	8393	9343	33
3258	8397	9470	33
3259	8406	9427	33
3260	8447	9352	66
3261	8453	9704	66
3262	8499	9556	66
3263	8499	9557	66
3264	8504	9618	33
3265	8509	9472	33
3266	8516	9443	33
3267	8516	9468	33
3268	8516	9545	33
3269	8516	9628	33
3270	8517	9443	33
3271	8517	9444	33
3272	8517	9544	33
3273	8517	9800	33
3274	8518	9628	33
3275	8521	9443	33
3276	8521	9443	33
3277	8522	9443	33
3278	8522	9443	33
3279	8522	9443	33
3280	8522	9544	33
3281	8528	9545	33
3282	8529	9585	33
3283	8532	9454	66
3284	8548	9793	30
3285	8559	9663	66
3286	8572	9749	50
3287	8608	9338	33
3288	8611	9343	33
3289	8611	9535	33
3290	8645	9679	33
3291	8659	10049	30
3292	8659	10049	30
3293	8673	9661	33
3294	8699	9783	33
3295	8707	10086	33
3296	8708	9549	66
3297	8713	9502	50
3298	8713	9502	50
3299	8718	10142	30
3300	8724	9551	33
3301	8752	9507	66
3302	8752	9507	66
3303	8757	9850	33
3304	8760	10023	66
3305	8762	10020	66
3306	8762	10020	66
3307	8762	10020	66
3308	8762	10021	66
3309	8762	10021	66
3310	8762	10021	66
3311	8762	10021	66
3312	8762	10022	66
3313	8778	9959	66
3314	8797	10233	66
3315	8829	9703	66
3316	8831	9735	30
3317	8831	9735	30
3318	8849	10266	33
3319	8852	10115	33
3320	8856	9629	33
3321	8857	9582	33
3322	8857	9613	33
3323	8863	10249	33
3324	8874	9703	66
3325	8882	10318	66
3326	8917	10202	33
3327	8942	9782	30
3328	8942	9782	30
3329	8972	9714	30
3330	8983	10320	33
3331	8992	10274	66
3332	8994	10141	33
3333	8996	10266	66
3334	9024	9939	66
3335	9038	10063	66
3336	9139	9929	30
3337	9139	9929	30
3338	9152	9882	33
3339	9157	9912	33
3340	9157	10048	33
3341	9157	10079	33
3342	9163	10110	33
3343	9168	9896	33
3344	9181	10103	66
3345	9191	10111	33
3346	9196	10632	33
3347	9196	10632	33
3348	9207	10411	33
3349	9207	10411	33
3350	9242	10372	66
3351	9243	10008	66
3352	9243	10156	33
3353	9243	10509	66
3354	9245	10225	33
3355	9246	10272	33
3356	9256	10301	33
3357	9257	10072	33
3358	9257	10083	33
3359	9257	10302	25
3360	9260	9990	33
3361	9261	10010	33
3362	9261	10141	33
3363	9261	10283	33
3364	9261	10637	33
3365	9269	10128	33
3366	9269	10182	33
3367	9269	10290	33
3368	9281	10443	66
3369	9292	10707	66
3370	9303	10631	33
3371	9303	10631	33
3372	9303	10631	33
3373	9303	10632	33
3374	9304	10445	66
3375	9304	10504	66
3376	9331	10260	66
3377	9331	10260	66
3378	9331	10265	66
3379	9341	10156	33
3380	9361	10353	33
3381	9361	10353	33
3382	9361	10353	33
3383	9362	10103	25
3384	9362	10141	33
3385	9363	10131	25
3386	9364	10386	66
3387	9364	10560	33
3388	9372	10246	33
3389	9374	10768	33
3390	9387	10414	33
3391	9391	10142	30
3392	9392	10229	33
3393	9396	10231	33
3394	9397	10239	33
3395	9397	10338	33
3396	9408	10193	33
3397	9421	10260	66
3398	9421	10260	66
3399	9424	10323	33
3400	9438	10788	33
3401	9438	10788	33
3402	9439	10788	33
3403	9449	10403	33
3404	9463	10210	25
3405	9466	10291	25
3406	9473	10413	33
3407	9477	10275	33
3408	9481	10242	33
3409	9481	10711	66
3410	9487	10287	33
3411	9493	10312	66
3412	9493	10531	33
3413	9502	10584	33
3414	9515	10312	33
3415	9515	10584	33
3416	9516	10312	33
3417	9518	10584	33
3418	9520	10342	66
3419	9529	10607	33
3420	9551	10591	33
3421	9552	10293	33
3422	9555	10549	33
3423	9555	10605	30
3424	9558	10593	33
3425	9568	10727	66
3426	9573	10293	33
3427	9573	10293	33
3428	9587	10927	66
3429	9605	10773	33
3430	9605	10850	30
3431	9605	10850	30
3432	9622	10365	33
3433	9654	10741	66
3434	9654	10755	33
3435	9654	10755	33
3436	9656	10755	33
3437	9656	10755	33
3438	9656	10755	33
3439	9656	10842	33
3440	9671	10773	66
3441	9676	10874	33
3442	9677	10624	33
3443	9683	10437	33
3444	9691	10755	33
3445	9708	10591	66
3446	9710	10654	66
3447	9724	10672	66
3448	9733	10940	25
3449	9734	10940	25
3450	9745	10820	33
3451	9753	10729	66
3452	9770	10490	40
3453	9772	10940	66
3454	9786	10771	66
3455	9835	10825	66
3456	9843	10861	66
3457	9843	10861	66
3458	9847	10874	66
3459	9854	10770	66
3460	9900	10718	66
3461	9901	10718	66
3462	9901	10718	66
3463	9901	10718	66
3464	9905	10718	66
3465	9965	10860	33
3466	9978	10969	33
3467	9983	10968	66
3468	9992	11372	33
3469	10027	11012	33
3470	10027	11012	33
3471	10037	11289	66
3472	10037	11289	66
3473	10061	10936	33
3474	10152	10940	50
3475	10153	10940	25
3476	10184	10940	33
3477	10184	10940	33
3478	10202	11460	66
3479	10202	11460	66
3480	10202	11460	66
3481	10202	11460	66
3482	10202	11461	66
3483	10202	11461	66
3484	10202	11461	66
3485	10202	11461	66
3486	10202	11461	66
3487	10220	11642	33
3488	10237	10968	33
3489	10237	10983	33
3490	10237	10999	33
3491	10237	11031	33
3492	10248	11368	33
3493	10248	11368	33
3494	10250	11379	33
3495	10267	11012	66
3496	10267	11673	33
3497	10306	11709	33
3498	10309	11642	33
3499	10311	11407	66
3500	10311	11407	66
3501	10311	11409	66
3502	10311	11409	66
3503	10319	11611	66
3504	10319	11611	66
3505	10335	11063	66
3506	10340	11170	33
3507	10349	11765	33
3508	10351	11768	33
3509	10376	11630	33
3510	10381	11493	66
3511	10411	11782	66
3512	10511	11591	33
3513	10567	11597	33
3514	10587	11943	33
3515	10604	11979	66
3516	10604	12041	66
3517	10620	11887	66
3518	10648	11747	33
3519	10648	11747	33
3520	10648	11747	33
3521	10648	11791	33
3522	10651	11733	33
3523	10655	11402	33
3524	10680	12093	33
3525	10681	12093	33
3526	10682	11708	33
3527	10683	11596	50
3528	10683	11596	33
3529	10684	11654	33
3530	10684	11859	33
3531	10684	11983	33
3532	10688	11655	33
3533	10688	11655	33
3534	10688	11659	33
3535	10688	11980	33
3536	10693	11503	33
3537	10693	11811	33
3538	10693	11968	33
3539	10695	11531	33
3540	10695	11563	33
3541	10695	11745	33
3542	10696	11528	50
3543	10696	11606	33
3544	10706	11618	33
3545	10706	11643	33
3546	10706	11723	33
3547	10706	12068	33
3548	10717	11555	33
3549	10722	11462	25
3550	10742	11526	33
3551	10742	11702	30
3552	10742	11761	33
3553	10743	11825	33
3554	10744	11825	66
3555	10744	11884	66
3556	10750	11766	33
3557	10750	11766	33
3558	10750	11766	33
3559	10753	11766	33
3560	10770	11705	66
3561	10771	11641	33
3562	10778	11833	66
3563	10782	12020	66
3564	10792	11725	66
3565	10801	11526	33
3566	10801	11526	33
3567	10801	11803	33
3568	10805	11546	25
3569	10805	11643	25
3570	10808	11847	33
3571	10810	12025	33
3572	10810	12025	33
3573	10810	12025	33
3574	10810	12025	33
3575	10810	12025	33
3576	10813	12207	33
3577	10813	12207	33
3578	10816	11850	33
3579	10827	12256	33
3580	10829	12200	33
3581	10829	12200	33
3582	10832	11581	30
3583	10832	11581	30
3584	10832	11581	30
3585	10834	11838	33
3586	10834	11862	33
3587	10838	12058	33
3588	10839	11625	66
3589	10847	11589	33
3590	10847	11642	33
3591	10847	11798	33
3592	10848	11618	25
3593	10859	12282	33
3594	10860	11760	33
3595	10861	11700	66
3596	10861	11700	66
3597	10861	11700	66
3598	10861	11700	66
3599	10861	11700	66
3600	10861	11701	33
3601	10866	11625	33
3602	10866	11850	33
3603	10874	11615	33
3604	10874	12098	33
3605	10888	11613	66
3606	10888	11613	66
3607	10888	11613	66
3608	10888	11614	66
3609	10888	11614	66
3610	10888	11614	66
3611	10906	11731	25
3612	10916	11701	33
3613	10921	11641	33
3614	10921	11945	33
3615	10922	11821	25
3616	10924	11645	33
3617	10926	11964	33
3618	10940	11886	33
3619	10947	11701	33
3620	10947	11701	33
3621	10952	12050	33
3622	10955	11678	33
3623	10956	11940	50
3624	10956	11975	33
3625	10966	11940	33
3626	10966	12044	33
3627	10968	11846	33
3628	10972	11796	33
3629	10972	11805	33
3630	10972	11805	33
3631	10973	11847	66
3632	10973	11847	66
3633	10977	11700	33
3634	10983	11940	33
3635	10986	11940	33
3636	10996	11748	30
3637	11001	11800	33
3638	11009	11897	66
3639	11009	11909	66
3640	11025	12308	66
3641	11027	12222	66
3642	11030	12035	66
3643	11037	12080	66
3644	11045	11814	33
3645	11045	12080	66
3646	11053	11778	33
3647	11053	12008	66
3648	11053	12406	66
3649	11061	12399	66
3650	11070	12079	66
3651	11074	12044	66
3652	11097	12226	66
3653	11106	12162	66
3654	11111	12130	66
3655	11125	12029	66
3656	11127	11940	33
3657	11128	12050	33
3658	11128	12050	33
3659	11129	11862	33
3660	11129	12404	66
3661	11130	11862	33
3662	11132	12130	66
3663	11136	11864	33
3664	11137	12380	50
3665	11137	12382	25
3666	11143	12128	66
3667	11143	12128	66
3668	11143	12128	66
3669	11157	12196	66
3670	11161	11940	33
3671	11161	11940	33
3672	11161	11940	33
3673	11162	12173	33
3674	11174	12212	33
3675	11174	12276	66
3676	11181	11966	33
3677	11182	11953	33
3678	11182	12339	33
3679	11184	12341	33
3680	11204	12083	66
3681	11210	12265	66
3682	11210	12265	66
3683	11225	12342	66
3684	11250	12210	66
3685	11267	12210	66
3686	11268	12382	25
3687	11268	12382	25
3688	11279	12339	33
3689	11280	12339	33
3690	11284	12399	30
3691	11286	12050	33
3692	11290	12233	66
3693	11307	12288	33
3694	11307	12288	33
3695	11307	12288	33
3696	11324	12178	66
3697	11342	12218	66
3698	11343	12303	66
3699	11348	12404	33
3700	11350	12250	66
3701	11353	12312	33
3702	11357	12440	66
3703	11382	12380	50
3704	11383	12339	33
3705	11385	12382	25
3706	11387	12339	33
3707	11387	12339	33
3708	11387	12339	33
3709	11387	12339	33
3710	11387	12339	33
3711	11387	12339	33
3712	11387	12341	33
3713	11388	12339	33
3714	11388	12339	33
3715	11388	12339	33
3716	11388	12341	33
3717	11388	12341	33
3718	11388	12341	33
3719	11388	12341	33
3720	11391	12339	33
3721	11391	12339	33
3722	11391	12339	33
3723	11391	12339	33
3724	11391	12339	33
3725	11391	12339	33
3726	11391	12339	33
3727	11391	12339	33
3728	11392	12339	33
3729	11392	12339	33
3730	11392	12339	33
3731	11392	12339	33
3732	11392	12339	33
3733	11392	12339	33
3734	11392	12341	33
3735	11392	12341	33
3736	11392	12341	33
3737	11392	12341	33
3738	11392	12380	25
3739	11392	12380	25
3740	11392	12380	25
3741	11427	12339	33
3742	11435	12380	25
3743	11476	12339	33
3744	11476	12339	33
3745	11476	12340	33
3746	11477	12339	33
3747	11477	12339	33
3748	11477	12339	33
3749	11477	12339	33
3750	11477	12339	33
3751	11477	12339	33
3752	11477	12339	33
3753	11477	12339	33
3754	11477	12339	33
3755	11477	12339	33
3756	11477	12341	33
3757	11477	12341	33
3758	11477	12341	33
3759	11507	12339	33
3760	11507	12339	33
3761	11507	12339	33
3762	11507	12339	33
3763	11521	12549	33
3764	11521	12549	33
3765	11521	12549	33
3766	11521	12549	33
3767	11524	12380	25
3768	11531	12847	33
3769	11531	12852	33
3770	11531	12862	33
3771	11531	12862	33
3772	11531	12867	33
3773	11531	12867	33
3774	11535	12973	33
3775	11537	12723	66
3776	11551	12603	33
3777	11618	12339	33
3778	11632	12447	66
3779	11642	12900	66
3780	11642	12901	66
3781	11651	12996	66
3782	11691	12842	33
3783	11691	12842	33
3784	11692	12412	33
3785	11692	12427	33
3786	11692	12443	33
3787	11692	12443	33
3788	11692	12447	66
3789	11692	12505	33
3790	11692	12522	33
3791	11695	13035	66
3792	11712	13078	33
3793	11760	12528	60
3794	11764	12978	33
3795	11767	12847	33
3796	11767	12847	33
3797	11767	12847	33
3798	11775	12973	33
3799	11777	12772	30
3800	11778	12773	30
3801	11802	12549	33
3802	11802	12551	33
3803	11810	12551	33
3804	11812	12975	33
3805	11822	12662	30
3806	11835	12730	66
3807	11874	12810	33
3808	11890	13065	50
3809	11957	13025	66
3810	11998	13215	33
3811	12007	12840	66
3812	12049	12859	33
3813	12065	12840	66
3814	12083	13510	33
3815	12084	12811	30
3816	12086	13033	66
3817	12124	13100	33
3818	12124	13105	33
3819	12124	13105	33
3820	12124	13105	33
3821	12124	13118	33
3822	12125	13552	30
3823	12126	12882	33
3824	12126	13169	33
3825	12127	12847	33
3826	12127	12965	33
3827	12127	13100	33
3828	12137	12922	33
3829	12137	12973	33
3830	12137	13328	33
3831	12137	13421	33
3832	12146	12959	33
3833	12146	13034	33
3834	12146	13146	33
3835	12146	13181	33
3836	12146	13424	33
3837	12172	13348	33
3838	12173	13216	33
3839	12182	13022	33
3840	12184	13145	66
3841	12184	13265	66
3842	12210	13140	66
3843	12210	13140	66
3844	12210	13150	66
3845	12210	13150	66
3846	12210	13155	66
3847	12212	13274	33
3848	12218	12998	33
3849	12218	13587	30
3850	12218	13587	30
3851	12218	13587	30
3852	12220	12988	33
3853	12220	12988	33
3854	12234	13390	33
3855	12242	13383	30
3856	12243	12964	25
3857	12244	13024	66
3858	12245	13243	33
3859	12245	13243	33
3860	12250	13145	33
3861	12254	13021	33
3862	12254	13021	33
3863	12254	13021	33
3864	12254	13053	33
3865	12254	13067	33
3866	12254	13067	33
3867	12254	13116	33
3868	12254	13130	33
3869	12267	13668	33
3870	12268	13327	33
3871	12272	13022	30
3872	12272	13022	30
3873	12273	13022	33
3874	12273	13022	33
3875	12276	12997	33
3876	12286	13330	33
3877	12296	13315	33
3878	12297	13664	66
3879	12298	13294	33
3880	12298	13304	33
3881	12301	13140	66
3882	12301	13140	66
3883	12301	13140	66
3884	12302	13200	25
3885	12309	13431	33
3886	12309	13431	33
3887	12310	13670	33
3888	12315	13313	33
3889	12316	13309	33
3890	12320	13066	33
3891	12325	13249	66
3892	12325	13305	66
3893	12340	13271	33
3894	12343	13230	66
3895	12343	13664	66
3896	12351	13681	33
3897	12356	13157	66
3898	12363	13261	25
3899	12400	13455	33
3900	12420	13442	33
3901	12420	13457	33
3902	12423	13389	33
3903	12424	13660	33
3904	12424	13660	33
3905	12424	13660	33
3906	12425	13660	33
3907	12425	13660	33
3908	12425	13660	33
3909	12425	13660	33
3910	12425	13660	33
3911	12425	13660	33
3912	12425	13660	33
3913	12435	13165	66
3914	12441	13660	33
3915	12441	13660	33
3916	12451	13172	33
3917	12468	13369	33
3918	12468	13551	33
3919	12468	13594	33
3920	12475	13292	33
3921	12475	13298	33
3922	12475	13420	33
3923	12479	13250	50
3924	12484	13373	60
3925	12487	13525	66
3926	12524	13627	66
3927	12532	13446	25
3928	12550	13358	33
3929	12550	13358	33
3930	12550	13358	33
3931	12550	13358	33
3932	12560	13740	33
3933	12567	13541	66
3934	12567	13743	33
3935	12570	13526	66
3936	12572	13359	33
3937	12595	13820	25
3938	12595	13822	25
3939	12596	13821	25
3940	12596	13821	25
3941	12597	13820	25
3942	12604	13820	50
3943	12605	13473	33
3944	12616	13820	50
3945	12617	13704	66
3946	12628	13700	66
3947	12642	13371	33
3948	12645	13755	66
3949	12660	13582	33
3950	12669	13486	33
3951	12670	13632	66
3952	12681	13641	66
3953	12720	13704	66
3954	12916	13880	66
3955	12948	14258	30
3956	13033	13820	25
3957	13033	13820	50
3958	13111	13852	33
3959	13111	13852	33
3960	13111	13852	33
3961	13121	13941	33
3962	13121	13987	33
3963	13121	14065	33
3964	13121	14078	33
3965	13129	13877	33
3966	13129	13925	33
3967	13129	13925	33
3968	13225	14325	33
3969	13294	14298	33
3970	13302	14198	30
3971	13397	14119	66
3972	13501	14509	33
3973	13527	14254	30
3974	13528	14256	30
3975	13529	14961	33
3976	13578	14858	66
3977	13617	14643	33
3978	13622	14613	33
3979	13624	14706	33
3980	13625	14704	33
3981	13626	14704	33
3982	13638	14822	33
3983	13650	14580	66
3984	13650	14580	66
3985	13650	14590	66
3986	13650	14595	66
3987	13650	14595	66
3988	13682	14823	30
3989	13684	14404	66
3990	13684	14466	66
3991	13684	14524	66
3992	13684	14703	33
3993	13691	15116	33
3994	13693	15081	33
3995	13742	14609	33
3996	13744	14874	33
3997	13757	14712	33
3998	13759	15166	33
3999	13762	14703	66
4000	13780	15080	33
4001	13782	15083	33
4002	13801	14521	33
4003	13801	14826	33
4004	13871	14820	33
4005	13892	15030	66
4006	13904	15149	66
4007	13924	14869	66
4008	13926	14878	33
4009	13928	15281	66
4010	13941	14842	33
4011	13947	14859	66
4012	13960	15280	66
4013	13972	15088	66
4014	13972	15088	66
4015	13972	15088	66
4016	13972	15088	66
4017	13972	15089	66
4018	13976	15029	66
4019	13979	15134	66
4020	13980	15267	66
4021	13983	14931	66
4022	13985	15064	66
4023	13989	15048	66
4024	14024	15106	66
4025	14041	14984	66
4026	14054	15075	30
4027	14078	14840	66
4028	14085	15100	66
4029	14089	15111	30
4030	14092	15110	30
4031	14112	15084	30
4032	14127	15128	66
4033	14136	15255	33
4034	14141	15239	66
4035	14141	15239	66
4036	14168	14941	33
4037	14212	14964	33
4038	14212	15077	33
4039	14238	15012	33
4040	14356	15494	66
4041	14357	15112	30
4042	14357	15757	30
4043	14477	15504	66
4044	14562	15285	30
4045	14594	15398	33
4046	14594	15430	33
4047	14594	15460	33
4048	14594	15474	33
4049	14772	15731	30
4050	14777	15720	30
4051	14837	16041	33
4052	14843	16036	33
4053	14856	16036	33
4054	14860	16038	33
4055	14860	16048	33
4056	14862	16064	33
4057	14866	15782	66
4058	14878	16213	66
4059	14958	16381	33
4060	14958	16381	33
4061	14959	16392	33
4062	14970	15697	30
4063	14970	15697	30
4064	15001	15901	25
4065	15105	16249	33
4066	15109	16114	33
4067	15121	15869	66
4068	15121	15869	66
4069	15121	15869	66
4070	15121	15870	66
4071	15121	15870	66
4072	15121	15870	66
4073	15121	15870	66
4074	15121	15870	66
4075	15124	16384	66
4076	15132	16528	33
4077	15166	15971	66
4078	15177	16606	33
4079	15180	16021	50
4080	15180	16080	33
4081	15192	16105	66
4082	15231	16336	33
4083	15283	16553	33
4084	15284	16022	33
4085	15302	16148	33
4086	15302	16202	33
4087	15311	16437	33
4088	15343	16341	33
4089	15343	16341	33
4090	15344	16581	66
4091	15346	16137	33
4092	15347	16077	66
4093	15347	16077	66
4094	15355	16148	33
4095	15356	16268	66
4096	15373	16181	33
4097	15373	16181	33
4098	15394	16374	66
4099	15400	16530	66
4100	15402	16447	66
4101	15424	16160	33
4102	15424	16225	33
4103	15447	16438	66
4104	15461	16555	66
4105	15468	16315	66
4106	15481	16436	66
4107	15481	16608	66
4108	15501	16393	66
4109	15523	16570	66
4110	15527	16560	66
4111	15533	16448	66
4112	15553	16627	66
4113	15580	16397	33
4114	15580	16397	33
4115	15588	16496	66
4116	15594	16410	33
4117	15594	16410	33
4118	15606	16397	33
4119	15606	16402	33
4120	15606	16402	33
4121	15608	16632	66
4122	15610	16664	33
4123	15611	16506	33
4124	15613	16549	33
4125	15613	16549	33
4126	15615	16400	33
4127	15615	16412	33
4128	15615	16412	33
4129	15618	16400	33
4130	15629	16576	66
4131	15649	16581	30
4132	15661	16483	33
4133	15668	16506	33
4134	15668	16511	33
4135	15668	16513	33
4136	15721	16540	33
4137	15726	16652	33
4138	15742	16652	33
4139	15781	16506	33
4140	15781	16511	33
4141	15791	16666	33
4142	15841	16869	33
4143	15868	16773	50
4144	15900	16655	66
4145	15900	16658	66
4146	15904	16663	66
4147	15919	17002	66
4148	15937	16803	33
4149	15962	17220	66
4150	15962	17220	66
4151	15962	17220	66
4152	15962	17221	66
4153	15962	17221	66
4154	15962	17221	66
4155	15962	17221	66
4156	15962	17221	66
4157	15962	17222	66
4158	15976	17050	66
4159	15976	17050	66
4160	16024	16896	33
4161	16034	16772	33
4162	16034	16834	33
4163	16034	16850	33
4164	16035	16831	33
4165	16040	16867	33
4166	16081	16912	66
4167	16085	16917	66
4168	16097	17424	66
4169	16141	17057	33
4170	16143	16981	30
4171	16211	16966	25
4172	16214	16960	33
4173	16214	17004	33
4174	16214	17051	33
4175	16214	17066	33
4176	16221	17112	33
4177	16221	17225	33
4178	16221	17292	33
4179	16221	17314	33
4180	16221	17466	66
4181	16244	17094	60
4182	16260	17460	66
4183	16297	17146	50
4184	16326	17740	66
4185	16358	17123	66
4186	16392	17820	33
4187	16399	17244	33
4188	16399	17250	33
4189	16400	17244	33
4190	16402	17135	66
4191	16402	17138	66
4192	16402	17138	66
4193	16402	17138	66
4194	16406	17228	66
4195	16408	17783	33
4196	16443	17172	33
4197	16443	17269	33
4198	16443	17817	33
4199	16446	17243	33
4200	16446	17424	33
4201	16446	17765	33
4202	16446	17772	33
4203	16447	17433	33
4204	16447	17680	33
4205	16462	17364	33
4206	16463	17296	33
4207	16463	17421	33
4208	16463	17448	33
4209	16463	17448	33
4210	16464	17361	33
4211	16464	17414	33
4212	16464	17444	33
4213	16464	17660	33
4214	16464	17708	33
4215	16464	17717	66
4216	16464	17835	33
4217	16472	17624	33
4218	16472	17649	33
4219	16475	17521	33
4220	16477	17631	33
4221	16481	17245	66
4222	16490	17290	30
4223	16490	17373	33
4224	16497	17526	33
4225	16504	17885	66
4226	16504	17886	66
4227	16531	17401	33
4228	16538	17378	33
4229	16538	17968	30
4230	16560	17342	33
4231	16561	17399	66
4232	16563	17582	33
4233	16564	17765	66
4234	16565	17374	33
4235	16565	17447	33
4236	16565	17447	33
4237	16566	17564	33
4238	16566	17564	33
4239	16566	17564	33
4240	16574	17993	33
4241	16583	17430	66
4242	16586	17461	50
4243	16591	17343	50
4244	16609	17978	33
4245	16616	17830	33
4246	16620	17460	66
4247	16621	17341	30
4248	16621	17460	33
4249	16623	17830	33
4250	16623	17830	33
4251	16623	17830	33
4252	16624	17832	33
4253	16629	17431	66
4254	16630	17604	66
4255	16630	17606	66
4256	16649	17589	33
4257	16677	17606	66
4258	16680	17701	33
4259	16682	17402	33
4260	16684	17788	33
4261	16685	17838	33
4262	16692	17617	33
4263	16692	17763	33
4264	16693	17540	33
4265	16693	17548	33
4266	16703	17698	66
4267	16707	17486	33
4268	16709	17881	33
4269	16709	17881	33
4270	16717	17486	33
4271	16717	17598	33
4272	16724	17838	33
4273	16724	17838	33
4274	16724	17838	33
4275	16739	18054	66
4276	16739	18054	66
4277	16740	17479	66
4278	16740	18053	66
4279	16745	17484	66
4280	16745	17484	66
4281	16763	17775	33
4282	16763	17792	33
4283	16767	17913	33
4284	16771	18057	66
4285	16774	17879	66
4286	16775	18044	66
4287	16777	18154	33
4288	16781	17836	33
4289	16786	17852	66
4290	16789	17798	66
4291	16803	17736	33
4292	16811	17834	66
4293	16811	17867	66
4294	16819	17609	33
4295	16819	17655	33
4296	16837	17764	66
4297	16862	17801	66
4298	16867	18142	33
4299	16867	18142	33
4300	16884	17809	66
4301	16885	17965	66
4302	16889	17910	66
4303	16898	17979	66
4304	16901	18152	33
4305	16901	18162	33
4306	16911	17926	66
4307	16911	17959	66
4308	16915	17840	66
4309	16931	18269	33
4310	16931	18269	33
4311	16931	18271	33
4312	16933	18140	25
4313	16933	18140	50
4314	16940	17983	66
4315	16941	18271	33
4316	16941	18271	33
4317	16941	18271	33
4318	16942	17990	66
4319	16973	18120	33
4320	16984	17990	66
4321	16986	17990	66
4322	16990	17832	66
4323	17016	18003	66
4324	17016	18150	33
4325	17018	18026	66
4326	17020	17862	66
4327	17040	18142	33
4328	17065	17900	66
4329	17075	18422	33
4330	17076	18022	33
4331	17076	18022	66
4332	17076	18022	66
4333	17076	18022	66
4334	17076	18022	66
4335	17081	18152	33
4336	17101	18093	66
4337	17138	18057	33
4338	17173	18595	33
4339	17201	18539	25
4340	17212	18190	33
4341	17279	18651	30
4342	17280	18353	33
4343	17281	18306	33
4344	17281	18306	33
4345	17281	18698	33
4346	17296	18140	25
4347	17330	18610	33
4348	17353	18140	50
4349	17393	18719	33
4350	17396	18699	30
4351	17397	18555	66
4352	17397	18555	66
4353	17397	18555	66
4354	17402	18661	66
4355	17402	18661	66
4356	17402	18661	66
4357	17402	18661	66
4358	17402	18662	66
4359	17419	18284	33
4360	17419	18284	33
4361	17424	18176	33
4362	17435	18782	33
4363	17450	18172	33
4364	17450	18264	33
4365	17450	18295	33
4366	17460	18183	33
4367	17461	18183	33
4368	17461	18769	25
4369	17476	18450	66
4370	17482	18231	33
4371	17485	18491	33
4372	17492	18261	33
4373	17503	18301	33
4374	17503	18301	33
4375	17503	18301	33
4376	17503	18301	33
4377	17511	18842	33
4378	17511	18843	33
4379	17521	18554	33
4380	17521	18554	33
4381	17523	18961	33
4382	17526	18608	33
4383	17526	18608	33
4384	17527	18607	33
4385	17527	18607	33
4386	17527	18607	33
4387	17527	18608	33
4388	17557	18302	66
4389	17582	18423	30
4390	17595	18404	66
4391	17606	19045	33
4392	17635	18842	33
4393	17636	18935	33
4394	17642	19021	50
4395	17658	19020	33
4396	17661	18655	33
4397	17661	18655	33
4398	17661	18704	33
4399	17661	18740	33
4400	17665	18846	33
4401	17679	18819	66
4402	17703	18819	66
4403	17709	19146	33
4404	17816	18872	33
4405	17816	18872	33
4406	17816	18872	33
4407	17816	18872	33
4408	17819	18783	50
4409	17833	18812	66
4410	17837	19270	33
4411	17843	18898	66
4412	17857	18581	30
4413	17881	19320	66
4414	17888	18670	33
4415	17893	19076	33
4416	17893	19291	33
4417	17895	18932	33
4418	17900	19196	30
4419	17902	18862	33
4420	17902	19011	33
4421	17904	18925	33
4422	17906	18831	33
4423	17906	19318	33
4424	17935	18780	50
4425	17943	19024	33
4426	17943	19026	33
4427	17944	19265	66
4428	17947	19201	33
4429	17974	18904	66
4430	17974	18904	66
4431	17974	18909	66
4432	17974	18914	66
4433	17974	18935	66
4434	18000	18783	33
4435	18003	18795	25
4436	18003	19024	33
4437	18004	18724	66
4438	18004	18933	33
4439	18006	19012	33
4440	18009	18848	66
4441	18011	18817	33
4442	18011	18915	33
4443	18011	19426	33
4444	18019	19002	66
4445	18019	19232	66
4446	18024	18785	33
4447	18031	18782	30
4448	18031	18782	30
4449	18031	18960	33
4450	18041	18823	50
4451	18045	18783	33
4452	18048	18785	66
4453	18048	18785	66
4454	18048	18785	66
4455	18048	18785	66
4456	18048	18785	66
4457	18048	18785	66
4458	18048	18785	66
4459	18048	19101	66
4460	18048	19232	66
4461	18049	19410	33
4462	18060	18960	33
4463	18061	18781	50
4464	18061	18783	33
4465	18061	18900	66
4466	18061	18900	66
4467	18061	18900	66
4468	18061	18902	50
4469	18066	19092	33
4470	18066	19276	33
4471	18066	19409	33
4472	18068	18856	33
4473	18068	18856	33
4474	18091	18842	66
4475	18104	19290	33
4476	18111	18848	33
4477	18116	19069	33
4478	18116	19301	33
4479	18116	19301	33
4480	18119	18843	33
4481	18121	18874	33
4482	18121	18941	33
4483	18134	18887	33
4484	18140	19073	33
4485	18162	19551	33
4486	18168	18938	30
4487	18187	19098	33
4488	18193	18935	66
4489	18193	18937	66
4490	18193	18937	66
4491	18193	19001	66
4492	18193	19002	66
4493	18193	19003	66
4494	18208	19119	66
4495	18224	19147	66
4496	18226	19291	66
4497	18247	19026	33
4498	18252	19165	66
4499	18255	18998	66
4500	18256	19304	66
4501	18256	19304	66
4502	18260	19110	33
4503	18270	19617	66
4504	18279	19691	33
4505	18279	19694	33
4506	18280	19157	66
4507	18283	19456	33
4508	18283	19456	33
4509	18283	19711	66
4510	18285	19493	66
4511	18287	19691	33
4512	18287	19691	33
4513	18287	19691	33
4514	18289	19340	66
4515	18291	19456	33
4516	18302	19519	66
4517	18309	19181	33
4518	18321	19201	66
4519	18335	19241	66
4520	18336	19492	33
4521	18355	19600	66
4522	18361	19426	66
4523	18368	19488	33
4524	18370	19485	33
4525	18371	19123	33
4526	18373	19336	66
4527	18376	19342	66
4528	18379	19103	33
4529	18379	19360	66
4530	18385	19207	50
4531	18395	19158	33
4532	18395	19339	66
4533	18406	19477	33
4534	18411	19374	66
4535	18456	19589	33
4536	18456	19589	33
4537	18457	19376	66
4538	18482	19384	66
4539	18483	19500	66
4540	18493	19403	66
4541	18504	19353	66
4542	18523	19438	66
4543	18537	19361	66
4544	18542	19278	33
4545	18661	19919	33
4546	18670	19429	33
4547	18690	19455	40
4548	18720	19736	33
4549	18721	19737	33
4550	18721	19763	33
4551	18762	20160	66
4552	18762	20160	66
4553	18762	20160	66
4554	18762	20160	66
4555	18788	20160	25
4556	18797	20160	33
4557	18797	20160	33
4558	18797	20160	33
4559	18805	19682	33
4560	18808	20160	66
4561	18841	20103	66
4562	18841	20160	66
4563	18842	20100	66
4564	18842	20100	66
4565	18842	20101	66
4566	18842	20101	66
4567	18842	20101	66
4568	18842	20103	66
4569	18844	19578	66
4570	18845	20054	66
4571	18847	19754	33
4572	18852	20160	33
4573	18852	20160	33
4574	18856	20160	33
4575	18856	20160	66
4576	18859	19725	66
4577	18860	20160	33
4578	18866	20160	33
4579	18866	20160	33
4580	18866	20160	33
4581	18866	20160	33
4582	18866	20160	33
4583	18866	20160	33
4584	18866	20160	33
4585	18866	20160	33
4586	18866	20160	33
4587	18866	20160	33
4588	18866	20160	33
4589	18866	20160	33
4590	18866	20160	33
4591	18866	20160	33
4592	18866	20160	33
4593	18866	20160	33
4594	18866	20160	33
4595	18866	20160	33
4596	18866	20160	33
4597	18866	20160	33
4598	18866	20160	33
4599	18866	20160	33
4600	18866	20160	33
4601	18866	20160	33
4602	18866	20160	33
4603	18866	20160	33
4604	18866	20160	33
4605	18866	20160	33
4606	18866	20160	33
4607	18866	20160	33
4608	18866	20160	33
4609	18866	20160	33
4610	18866	20160	33
4611	18866	20160	33
4612	18866	20160	33
4613	18866	20160	33
4614	18866	20160	33
4615	18866	20160	33
4616	18866	20160	33
4617	18866	20160	33
4618	18868	20160	66
4619	18868	20160	66
4620	18877	20160	66
4621	18884	20160	66
4622	18886	20160	33
4623	18888	20160	33
4624	18888	20160	33
4625	18893	20160	33
4626	18904	20160	33
4627	18904	20160	33
4628	18907	20160	66
4629	18907	20160	66
4630	18911	19708	33
4631	18911	19738	33
4632	18911	19754	33
4633	18914	20160	33
4634	18917	19646	33
4635	18917	20160	66
4636	18917	20160	66
4637	18919	20160	66
4638	18920	20160	33
4639	18929	20160	66
4640	18930	20070	25
4641	18933	20160	33
4642	18935	19752	33
4643	18935	19754	33
4644	18946	19807	33
4645	18946	20160	33
4646	18946	20160	33
4647	18946	20160	33
4648	18946	20160	33
4649	18946	20160	33
4650	18946	20160	33
4651	18946	20160	33
4652	18946	20160	33
4653	18946	20160	33
4654	18946	20160	33
4655	18946	20160	33
4656	18946	20160	33
4657	18946	20160	33
4658	18946	20160	33
4659	18946	20160	33
4660	18946	20160	33
4661	18946	20160	33
4662	18946	20160	33
4663	18947	19683	33
4664	18947	19806	33
4665	18947	19806	33
4666	18947	19806	33
4667	18947	19806	33
4668	18947	19806	33
4669	18947	19806	33
4670	18947	19806	33
4671	18947	19806	33
4672	18947	19806	33
4673	18947	19806	33
4674	18947	19806	33
4675	18947	19806	33
4676	18947	19806	33
4677	18947	19806	33
4678	18947	19806	33
4679	18947	19807	33
4680	18947	19807	33
4681	18947	19807	33
4682	18947	19807	33
4683	18947	19807	33
4684	18947	19807	33
4685	18947	19807	33
4686	18947	19807	33
4687	18947	19811	33
4688	18947	20074	33
4689	18947	20160	33
4690	18947	20160	33
4691	18947	20160	33
4692	18947	20160	33
4693	18947	20160	33
4694	18947	20160	33
4695	18947	20160	33
4696	18947	20160	33
4697	18947	20160	33
4698	18947	20160	33
4699	18947	20160	33
4700	18947	20160	33
4701	18947	20160	33
4702	18947	20160	33
4703	18947	20160	33
4704	18947	20160	33
4705	18947	20160	33
4706	18947	20160	33
4707	18947	20160	33
4708	18947	20160	33
4709	18947	20160	33
4710	18947	20160	33
4711	18947	20160	33
4712	18947	20160	33
4713	18947	20160	33
4714	18947	20160	33
4715	18947	20160	33
4716	18947	20160	33
4717	18947	20160	33
4718	18947	20160	33
4719	18947	20160	33
4720	18947	20160	33
4721	18947	20160	33
4722	18947	20160	33
4723	18947	20160	33
4724	18947	20160	33
4725	18947	20160	33
4726	18947	20160	33
4727	18947	20160	33
4728	18947	20160	33
4729	18947	20160	33
4730	18947	20160	33
4731	18947	20160	33
4732	18947	20160	33
4733	18947	20160	33
4734	18947	20160	33
4735	18947	20160	33
4736	18947	20160	33
4737	18947	20160	33
4738	18947	20160	33
4739	18947	20160	33
4740	18947	20160	33
4741	18947	20160	33
4742	18947	20160	33
4743	18947	20160	33
4744	18947	20160	33
4745	18947	20160	33
4746	18947	20160	33
4747	18947	20160	33
4748	18947	20160	33
4749	18947	20160	33
4750	18947	20160	33
4751	18947	20160	33
4752	18947	20160	33
4753	18947	20160	33
4754	18947	20160	33
4755	18947	20160	33
4756	18947	20160	33
4757	18947	20160	33
4758	18947	20160	33
4759	18947	20160	33
4760	18947	20160	33
4761	18947	20160	33
4762	18947	20160	33
4763	18947	20160	33
4764	18947	20160	33
4765	18947	20160	33
4766	18947	20160	33
4767	18947	20160	33
4768	18947	20160	33
4769	18947	20160	33
4770	18947	20160	33
4771	18947	20160	33
4772	18947	20160	33
4773	18947	20160	33
4774	18947	20160	33
4775	18947	20160	33
4776	18947	20160	33
4777	18947	20160	33
4778	18947	20160	33
4779	18947	20160	33
4780	18947	20160	33
4781	18947	20160	33
4782	18947	20160	33
4783	18947	20160	33
4784	18947	20160	33
4785	18947	20160	33
4786	18948	19742	33
4787	18948	19742	33
4788	18948	19808	33
4789	18948	19808	33
4790	18948	19809	33
4791	18948	19809	33
4792	18948	19809	33
4793	18948	19809	33
4794	18948	19809	33
4795	18948	19809	33
4796	18948	20160	33
4797	18948	20160	33
4798	18948	20160	33
4799	18948	20160	33
4800	18948	20160	33
4801	18948	20160	33
4802	18948	20160	33
4803	18948	20160	33
4804	18948	20160	33
4805	18948	20160	33
4806	18948	20160	33
4807	18948	20160	33
4808	18948	20160	33
4809	18948	20160	33
4810	18948	20160	33
4811	18948	20160	33
4812	18948	20160	33
4813	18948	20160	33
4814	18948	20160	33
4815	18948	20160	33
4816	18948	20160	33
4817	18948	20160	33
4818	18948	20160	33
4819	18948	20160	33
4820	18948	20160	33
4821	18948	20160	33
4822	18948	20160	33
4823	18948	20160	33
4824	18948	20160	33
4825	18948	20160	33
4826	18948	20160	33
4827	18948	20160	33
4828	18948	20160	33
4829	18948	20160	33
4830	18948	20160	33
4831	18948	20160	33
4832	18948	20160	33
4833	18948	20160	33
4834	18948	20160	33
4835	18948	20160	33
4836	18948	20160	33
4837	18948	20160	33
4838	18948	20160	33
4839	18948	20160	33
4840	18948	20160	33
4841	18948	20160	33
4842	18948	20160	33
4843	18948	20160	33
4844	18953	19757	33
4845	18954	19690	33
4846	18962	20160	50
4847	18966	20048	33
4848	18968	20160	33
4849	18968	20160	33
4850	18969	19764	33
4851	18969	19923	33
4852	18969	19923	33
4853	18969	19923	33
4854	18978	19848	33
4855	18978	19923	33
4856	18992	20160	33
4857	18993	20160	33
4858	18999	20160	33
4859	19021	20160	33
4860	19021	20160	33
4861	19021	20160	33
4862	19022	19862	30
4863	19022	20160	33
4864	19022	20160	33
4865	19022	20160	33
4866	19022	20160	33
4867	19023	20160	66
4868	19026	20160	33
4869	19030	20091	33
4870	19030	20160	33
4871	19030	20160	33
4872	19068	20160	66
4873	19072	20160	66
4874	19072	20160	33
4875	19085	19805	33
4876	19085	20160	33
4877	19086	20070	33
4878	19088	20160	30
4879	19102	20160	66
4880	19102	20160	66
4881	19102	20160	66
4882	19102	20160	66
4883	19107	20160	33
4884	19107	20160	33
4885	19107	20160	33
4886	19112	20160	33
4887	19112	20160	33
4888	19112	20160	33
4889	19112	20160	33
4890	19140	20160	33
4891	19140	20160	33
4892	19140	20160	33
4893	19141	20055	66
4894	19151	20160	33
4895	19167	20160	33
4896	19167	20160	33
4897	19169	20144	33
4898	19169	20160	33
4899	19172	20160	33
4900	19177	20160	33
4901	19177	20160	33
4902	19190	20160	33
4903	19194	20160	33
4904	19194	20160	33
4905	19196	20105	33
4906	19213	20160	25
4907	19222	20160	33
4908	19223	20160	33
4909	19223	20160	33
4910	19226	20160	66
4911	19231	20144	33
4912	19231	20160	33
4913	19231	20160	33
4914	19232	20160	30
4915	19234	20160	33
4916	19236	20160	66
4917	19250	20059	33
4918	19256	20160	33
4919	19267	20160	33
4920	19267	20160	33
4921	19272	20160	33
4922	19272	20160	33
4923	19274	20160	33
4924	19277	20046	66
4925	19294	20144	33
4926	19294	20144	33
4927	19294	20144	33
4928	19302	20160	33
4929	19305	20160	33
4930	19306	20160	30
4931	19307	20144	33
4932	19309	20160	33
4933	19309	20160	33
4934	19309	20160	33
4935	19321	20160	33
4936	19321	20160	33
4937	19322	20160	33
4938	19323	20160	33
4939	19323	20160	33
4940	19326	20160	33
4941	19328	20160	33
4942	19330	20160	30
4943	19330	20160	30
4944	19332	20070	33
4945	19332	20160	33
4946	19332	20160	33
4947	19332	20160	33
4948	19332	20160	33
4949	19334	20160	33
4950	19336	20160	50
4951	19346	20160	33
4952	19346	20160	33
4953	19346	20160	33
4954	19347	20160	33
4955	19347	20160	33
4956	19348	20160	33
4957	19348	20160	33
4958	19348	20160	33
4959	19348	20160	33
4960	19348	20160	33
4961	19349	20160	33
4962	19351	20160	50
4963	19352	20160	33
4964	19356	20160	50
4965	19358	20160	66
4966	19359	20160	33
4967	19359	20160	66
4968	19365	20160	30
4969	19367	20160	33
4970	19376	20160	33
4971	19376	20160	33
4972	19376	20160	33
4973	19379	20160	33
4974	19380	20160	33
4975	19381	20105	33
4976	19383	20160	33
4977	19384	20160	33
4978	19384	20160	33
4979	19384	20160	33
4980	19384	20160	33
4981	19384	20160	33
4982	19384	20160	33
4983	19384	20160	66
4984	19387	20160	33
4985	19388	20160	33
4986	19398	20160	33
4987	19399	20160	33
4988	19404	20160	50
4989	19407	20160	33
4990	19407	20160	33
4991	19414	20160	66
4992	19414	20160	66
4993	19414	20160	66
4994	19414	20160	33
4995	19414	20160	66
4996	19432	20160	33
4997	19432	20160	33
4998	19435	20160	33
4999	19440	20160	33
