5000	100	0	0
0	0	721	33
1	0	722	33
2	0	722	33
3	0	723	61
4	0	724	33
5	0	724	33
6	0	724	33
7	0	728	33
8	0	735	33
9	0	735	66
10	0	745	33
11	0	745	33
12	0	745	33
13	0	747	33
14	0	747	33
15	0	747	33
16	0	755	33
17	0	755	33
18	0	755	33
19	0	755	33
20	0	755	33
21	0	755	33
22	0	755	33
23	0	755	33
24	0	755	33
25	0	755	33
26	0	755	33
27	0	755	33
28	0	755	33
29	0	755	33
30	0	755	33
31	0	755	33
32	0	755	33
33	0	755	33
34	0	755	33
35	0	755	33
36	0	755	33
37	0	755	33
38	0	755	33
39	0	755	33
40	0	755	33
41	0	755	33
42	0	755	33
43	0	755	33
44	0	755	33
45	0	755	33
46	0	755	33
47	0	755	33
48	0	755	33
49	0	755	33
50	0	755	33
51	0	755	33
52	0	755	33
53	0	755	33
54	0	755	33
55	0	755	33
56	0	755	33
57	0	755	33
58	0	755	33
59	0	755	33
60	0	755	33
61	0	755	33
62	0	755	33
63	0	755	33
64	0	755	33
65	0	755	33
66	0	755	33
67	0	755	33
68	0	755	33
69	0	755	33
70	0	755	33
71	0	755	33
72	0	755	33
73	0	755	33
74	0	755	33
75	0	755	33
76	0	755	33
77	0	755	33
78	0	755	33
79	0	755	33
80	0	755	33
81	0	755	33
82	0	755	33
83	0	755	33
84	0	755	33
85	0	755	33
86	0	755	33
87	0	755	33
88	0	755	33
89	0	755	33
90	0	755	33
91	0	755	33
92	0	755	33
93	0	755	33
94	0	755	33
95	0	755	33
96	0	755	33
97	0	755	33
98	0	755	33
99	0	755	33
100	0	755	33
101	0	755	33
102	0	755	33
103	0	755	33
104	0	755	33
105	0	755	33
106	0	755	33
107	0	755	33
108	0	755	33
109	0	755	33
110	0	755	33
111	0	755	33
112	0	755	33
113	0	755	33
114	0	755	33
115	0	755	33
116	0	755	33
117	0	755	33
118	0	755	33
119	0	755	33
120	0	755	33
121	0	755	33
122	0	755	33
123	0	755	33
124	0	755	33
125	0	755	33
126	0	755	33
127	0	755	33
128	0	755	33
129	0	755	33
130	0	755	33
131	0	755	33
132	0	758	66
133	0	758	33
134	0	761	33
135	0	764	33
136	0	764	33
137	0	764	33
138	0	764	33
139	0	781	33
140	0	781	33
141	0	791	33
142	0	796	66
143	0	797	33
144	0	802	33
145	0	802	33
146	0	805	33
147	0	817	66
148	0	817	33
149	0	821	33
150	0	821	33
151	0	821	33
152	0	821	33
153	0	821	33
154	0	846	30
155	0	847	33
156	0	850	30
157	0	856	33
158	0	859	50
159	0	859	25
160	0	860	33
161	0	860	50
162	0	862	33
163	0	862	33
164	0	866	33
165	0	872	33
166	0	876	33
167	0	877	66
168	0	881	66
169	0	885	33
170	0	887	33
171	0	892	33
172	0	900	33
173	0	901	33
174	0	901	33
175	0	914	33
176	0	925	33
177	0	925	33
178	0	940	33
179	0	942	66
180	0	943	33
181	0	945	66
182	0	951	33
183	0	990	33
184	0	996	66
185	0	1005	33
186	0	1012	33
187	0	1012	66
188	0	1013	66
189	0	1013	66
190	0	1013	66
191	0	1013	66
192	0	1013	66
193	0	1013	66
194	0	1013	66
195	0	1020	33
196	0	1020	33
197	0	1020	33
198	0	1020	33
199	0	1020	33
200	0	1020	33
201	0	1020	33
202	0	1021	30
203	0	1021	30
204	0	1022	50
205	0	1024	61
206	0	1045	66
207	0	1048	33
208	0	1062	33
209	0	1075	66
210	0	1075	66
211	0	1075	66
212	0	1075	66
213	0	1076	66
214	0	1076	66
215	0	1076	66
216	0	1076	66
217	0	1086	33
218	0	1087	66
219	0	1101	66
220	0	1101	66
221	0	1107	33
222	0	1108	66
223	0	1108	66
224	0	1108	66
225	0	1111	33
226	0	1131	33
227	0	1136	33
228	0	1140	33
229	0	1140	33
230	0	1140	33
231	0	1140	33
232	0	1140	33
233	0	1141	33
234	0	1141	33
235	0	1141	33
236	0	1141	33
237	0	1141	30
238	0	1141	33
239	0	1141	33
240	0	1141	33
241	0	1141	33
242	0	1141	33
243	0	1141	33
244	0	1141	33
245	0	1141	33
246	0	1141	33
247	0	1141	33
248	0	1141	33
249	0	1141	33
250	0	1141	33
251	0	1141	33
252	0	1141	33
253	0	1141	33
254	0	1141	33
255	0	1141	33
256	0	1141	33
257	0	1141	33
258	0	1141	33
259	0	1142	33
260	0	1142	33
261	0	1142	33
262	0	1142	33
263	0	1142	33
264	0	1142	33
265	0	1142	33
266	0	1142	33
267	0	1142	33
268	0	1142	33
269	0	1142	33
270	0	1142	33
271	0	1142	33
272	0	1142	33
273	0	1142	33
274	0	1144	30
275	0	1144	33
276	0	1145	30
277	0	1155	33
278	0	1156	33
279	0	1156	33
280	0	1156	33
281	0	1157	33
282	0	1157	33
283	0	1157	33
284	0	1157	33
285	0	1157	33
286	0	1157	33
287	0	1157	33
288	0	1157	33
289	0	1157	33
290	0	1157	33
291	0	1157	33
292	0	1157	33
293	0	1157	33
294	0	1157	33
295	0	1157	33
296	0	1157	33
297	0	1157	33
298	0	1157	33
299	0	1157	33
300	0	1157	33
301	0	1157	33
302	0	1157	33
303	0	1157	33
304	0	1157	33
305	0	1157	33
306	0	1157	33
307	0	1157	33
308	0	1157	33
309	0	1157	33
310	0	1157	33
311	0	1157	33
312	0	1157	33
313	0	1157	33
314	0	1157	33
315	0	1157	33
316	0	1157	33
317	0	1157	33
318	0	1158	33
319	0	1158	33
320	0	1158	33
321	0	1158	33
322	0	1158	33
323	0	1158	33
324	0	1158	33
325	0	1158	33
326	0	1158	33
327	0	1158	33
328	0	1158	33
329	0	1158	33
330	0	1158	33
331	0	1158	33
332	0	1158	33
333	0	1158	33
334	0	1159	33
335	0	1159	66
336	0	1163	30
337	0	1175	66
338	0	1182	33
339	0	1198	30
340	0	1199	30
341	0	1202	33
342	0	1203	66
343	0	1214	33
344	0	1215	33
345	0	1215	33
346	0	1220	33
347	0	1227	33
348	0	1227	33
349	0	1230	66
350	0	1237	33
351	0	1246	30
352	0	1247	33
353	0	1247	33
354	0	1247	33
355	0	1247	33
356	0	1249	30
357	0	1251	66
358	0	1255	33
359	0	1257	33
360	0	1260	33
361	0	1265	33
362	0	1274	33
363	0	1294	40
364	0	1302	30
365	0	1306	33
366	0	1308	30
367	0	1310	66
368	0	1310	66
369	0	1313	30
370	0	1321	33
371	0	1321	33
372	0	1321	33
373	0	1331	30
374	0	1331	30
375	0	1333	30
376	0	1333	30
377	0	1355	40
378	0	1379	33
379	0	1381	33
380	0	1390	66
381	0	1390	66
382	0	1390	66
383	0	1390	66
384	0	1390	66
385	0	1390	66
386	0	1390	66
387	0	1390	66
388	0	1390	66
389	0	1390	66
390	0	1390	66
391	0	1390	66
392	0	1390	33
393	0	1390	33
394	0	1390	33
395	0	1390	33
396	0	1396	66
397	0	1398	30
398	0	1417	50
399	0	1418	66
400	0	1418	66
401	0	1418	66
402	0	1418	66
403	0	1418	66
404	0	1418	66
405	0	1418	66
406	0	1418	66
407	0	1418	66
408	0	1418	66
409	0	1431	33
410	0	1433	33
411	0	1437	66
412	0	1437	66
413	2	850	33
414	4	908	33
415	21	878	33
416	28	1106	33
417	58	1147	33
418	60	1447	33
419	61	1311	33
420	61	1311	33
421	73	860	25
422	74	860	25
423	75	1027	66
424	97	932	33
425	100	1203	66
426	100	1203	66
427	107	1536	33
428	117	878	33
429	121	878	33
430	121	1382	66
431	122	1380	66
432	122	1380	66
433	122	1381	66
434	122	1381	66
435	122	1381	66
436	122	1381	66
437	122	1381	66
438	125	878	33
439	125	878	33
440	125	878	33
441	125	937	33
442	126	937	33
443	127	878	33
444	129	937	33
445	129	937	33
446	129	937	33
447	151	937	33
448	152	1265	50
449	158	1043	66
450	158	1157	66
451	158	1157	66
452	158	1157	66
453	162	1117	33
454	162	1147	33
455	162	1247	33
456	162	1247	33
457	162	1311	33
458	162	1541	66
459	165	1010	66
460	165	1043	66
461	165	1043	66
462	165	1043	66
463	165	1335	66
464	167	931	25
465	171	1034	66
466	171	1034	66
467	201	1142	66
468	201	1142	66
469	204	929	33
470	204	945	33
471	204	990	33
472	206	1141	66
473	206	1142	66
474	214	1142	66
475	214	1142	66
476	214	1142	66
477	215	1037	66
478	215	1193	33
479	216	1038	66
480	216	1141	66
481	216	1141	66
482	216	1141	66
483	216	1141	66
484	216	1141	66
485	216	1142	66
486	216	1142	66
487	216	1142	66
488	216	1142	66
489	216	1142	66
490	216	1142	66
491	216	1142	66
492	217	1158	66
493	217	1160	66
494	218	1037	66
495	218	1037	66
496	218	1037	66
497	218	1142	66
498	218	1160	66
499	218	1214	66
500	219	1573	33
501	222	1311	33
502	223	980	66
503	223	1043	66
504	223	1157	66
505	239	1562	33
506	247	1043	66
507	247	1327	33
508	248	1660	66
509	249	974	33
510	249	998	33
511	249	1260	33
512	249	1304	66
513	249	1304	66
514	251	1159	33
515	252	1321	33
516	253	1141	33
517	253	1141	33
518	253	1142	33
519	253	1161	33
520	253	1161	33
521	253	1291	33
522	253	1338	33
523	253	1381	33
524	254	1168	33
525	254	1171	33
526	261	994	33
527	261	1043	66
528	261	1141	33
529	261	1141	33
530	261	1142	33
531	261	1142	33
532	261	1142	33
533	261	1142	33
534	261	1142	33
535	261	1142	33
536	261	1142	33
537	261	1142	33
538	261	1142	33
539	261	1142	33
540	261	1142	33
541	261	1142	33
542	261	1142	33
543	261	1142	33
544	261	1142	33
545	261	1142	33
546	261	1142	33
547	261	1142	33
548	261	1142	33
549	261	1156	66
550	261	1157	66
551	261	1215	33
552	261	1215	33
553	261	1217	33
554	261	1217	33
555	261	1249	33
556	261	1268	33
557	261	1286	33
558	261	1387	33
559	261	1441	33
560	267	1157	66
561	267	1157	66
562	268	1043	66
563	275	1019	66
564	275	1127	66
565	275	1362	66
566	282	1044	33
567	282	1142	33
568	282	1142	33
569	282	1142	33
570	282	1142	33
571	282	1142	33
572	282	1142	33
573	282	1142	33
574	282	1142	33
575	282	1142	33
576	282	1142	33
577	282	1142	33
578	282	1142	33
579	282	1142	33
580	282	1142	33
581	282	1142	33
582	282	1142	33
583	282	1142	33
584	282	1142	33
585	282	1142	33
586	282	1142	33
587	282	1142	33
588	282	1142	33
589	282	1142	33
590	282	1205	33
591	282	1217	33
592	282	1217	33
593	282	1320	33
594	282	1385	33
595	282	1385	33
596	283	1043	33
597	283	1043	33
598	283	1156	33
599	283	1157	33
600	284	1157	33
601	284	1157	33
602	284	1157	33
603	284	1157	33
604	284	1157	33
605	284	1157	33
606	284	1157	33
607	284	1157	33
608	284	1157	33
609	284	1158	33
610	284	1158	33
611	284	1158	33
612	284	1159	33
613	285	1157	33
614	301	1021	33
615	301	1270	33
616	304	1106	33
617	313	1140	66
618	313	1141	66
619	313	1141	66
620	313	1141	66
621	313	1141	66
622	313	1141	66
623	313	1141	66
624	313	1141	66
625	313	1141	66
626	314	1045	66
627	314	1045	66
628	314	1745	33
629	316	1040	66
630	316	1040	66
631	316	1040	66
632	316	1040	66
633	316	1040	66
634	316	1040	66
635	316	1040	66
636	316	1045	66
637	316	1045	66
638	316	1095	33
639	316	1103	66
640	337	1352	25
641	348	1481	33
642	348	1481	33
643	357	1672	66
644	371	1098	33
645	376	1290	33
646	376	1626	66
647	377	1156	33
648	377	1156	33
649	377	1156	33
650	377	1157	33
651	377	1157	33
652	377	1157	33
653	377	1157	33
654	377	1157	33
655	377	1157	33
656	377	1157	33
657	377	1157	33
658	377	1157	33
659	377	1157	33
660	377	1157	33
661	377	1157	33
662	377	1157	33
663	377	1157	33
664	377	1157	33
665	377	1158	33
666	377	1158	33
667	377	1158	33
668	377	1158	33
669	377	1158	33
670	377	1161	33
671	377	1365	33
672	378	1157	33
673	414	1260	33
674	415	1156	33
675	415	1158	33
676	415	1158	33
677	415	1163	33
678	417	1140	33
679	417	1140	33
680	417	1140	33
681	417	1141	33
682	417	1141	33
683	417	1141	33
684	417	1141	33
685	417	1141	33
686	417	1141	33
687	417	1141	33
688	417	1141	33
689	417	1141	33
690	417	1141	33
691	417	1141	33
692	417	1141	33
693	417	1141	33
694	417	1142	33
695	417	1142	33
696	417	1142	33
697	417	1142	33
698	424	1659	33
699	427	1153	33
700	427	1156	33
701	427	1156	33
702	427	1156	33
703	427	1157	33
704	427	1157	33
705	427	1157	33
706	427	1157	33
707	427	1157	33
708	427	1157	33
709	427	1157	33
710	427	1158	33
711	427	1158	33
712	427	1158	33
713	427	1158	33
714	427	1158	33
715	427	1158	33
716	427	1158	33
717	427	1158	33
718	427	1158	33
719	427	1159	33
720	427	1159	33
721	427	1338	33
722	427	1338	33
723	434	1309	33
724	434	1324	33
725	434	1428	33
726	434	1588	33
727	438	1339	66
728	438	1799	66
729	438	1865	66
730	447	1741	33
731	451	1645	33
732	458	1205	33
733	458	1338	33
734	458	1860	33
735	464	1338	33
736	464	1445	33
737	464	1682	33
738	464	1860	33
739	464	1860	33
740	518	1381	66
741	518	1381	66
742	520	1891	66
743	530	1340	33
744	530	1409	25
745	531	1408	25
746	531	1408	25
747	532	1408	25
748	532	1408	25
749	533	1408	25
750	537	1891	33
751	538	1320	33
752	538	1321	33
753	538	1321	33
754	538	1375	33
755	538	1375	33
756	538	1375	33
757	538	1645	33
758	538	1898	33
759	543	1980	33
760	571	1396	33
761	572	1294	33
762	572	1321	33
763	572	1501	33
764	572	1620	33
765	572	1944	33
766	585	1727	66
767	589	1801	66
768	589	1840	66
769	589	2013	66
770	590	1541	66
771	592	1920	66
772	593	1541	66
773	593	1541	66
774	593	1541	66
775	597	1869	66
776	597	2013	66
777	601	1343	33
778	601	1780	33
779	603	1516	25
780	603	1516	33
781	608	1509	33
782	608	1575	33
783	609	1365	33
784	609	1435	33
785	609	1547	33
786	609	1575	33
787	609	1575	33
788	609	1575	33
789	613	1498	33
790	613	1769	33
791	613	1769	33
792	613	1883	33
793	614	1365	33
794	616	1636	33
795	616	1657	33
796	617	1561	33
797	617	1562	33
798	617	1562	33
799	617	1956	33
800	617	2046	33
801	617	2046	33
802	623	1395	33
803	627	1384	33
804	627	1774	33
805	627	1862	33
806	627	1934	33
807	629	1916	30
808	664	1944	66
809	667	1554	33
810	667	1654	33
811	667	1872	33
812	667	1910	33
813	668	1836	33
814	685	1976	33
815	690	1621	66
816	691	1641	66
817	691	1669	66
818	691	1669	66
819	696	1501	50
820	703	1834	33
821	703	1834	33
822	703	1836	33
823	706	1784	33
824	709	1502	66
825	720	1560	33
826	721	1687	33
827	721	1688	33
828	721	1688	33
829	721	1688	33
830	722	1863	30
831	723	1464	25
832	723	1515	25
833	723	1724	33
834	723	2143	33
835	723	2144	33
836	726	1448	66
837	729	1569	66
838	748	2151	33
839	749	2056	33
840	755	1530	33
841	756	1752	66
842	759	1995	66
843	766	1901	33
844	766	1901	33
845	766	1901	33
846	766	1901	33
847	767	1901	33
848	767	1901	33
849	767	1901	33
850	767	1901	33
851	767	1901	33
852	767	1901	33
853	767	1905	33
854	769	1901	33
855	781	1620	66
856	781	1620	66
857	781	1620	66
858	785	2060	66
859	789	1579	33
860	789	1579	33
861	791	1518	33
862	803	1995	33
863	803	1995	33
864	805	1564	66
865	805	1564	66
866	805	1564	66
867	805	1564	66
868	805	1564	66
869	805	1565	66
870	805	1565	66
871	805	1565	66
872	805	1566	66
873	805	1566	66
874	816	1901	33
875	816	1901	33
876	816	1901	33
877	816	1901	33
878	816	1901	33
879	816	1901	33
880	816	1901	33
881	816	1901	33
882	816	1901	33
883	816	1901	33
884	816	1901	33
885	816	1901	33
886	816	1901	33
887	816	1901	33
888	816	1901	33
889	816	1901	33
890	816	1901	33
891	816	1901	33
892	816	1905	33
893	816	1905	33
894	816	1905	33
895	817	1901	33
896	817	1901	33
897	817	1901	33
898	817	1901	33
899	817	1901	33
900	817	1901	33
901	817	1901	33
902	817	1901	33
903	817	1901	33
904	817	1901	33
905	817	1901	33
906	817	1901	33
907	817	1901	33
908	817	1901	33
909	817	1901	33
910	817	1901	33
911	817	1905	33
912	817	1905	33
913	818	1901	33
914	818	1901	33
915	818	1901	33
916	818	1901	33
917	818	1901	33
918	818	1901	33
919	818	1901	33
920	818	1901	33
921	818	1901	33
922	819	1901	33
923	819	1901	33
924	819	1901	33
925	819	1901	33
926	819	1901	33
927	819	1901	33
928	819	1901	33
929	819	1901	33
930	819	1901	33
931	819	1901	33
932	819	1901	33
933	819	1901	33
934	819	1901	33
935	819	1901	33
936	819	1901	33
937	819	1901	33
938	820	1901	33
939	820	1901	33
940	820	1901	33
941	820	1901	33
942	820	1901	33
943	820	1901	33
944	820	1901	33
945	820	1901	33
946	820	1901	33
947	820	1901	33
948	820	1901	33
949	820	1901	33
950	820	1901	33
951	820	1901	33
952	820	1901	33
953	820	1904	33
954	821	1901	33
955	821	1901	33
956	821	1901	33
957	821	1901	33
958	821	1901	33
959	821	1901	33
960	821	1901	33
961	821	1901	33
962	821	1901	33
963	821	1901	33
964	823	1573	66
965	830	1952	33
966	844	1704	33
967	845	1634	33
968	845	1707	33
969	865	1590	33
970	889	1873	33
971	889	1873	33
972	891	1711	30
973	895	2161	33
974	901	1641	66
975	911	2026	66
976	911	2026	66
977	916	1874	66
978	922	2134	33
979	926	2026	66
980	926	2026	66
981	926	2026	66
982	926	2026	66
983	926	2026	66
984	933	1901	33
985	933	1901	33
986	945	1772	25
987	954	1681	33
988	958	2044	33
989	967	1872	33
990	967	1891	33
991	967	2224	33
992	967	2297	33
993	969	1830	33
994	989	1869	33
995	993	1840	33
996	999	2071	66
997	1005	2161	33
998	1007	1956	33
999	1009	2207	66
1000	1010	2019	66
1001	1019	2130	66
1002	1024	2008	66
1003	1044	1821	33
1004	1052	2327	66
1005	1068	1887	33
1006	1068	1887	33
1007	1070	1957	66
1008	1070	1958	66
1009	1075	2300	50
1010	1077	2051	33
1011	1079	1887	33
1012	1081	1887	33
1013	1081	1887	33
1014	1081	1887	33
1015	1093	2300	50
1016	1119	2126	66
1017	1146	2139	33
1018	1146	2170	33
1019	1146	2170	33
1020	1146	2185	33
1021	1146	2200	33
1022	1146	2386	33
1023	1155	2108	33
1024	1155	2119	33
1025	1156	2098	33
1026	1156	2099	33
1027	1156	2120	33
1028	1157	1996	33
1029	1157	2204	33
1030	1157	2204	33
1031	1157	2204	33
1032	1157	2204	33
1033	1158	2109	33
1034	1159	2109	33
1035	1165	2162	66
1036	1166	2300	25
1037	1166	2300	25
1038	1168	2301	25
1039	1171	2301	25
1040	1172	2242	66
1041	1177	1901	33
1042	1177	1901	33
1043	1177	1901	33
1044	1177	1905	33
1045	1178	1901	33
1046	1178	1901	33
1047	1178	1901	33
1048	1178	1901	33
1049	1178	1901	33
1050	1178	1901	33
1051	1178	1901	33
1052	1178	1901	33
1053	1178	1901	33
1054	1178	1901	33
1055	1179	1901	33
1056	1179	1901	33
1057	1179	1901	33
1058	1179	1901	33
1059	1179	1901	33
1060	1179	1901	33
1061	1179	1901	33
1062	1179	1901	33
1063	1179	1901	33
1064	1179	1901	33
1065	1180	1901	33
1066	1180	1901	33
1067	1180	1901	33
1068	1180	1901	33
1069	1180	1901	33
1070	1180	1901	33
1071	1181	1901	33
1072	1181	1901	33
1073	1181	1901	33
1074	1181	1901	33
1075	1182	2212	66
1076	1191	2098	33
1077	1191	2108	33
1078	1210	2161	33
1079	1212	2166	50
1080	1219	1951	66
1081	1219	1994	66
1082	1219	2193	66
1083	1222	1988	66
1084	1222	1996	66
1085	1222	2024	66
1086	1222	2044	66
1087	1222	2479	66
1088	1222	2479	66
1089	1222	2495	66
1090	1222	2495	66
1091	1222	2495	66
1092	1231	2138	33
1093	1242	2044	66
1094	1242	2478	66
1095	1242	2478	66
1096	1242	2478	66
1097	1242	2494	66
1098	1242	2494	66
1099	1242	2494	66
1100	1242	2495	66
1101	1242	2495	66
1102	1247	2060	33
1103	1247	2064	33
1104	1256	2074	66
1105	1260	2444	66
1106	1273	2303	33
1107	1282	2051	33
1108	1282	2056	33
1109	1282	2056	33
1110	1282	2056	33
1111	1283	2057	33
1112	1298	2129	33
1113	1298	2129	33
1114	1298	2253	33
1115	1299	2108	33
1116	1299	2129	33
1117	1299	2159	33
1118	1299	2225	33
1119	1300	2657	25
1120	1304	2058	66
1121	1311	2063	66
1122	1311	2270	66
1123	1311	2270	66
1124	1311	2270	66
1125	1312	2270	66
1126	1312	2270	66
1127	1312	2270	66
1128	1313	2061	66
1129	1313	2270	66
1130	1313	2270	66
1131	1313	2270	66
1132	1313	2270	66
1133	1313	2270	66
1134	1313	2270	66
1135	1313	2270	66
1136	1313	2270	66
1137	1313	2270	66
1138	1314	2122	66
1139	1318	2270	66
1140	1318	2270	66
1141	1318	2270	66
1142	1318	2270	66
1143	1318	2270	66
1144	1318	2270	66
1145	1318	2270	66
1146	1318	2270	66
1147	1322	2060	66
1148	1322	2060	66
1149	1322	2060	66
1150	1322	2060	66
1151	1322	2060	66
1152	1322	2060	66
1153	1322	2060	66
1154	1322	2060	66
1155	1322	2060	66
1156	1322	2060	66
1157	1322	2060	66
1158	1322	2062	66
1159	1322	2062	66
1160	1322	2062	66
1161	1322	2062	66
1162	1322	2062	66
1163	1322	2062	66
1164	1322	2062	66
1165	1322	2062	66
1166	1322	2062	66
1167	1322	2062	66
1168	1322	2062	66
1169	1322	2062	66
1170	1322	2062	66
1171	1322	2062	66
1172	1322	2062	66
1173	1322	2062	66
1174	1322	2062	66
1175	1322	2062	66
1176	1322	2062	66
1177	1322	2062	66
1178	1322	2062	66
1179	1322	2062	66
1180	1322	2063	66
1181	1322	2063	66
1182	1322	2063	66
1183	1322	2063	66
1184	1322	2063	66
1185	1322	2063	66
1186	1322	2063	66
1187	1322	2063	66
1188	1323	2158	33
1189	1327	2270	66
1190	1327	2270	66
1191	1327	2270	66
1192	1327	2270	66
1193	1327	2270	66
1194	1327	2270	66
1195	1327	2270	66
1196	1327	2270	66
1197	1327	2270	66
1198	1330	2270	66
1199	1330	2270	66
1200	1330	2270	66
1201	1330	2270	66
1202	1330	2270	66
1203	1330	2270	66
1204	1330	2270	66
1205	1330	2270	66
1206	1335	2271	66
1207	1335	2271	66
1208	1335	2271	66
1209	1335	2271	66
1210	1335	2271	66
1211	1336	2270	66
1212	1336	2270	66
1213	1336	2270	66
1214	1336	2270	66
1215	1336	2270	66
1216	1336	2270	66
1217	1336	2270	66
1218	1336	2270	66
1219	1342	2270	66
1220	1342	2270	66
1221	1342	2270	66
1222	1342	2270	66
1223	1342	2270	66
1224	1342	2270	66
1225	1342	2270	66
1226	1347	2257	33
1227	1347	2709	33
1228	1350	2272	66
1229	1350	2272	66
1230	1350	2272	66
1231	1350	2272	66
1232	1350	2272	66
1233	1350	2272	66
1234	1352	2242	66
1235	1352	2272	66
1236	1352	2272	66
1237	1352	2272	66
1238	1352	2272	66
1239	1353	2272	66
1240	1353	2272	66
1241	1353	2272	66
1242	1353	2272	66
1243	1353	2272	66
1244	1353	2272	66
1245	1353	2272	66
1246	1353	2272	66
1247	1353	2272	66
1248	1353	2272	66
1249	1353	2272	66
1250	1360	2131	66
1251	1360	2272	66
1252	1360	2272	66
1253	1360	2272	66
1254	1362	2314	33
1255	1399	2824	33
1256	1404	2300	25
1257	1404	2300	50
1258	1437	2297	33
1259	1437	2359	33
1260	1437	2359	33
1261	1441	2289	33
1262	1441	2289	33
1263	1445	2855	33
1264	1459	2886	33
1265	1467	2556	33
1266	1467	2558	33
1267	1474	2823	66
1268	1474	2823	66
1269	1488	2212	33
1270	1488	2257	33
1271	1488	2868	33
1272	1489	2250	33
1273	1489	2710	33
1274	1562	2820	66
1275	1562	2820	66
1276	1562	2820	66
1277	1562	2820	66
1278	1562	2822	66
1279	1562	2822	66
1280	1569	2614	66
1281	1614	3006	66
1282	1633	2427	33
1283	1633	2444	33
1284	1633	2458	33
1285	1633	2458	33
1286	1634	2575	33
1287	1635	2824	33
1288	1635	2867	33
1289	1636	2357	33
1290	1636	2550	33
1291	1638	2618	66
1292	1645	2380	33
1293	1653	2913	66
1294	1653	2913	66
1295	1681	2418	66
1296	1684	2498	33
1297	1684	2521	33
1298	1684	2647	33
1299	1684	2717	33
1300	1684	2717	33
1301	1684	2741	33
1302	1684	2741	33
1303	1684	2741	33
1304	1684	2761	33
1305	1686	2809	33
1306	1695	2635	66
1307	1706	2822	25
1308	1709	2481	33
1309	1710	2546	33
1310	1712	2753	33
1311	1712	2753	33
1312	1724	2534	66
1313	1726	2504	33
1314	1726	2504	33
1315	1726	2504	33
1316	1726	2504	33
1317	1726	2504	33
1318	1726	2504	33
1319	1730	2824	33
1320	1730	2824	33
1321	1738	2650	33
1322	1738	2902	33
1323	1738	2902	33
1324	1741	2582	30
1325	1741	2582	30
1326	1746	2814	33
1327	1749	2915	66
1328	1749	2915	66
1329	1749	2915	66
1330	1749	2915	66
1331	1784	2514	66
1332	1799	2718	33
1333	1807	2885	33
1334	1816	2591	33
1335	1816	2591	33
1336	1816	2591	33
1337	1816	2941	33
1338	1816	3050	33
1339	1816	3114	33
1340	1817	2797	33
1341	1817	2797	33
1342	1817	2836	33
1343	1817	2882	30
1344	1817	3000	33
1345	1818	2641	33
1346	1818	2663	33
1347	1827	2694	33
1348	1827	2694	33
1349	1827	2751	33
1350	1828	2707	33
1351	1834	2823	33
1352	1835	2737	33
1353	1835	2753	33
1354	1835	2778	33
1355	1835	2819	33
1356	1835	2867	33
1357	1835	2885	33
1358	1839	3122	33
1359	1840	2571	33
1360	1840	2639	33
1361	1840	2639	33
1362	1840	2823	33
1363	1840	2823	33
1364	1840	3138	33
1365	1857	2675	33
1366	1881	2762	33
1367	1893	2947	33
1368	1893	3221	33
1369	1915	3142	33
1370	1919	2824	33
1371	1920	2815	33
1372	1920	2815	33
1373	1920	2819	33
1374	1920	3063	33
1375	1927	2956	33
1376	1930	2956	33
1377	1934	3221	33
1378	1935	2885	33
1379	1952	2761	33
1380	1957	3138	33
1381	1963	2797	66
1382	1983	3112	33
1383	1987	3426	33
1384	1993	3421	33
1385	1997	2966	33
1386	1997	3431	33
1387	1997	3431	33
1388	2008	3442	33
1389	2011	3032	33
1390	2023	2787	33
1391	2039	3326	33
1392	2044	3021	33
1393	2046	3014	33
1394	2046	3014	33
1395	2046	3014	33
1396	2048	3130	33
1397	2049	3262	33
1398	2058	2984	33
1399	2058	3006	33
1400	2058	3149	33
1401	2058	3210	33
1402	2058	3419	33
1403	2069	3025	33
1404	2075	3189	66
1405	2075	3371	66
1406	2077	3307	66
1407	2088	3001	33
1408	2097	3123	33
1409	2100	3084	66
1410	2101	3121	33
1411	2103	2946	66
1412	2103	3004	66
1413	2103	3065	66
1414	2104	3292	33
1415	2130	3094	66
1416	2131	3060	66
1417	2131	3060	66
1418	2131	3060	66
1419	2131	3060	66
1420	2131	3060	66
1421	2131	3066	66
1422	2131	3071	66
1423	2131	3075	66
1424	2131	3081	66
1425	2149	3142	33
1426	2161	2960	33
1427	2162	2932	25
1428	2162	3122	33
1429	2162	3123	33
1430	2163	2883	66
1431	2163	2885	66
1432	2163	2885	66
1433	2163	2945	66
1434	2164	2887	33
1435	2164	3010	33
1436	2166	2947	33
1437	2169	3511	33
1438	2171	3587	33
1439	2172	3559	33
1440	2182	3138	40
1441	2187	3213	66
1442	2191	2941	30
1443	2191	3602	33
1444	2196	2970	33
1445	2196	3085	33
1446	2196	3303	33
1447	2196	3437	33
1448	2203	3095	33
1449	2203	3095	33
1450	2203	3095	33
1451	2207	2947	33
1452	2211	3163	33
1453	2220	2941	50
1454	2220	3120	33
1455	2220	3120	33
1456	2220	3122	25
1457	2220	3122	25
1458	2221	3060	66
1459	2221	3060	66
1460	2221	3060	66
1461	2221	3060	66
1462	2221	3111	33
1463	2221	3529	33
1464	2221	3529	33
1465	2221	3529	33
1466	2223	2944	33
1467	2224	3392	33
1468	2225	3392	33
1469	2226	3392	33
1470	2236	3283	25
1471	2254	3251	33
1472	2254	3251	33
1473	2254	3470	33
1474	2266	3091	25
1475	2283	3061	25
1476	2283	3263	66
1477	2283	3529	33
1478	2288	3172	33
1479	2292	3093	33
1480	2307	3323	33
1481	2307	3353	33
1482	2316	3724	33
1483	2316	3728	33
1484	2327	3301	33
1485	2327	3484	33
1486	2327	3502	33
1487	2340	3071	33
1488	2340	3081	66
1489	2340	3085	66
1490	2345	3092	66
1491	2350	3782	33
1492	2356	3491	33
1493	2363	3579	33
1494	2364	3539	33
1495	2365	3085	66
1496	2365	3085	66
1497	2388	3521	33
1498	2398	3384	33
1499	2398	3415	33
1500	2409	3397	66
1501	2410	3212	33
1502	2412	3685	33
1503	2413	3366	66
1504	2419	3781	33
1505	2422	3447	66
1506	2424	3509	66
1507	2434	3236	66
1508	2447	3534	66
1509	2462	3257	33
1510	2464	3734	33
1511	2471	3511	33
1512	2484	3479	66
1513	2495	3462	33
1514	2507	3600	66
1515	2509	3857	33
1516	2509	3908	33
1517	2517	3856	33
1518	2517	3856	33
1519	2518	3731	33
1520	2518	3864	33
1521	2519	3558	33
1522	2522	3310	66
1523	2522	3738	66
1524	2524	3726	33
1525	2534	3741	25
1526	2548	3598	66
1527	2549	3355	33
1528	2549	3355	33
1529	2561	3366	50
1530	2569	3398	66
1531	2569	3817	66
1532	2586	3575	66
1533	2610	3373	33
1534	2616	3574	66
1535	2624	4000	30
1536	2632	3583	66
1537	2641	3448	66
1538	2641	3448	66
1539	2641	3448	66
1540	2641	3448	66
1541	2641	3448	66
1542	2641	3448	66
1543	2641	3448	66
1544	2643	3449	66
1545	2643	3449	66
1546	2643	3449	66
1547	2643	3449	66
1548	2644	3449	66
1549	2644	3449	66
1550	2644	3449	66
1551	2644	3449	66
1552	2644	3449	66
1553	2644	3449	66
1554	2644	3449	66
1555	2647	3449	66
1556	2647	3449	66
1557	2647	3449	66
1558	2647	3449	66
1559	2647	3449	66
1560	2650	3448	66
1561	2650	3448	66
1562	2650	3448	66
1563	2650	3448	66
1564	2650	3448	66
1565	2650	3448	66
1566	2650	3448	66
1567	2650	3448	66
1568	2650	3448	66
1569	2650	3449	66
1570	2650	3449	66
1571	2650	3449	66
1572	2650	3449	66
1573	2650	3449	66
1574	2650	3449	66
1575	2650	3449	66
1576	2650	3449	66
1577	2650	3449	66
1578	2650	3449	66
1579	2650	3449	66
1580	2650	3449	66
1581	2650	3449	66
1582	2650	3449	66
1583	2650	3449	66
1584	2650	3449	66
1585	2650	3449	66
1586	2650	3449	66
1587	2650	3449	66
1588	2650	3449	66
1589	2650	3449	66
1590	2650	3449	66
1591	2650	3449	66
1592	2650	3449	66
1593	2650	3449	66
1594	2650	3449	66
1595	2650	3449	66
1596	2650	3449	66
1597	2650	3449	66
1598	2650	3449	66
1599	2650	3449	66
1600	2650	3449	66
1601	2650	3449	66
1602	2651	3448	66
1603	2651	3448	66
1604	2651	3448	66
1605	2651	3448	66
1606	2653	3449	66
1607	2653	3449	66
1608	2653	3449	66
1609	2653	3449	66
1610	2653	3449	66
1611	2680	3444	66
1612	2680	3444	66
1613	2680	3444	66
1614	2680	3444	66
1615	2680	3444	66
1616	2680	3444	66
1617	2680	3444	66
1618	2680	3444	66
1619	2680	3444	66
1620	2680	3445	66
1621	2680	3445	66
1622	2680	3445	66
1623	2680	3445	66
1624	2680	3445	66
1625	2680	3445	66
1626	2680	3445	66
1627	2681	3444	66
1628	2682	3445	66
1629	2682	3445	66
1630	2682	3445	66
1631	2682	3445	66
1632	2684	3444	66
1633	2684	3444	66
1634	2684	3444	66
1635	2684	3444	66
1636	2704	3503	33
1637	2705	3915	33
1638	2746	4151	33
1639	2751	4157	33
1640	2761	3560	33
1641	2770	3675	66
1642	2797	3606	66
1643	2814	3629	66
1644	2824	3783	33
1645	2824	3783	33
1646	2824	3783	33
1647	2824	3783	33
1648	2884	4321	33
1649	2895	4334	66
1650	2953	3741	25
1651	2954	3741	50
1652	2959	4384	33
1653	2977	3783	33
1654	2977	3783	33
1655	2977	3784	33
1656	2977	3856	33
1657	2977	3856	33
1658	2977	3856	33
1659	2977	3907	33
1660	2977	3907	33
1661	2980	3729	33
1662	2980	3730	33
1663	2981	3733	33
1664	2981	3856	33
1665	2981	4342	33
1666	2987	3857	33
1667	2988	3783	33
1668	2988	3783	33
1669	2988	3872	33
1670	2988	3904	33
1671	2988	3904	33
1672	2989	3872	33
1673	2989	4321	33
1674	2991	3782	33
1675	2998	3779	66
1676	2998	3857	66
1677	2998	3857	66
1678	2998	3857	66
1679	2998	3858	66
1680	2998	3858	66
1681	2998	3858	66
1682	2998	3858	66
1683	2998	3858	66
1684	2998	3859	66
1685	2998	3860	66
1686	2998	3860	66
1687	2998	3863	66
1688	2998	3863	66
1689	2998	3863	66
1690	2998	3864	66
1691	2998	3871	66
1692	2999	3849	33
1693	2999	3849	33
1694	2999	3860	33
1695	3000	3721	33
1696	3000	3849	33
1697	3004	3724	33
1698	3004	3724	33
1699	3004	3728	33
1700	3004	3782	33
1701	3004	3841	33
1702	3004	3857	33
1703	3004	3872	33
1704	3004	4388	33
1705	3004	4388	33
1706	3005	4381	33
1707	3008	3738	33
1708	3008	3738	33
1709	3008	3779	33
1710	3008	3779	33
1711	3008	3779	33
1712	3008	3852	33
1713	3008	3917	33
1714	3008	3917	33
1715	3008	3979	33
1716	3008	3979	33
1717	3039	4031	33
1718	3039	4321	33
1719	3039	4381	33
1720	3042	3795	33
1721	3042	3795	33
1722	3042	3857	33
1723	3042	3857	33
1724	3042	3857	33
1725	3042	3889	33
1726	3042	3901	33
1727	3042	3901	33
1728	3051	3857	33
1729	3051	3876	33
1730	3061	4367	33
1731	3077	4227	66
1732	3085	4051	66
1733	3112	4536	33
1734	3124	4561	33
1735	3127	3876	33
1736	3150	4029	66
1737	3160	4067	33
1738	3160	4576	33
1739	3178	4290	33
1740	3180	3951	33
1741	3180	3953	33
1742	3188	4625	33
1743	3188	4625	33
1744	3190	4438	66
1745	3190	4438	66
1746	3190	4438	66
1747	3213	4520	33
1748	3261	4321	33
1749	3261	4388	33
1750	3317	4265	66
1751	3332	4124	33
1752	3367	4271	30
1753	3401	4402	33
1754	3418	4277	33
1755	3426	4682	25
1756	3427	4325	33
1757	3427	4325	33
1758	3427	4433	33
1759	3429	4685	66
1760	3429	4685	66
1761	3429	4685	66
1762	3429	4687	66
1763	3429	4687	66
1764	3429	4687	66
1765	3429	4687	66
1766	3432	4861	33
1767	3453	4812	33
1768	3458	4718	33
1769	3537	4809	66
1770	3543	4625	66
1771	3544	4624	33
1772	3544	4624	33
1773	3544	4624	33
1774	3557	4572	33
1775	3562	4983	33
1776	3570	4501	66
1777	3570	4506	66
1778	3571	4516	66
1779	3571	4521	66
1780	3602	4743	30
1781	3603	4326	66
1782	3603	4564	66
1783	3617	4999	33
1784	3618	5015	33
1785	3619	4728	33
1786	3633	5033	33
1787	3648	5072	33
1788	3653	4660	33
1789	3656	4915	33
1790	3660	4560	33
1791	3713	4998	33
1792	3713	4998	33
1793	3723	4930	66
1794	3732	4810	33
1795	3742	5028	33
1796	3742	5028	33
1797	3770	4816	33
1798	3770	5056	33
1799	3775	4522	33
1800	3779	4689	33
1801	3780	5209	33
1802	3781	4639	66
1803	3783	4683	33
1804	3783	4683	33
1805	3783	5017	66
1806	3787	4621	33
1807	3790	5044	33
1808	3790	5044	33
1809	3790	5127	33
1810	3790	5127	33
1811	3790	5222	33
1812	3790	5222	33
1813	3834	5043	33
1814	3834	5118	33
1815	3842	4858	66
1816	3843	4690	33
1817	3848	4639	66
1818	3851	4621	33
1819	3870	4760	66
1820	3872	5140	33
1821	3873	4930	33
1822	3873	4930	33
1823	3873	5311	33
1824	3873	5311	33
1825	3873	5311	33
1826	3875	5200	66
1827	3882	5053	66
1828	3887	4621	33
1829	3887	4621	33
1830	3887	4621	33
1831	3887	4810	33
1832	3887	4930	33
1833	3891	5317	33
1834	3902	5115	66
1835	3915	4814	33
1836	3915	4816	33
1837	3915	4822	33
1838	3917	4756	33
1839	3917	4756	33
1840	3917	4810	33
1841	3917	4861	33
1842	3917	4981	33
1843	3924	4811	33
1844	3924	4819	33
1845	3924	4910	33
1846	3929	4942	33
1847	3933	4791	33
1848	3937	4819	33
1849	3937	5375	33
1850	3937	5375	33
1851	3937	5375	33
1852	3937	5375	33
1853	3940	5375	33
1854	3944	4797	33
1855	3947	4726	33
1856	3949	4891	66
1857	3959	4956	66
1858	3963	4938	33
1859	3965	4809	33
1860	3965	5176	33
1861	3966	4773	33
1862	3972	4882	33
1863	3972	4937	33
1864	3974	4854	66
1865	3976	4732	33
1866	3990	5410	33
1867	3996	4987	33
1868	4004	4806	33
1869	4004	5443	33
1870	4004	5443	33
1871	4009	4931	66
1872	4010	4910	33
1873	4010	5449	33
1874	4010	5449	33
1875	4010	5449	33
1876	4010	5449	33
1877	4010	5449	33
1878	4010	5449	33
1879	4010	5449	33
1880	4010	5449	33
1881	4010	5449	33
1882	4010	5449	33
1883	4010	5449	33
1884	4010	5449	33
1885	4010	5449	33
1886	4010	5449	33
1887	4010	5449	33
1888	4010	5449	33
1889	4010	5449	33
1890	4010	5449	33
1891	4010	5449	33
1892	4010	5449	33
1893	4010	5449	33
1894	4010	5449	33
1895	4010	5449	33
1896	4010	5449	33
1897	4010	5449	33
1898	4010	5449	33
1899	4010	5449	33
1900	4010	5449	33
1901	4010	5449	33
1902	4010	5449	33
1903	4010	5449	33
1904	4010	5449	33
1905	4010	5449	33
1906	4010	5449	33
1907	4010	5449	33
1908	4010	5449	33
1909	4010	5449	33
1910	4010	5449	33
1911	4010	5449	33
1912	4010	5449	33
1913	4024	4812	33
1914	4028	4812	33
1915	4028	4937	33
1916	4028	5375	33
1917	4029	5417	33
1918	4029	5417	33
1919	4030	5461	66
1920	4031	5281	33
1921	4031	5383	33
1922	4031	5383	33
1923	4031	5383	33
1924	4031	5383	33
1925	4031	5383	33
1926	4031	5383	33
1927	4031	5383	33
1928	4031	5383	33
1929	4031	5383	33
1930	4031	5383	33
1931	4031	5383	33
1932	4031	5449	33
1933	4031	5449	33
1934	4031	5449	33
1935	4031	5449	33
1936	4034	5449	33
1937	4041	4995	66
1938	4044	4810	33
1939	4044	4810	33
1940	4044	5045	33
1941	4044	5479	33
1942	4045	4811	33
1943	4045	4811	33
1944	4045	4888	33
1945	4045	5288	33
1946	4045	5288	33
1947	4046	4936	33
1948	4049	5316	33
1949	4049	5488	33
1950	4049	5488	33
1951	4049	5488	33
1952	4067	5010	66
1953	4076	5072	66
1954	4086	5026	66
1955	4090	4906	33
1956	4090	4941	33
1957	4090	5488	33
1958	4090	5488	33
1959	4090	5488	33
1960	4090	5488	33
1961	4090	5488	33
1962	4090	5488	33
1963	4090	5488	33
1964	4090	5488	33
1965	4091	5434	66
1966	4091	5488	33
1967	4091	5488	33
1968	4092	5161	33
1969	4092	5488	33
1970	4092	5488	33
1971	4092	5488	33
1972	4092	5488	33
1973	4092	5488	33
1974	4092	5488	33
1975	4092	5488	33
1976	4092	5488	33
1977	4092	5488	33
1978	4093	5488	33
1979	4093	5488	33
1980	4093	5488	33
1981	4095	5434	66
1982	4095	5434	66
1983	4095	5519	33
1984	4095	5519	33
1985	4095	5519	33
1986	4095	5519	33
1987	4095	5519	33
1988	4095	5519	33
1989	4095	5519	33
1990	4095	5519	33
1991	4095	5519	33
1992	4095	5519	33
1993	4095	5519	33
1994	4095	5519	33
1995	4095	5519	33
1996	4095	5519	33
1997	4095	5519	33
1998	4095	5519	33
1999	4095	5519	33
2000	4101	5161	33
2001	4105	4847	33
2002	4135	5057	33
2003	4147	4977	33
2004	4209	5034	66
2005	4209	5034	66
2006	4232	5326	33
2007	4249	5046	33
2008	4249	5127	33
2009	4249	5127	33
2010	4249	5199	33
2011	4249	5282	33
2012	4251	5090	33
2013	4252	5101	33
2014	4253	5477	33
2015	4256	5046	33
2016	4256	5046	33
2017	4256	5046	33
2018	4256	5127	33
2019	4256	5127	33
2020	4256	5127	33
2021	4256	5132	33
2022	4256	5132	33
2023	4256	5132	33
2024	4256	5298	33
2025	4297	5250	33
2026	4297	5311	33
2027	4297	5311	33
2028	4297	5311	33
2029	4297	5313	33
2030	4322	5519	33
2031	4370	5256	66
2032	4396	5831	33
2033	4402	5618	66
2034	4402	5834	33
2035	4402	5834	33
2036	4402	5834	33
2037	4427	5858	33
2038	4461	5529	33
2039	4467	5241	33
2040	4484	5389	33
2041	4484	5394	33
2042	4485	5529	33
2043	4485	5905	33
2044	4489	5522	33
2045	4489	5522	33
2046	4490	5498	66
2047	4490	5498	66
2048	4501	5232	25
2049	4502	5383	33
2050	4502	5383	33
2051	4502	5726	33
2052	4502	5726	33
2053	4502	5726	33
2054	4504	5233	33
2055	4521	5746	33
2056	4536	5883	33
2057	4536	5885	33
2058	4545	5285	33
2059	4545	5315	33
2060	4576	5944	33
2061	4577	5415	66
2062	4577	5415	66
2063	4578	5624	33
2064	4580	6007	33
2065	4581	5746	33
2066	4581	5746	33
2067	4582	5624	33
2068	4622	5886	66
2069	4622	5886	66
2070	4701	5708	33
2071	4713	5762	33
2072	4713	5911	33
2073	4741	5581	33
2074	4743	5488	33
2075	4745	5708	33
2076	4745	5943	33
2077	4745	5943	33
2078	4746	5880	33
2079	4746	5943	33
2080	4747	5966	33
2081	4748	5771	33
2082	4749	5943	33
2083	4749	5943	33
2084	4750	5708	33
2085	4750	6181	33
2086	4750	6181	33
2087	4750	6181	33
2088	4768	5887	33
2089	4768	5887	33
2090	4811	6197	33
2091	4813	6244	30
2092	4816	5983	33
2093	4816	5983	33
2094	4816	6197	33
2095	4816	6197	33
2096	4847	6159	33
2097	4865	6055	33
2098	4876	5886	66
2099	4879	5793	66
2100	4884	5862	66
2101	4997	6089	33
2102	5028	6458	33
2103	5048	5934	33
2104	5103	6185	66
2105	5161	6038	66
2106	5168	6038	66
2107	5171	5900	33
2108	5171	5900	33
2109	5289	6390	66
2110	5293	6313	66
2111	5294	6241	33
2112	5294	6366	33
2113	5296	6622	33
2114	5299	6131	33
2115	5299	6195	33
2116	5299	6543	33
2117	5299	6731	33
2118	5300	6127	33
2119	5300	6262	33
2120	5300	6596	33
2121	5300	6596	33
2122	5302	6581	33
2123	5303	6669	33
2124	5304	6197	33
2125	5304	6287	66
2126	5304	6287	66
2127	5304	6379	33
2128	5304	6379	33
2129	5305	6197	33
2130	5305	6231	33
2131	5305	6316	33
2132	5305	6316	33
2133	5305	6393	33
2134	5305	6426	33
2135	5305	6426	33
2136	5305	6426	33
2137	5305	6426	33
2138	5305	6485	33
2139	5305	6556	33
2140	5305	6678	33
2141	5305	6683	33
2142	5305	6683	33
2143	5305	6683	33
2144	5305	6683	33
2145	5315	6149	66
2146	5325	6395	66
2147	5348	6541	33
2148	5349	6348	33
2149	5350	6628	33
2150	5352	6499	33
2151	5354	6563	33
2152	5358	6365	33
2153	5358	6365	33
2154	5358	6402	33
2155	5358	6406	33
2156	5358	6406	33
2157	5358	6406	33
2158	5375	6343	66
2159	5377	6221	33
2160	5380	6202	33
2161	5383	6762	33
2162	5383	6795	33
2163	5384	6606	66
2164	5385	6160	33
2165	5387	6219	33
2166	5387	6338	33
2167	5390	6804	33
2168	5394	6197	33
2169	5394	6804	33
2170	5395	6406	33
2171	5395	6406	33
2172	5423	6189	33
2173	5423	6365	66
2174	5426	6556	66
2175	5427	6153	33
2176	5440	6288	30
2177	5444	6451	33
2178	5444	6610	33
2179	5444	6616	33
2180	5444	6616	33
2181	5444	6616	33
2182	5444	6696	33
2183	5444	6827	33
2184	5444	6827	33
2185	5444	6881	33
2186	5444	6881	33
2187	5444	6881	33
2188	5446	6306	33
2189	5446	6845	33
2190	5446	6851	33
2191	5447	6393	33
2192	5447	6460	66
2193	5447	6470	33
2194	5447	6499	33
2195	5447	6499	33
2196	5447	6845	33
2197	5450	6845	33
2198	5450	6845	33
2199	5452	6402	33
2200	5452	6402	33
2201	5452	6402	33
2202	5452	6406	33
2203	5452	6422	33
2204	5462	6382	66
2205	5464	6255	33
2206	5468	6348	66
2207	5477	6845	33
2208	5477	6893	66
2209	5480	6362	33
2210	5480	6470	33
2211	5480	6542	33
2212	5480	6543	33
2213	5480	6622	33
2214	5484	6352	66
2215	5487	6255	33
2216	5501	6539	66
2217	5502	6365	66
2218	5513	6606	33
2219	5514	6387	33
2220	5514	6601	33
2221	5514	6606	33
2222	5514	6639	33
2223	5514	6683	33
2224	5514	6683	33
2225	5514	6828	33
2226	5514	6828	33
2227	5515	6367	33
2228	5515	6393	33
2229	5515	6425	33
2230	5515	6426	33
2231	5515	6437	33
2232	5515	6437	33
2233	5515	6485	33
2234	5515	6485	33
2235	5515	6541	33
2236	5515	6605	33
2237	5515	6841	33
2238	5515	6854	33
2239	5516	6338	33
2240	5516	6356	33
2241	5516	6356	33
2242	5516	6364	33
2243	5516	6425	33
2244	5516	6437	33
2245	5516	6437	33
2246	5516	6437	33
2247	5516	6437	33
2248	5516	6437	33
2249	5516	6437	33
2250	5516	6546	33
2251	5516	6678	33
2252	5516	6678	33
2253	5516	6683	33
2254	5516	6733	33
2255	5516	6733	33
2256	5516	6734	33
2257	5516	6734	33
2258	5516	6836	33
2259	5516	6836	33
2260	5516	6845	33
2261	5516	6845	33
2262	5516	6845	33
2263	5516	6845	33
2264	5516	6845	33
2265	5516	6845	33
2266	5516	6845	33
2267	5516	6847	33
2268	5516	6922	33
2269	5516	6922	33
2270	5516	6922	33
2271	5516	6922	33
2272	5516	6922	33
2273	5516	6922	33
2274	5516	6922	33
2275	5516	6922	33
2276	5516	6922	33
2277	5516	6922	33
2278	5516	6922	33
2279	5516	6922	33
2280	5516	6922	33
2281	5516	6922	33
2282	5516	6922	33
2283	5516	6922	33
2284	5516	6922	33
2285	5516	6922	33
2286	5516	6922	33
2287	5516	6922	33
2288	5516	6922	33
2289	5516	6922	33
2290	5516	6922	33
2291	5516	6922	33
2292	5519	6956	33
2293	5519	6956	33
2294	5519	6956	33
2295	5519	6956	33
2296	5519	6956	33
2297	5519	6956	33
2298	5519	6956	33
2299	5520	6249	33
2300	5520	6249	33
2301	5520	6249	33
2302	5520	6316	33
2303	5520	6556	33
2304	5520	6671	33
2305	5520	6671	33
2306	5520	6671	33
2307	5520	6683	33
2308	5520	6690	33
2309	5520	6736	33
2310	5520	6922	33
2311	5520	6922	33
2312	5520	6922	33
2313	5520	6956	33
2314	5520	6956	33
2315	5520	6956	33
2316	5520	6956	33
2317	5520	6956	33
2318	5520	6956	33
2319	5520	6956	33
2320	5520	6956	33
2321	5520	6956	33
2322	5520	6956	33
2323	5520	6956	33
2324	5520	6956	33
2325	5520	6956	33
2326	5520	6956	33
2327	5520	6956	33
2328	5520	6956	33
2329	5520	6956	33
2330	5520	6956	33
2331	5520	6956	33
2332	5520	6956	33
2333	5520	6956	33
2334	5520	6956	33
2335	5520	6956	33
2336	5520	6956	33
2337	5520	6956	33
2338	5520	6956	33
2339	5520	6956	33
2340	5520	6956	33
2341	5520	6956	33
2342	5520	6956	33
2343	5520	6956	33
2344	5520	6956	33
2345	5520	6956	33
2346	5520	6956	33
2347	5520	6956	33
2348	5520	6956	33
2349	5520	6956	33
2350	5520	6956	33
2351	5520	6956	33
2352	5520	6956	33
2353	5520	6956	33
2354	5520	6956	33
2355	5520	6956	33
2356	5520	6956	33
2357	5520	6956	33
2358	5520	6956	33
2359	5520	6956	33
2360	5520	6956	33
2361	5520	6956	33
2362	5520	6956	33
2363	5520	6956	33
2364	5520	6956	33
2365	5520	6956	33
2366	5520	6956	33
2367	5520	6956	33
2368	5520	6956	33
2369	5520	6956	33
2370	5520	6956	33
2371	5520	6956	33
2372	5520	6956	33
2373	5520	6956	33
2374	5520	6956	33
2375	5520	6956	33
2376	5520	6956	33
2377	5520	6956	33
2378	5520	6956	33
2379	5520	6956	33
2380	5520	6956	33
2381	5520	6956	33
2382	5520	6956	33
2383	5520	6956	33
2384	5520	6956	33
2385	5520	6956	33
2386	5520	6956	33
2387	5520	6956	33
2388	5520	6956	33
2389	5520	6956	33
2390	5520	6956	33
2391	5520	6956	33
2392	5520	6956	33
2393	5520	6956	33
2394	5520	6956	33
2395	5520	6956	33
2396	5520	6956	33
2397	5520	6956	33
2398	5520	6956	33
2399	5520	6956	33
2400	5520	6956	33
2401	5520	6956	33
2402	5520	6956	33
2403	5520	6956	33
2404	5520	6956	33
2405	5520	6956	33
2406	5520	6956	33
2407	5520	6956	33
2408	5520	6956	33
2409	5520	6956	33
2410	5520	6956	33
2411	5520	6956	33
2412	5520	6956	33
2413	5520	6956	33
2414	5520	6956	33
2415	5520	6956	33
2416	5520	6956	33
2417	5520	6956	33
2418	5520	6956	33
2419	5520	6956	33
2420	5520	6956	33
2421	5520	6956	33
2422	5520	6956	33
2423	5520	6956	33
2424	5520	6956	33
2425	5520	6956	33
2426	5520	6956	33
2427	5520	6956	33
2428	5520	6956	33
2429	5520	6956	33
2430	5520	6956	33
2431	5520	6956	33
2432	5520	6956	33
2433	5520	6956	33
2434	5520	6956	33
2435	5520	6956	33
2436	5520	6956	33
2437	5520	6957	33
2438	5520	6957	33
2439	5520	6957	33
2440	5520	6957	33
2441	5520	6957	33
2442	5520	6957	33
2443	5520	6957	33
2444	5520	6957	33
2445	5520	6957	33
2446	5520	6957	33
2447	5520	6957	33
2448	5520	6957	33
2449	5520	6957	33
2450	5520	6957	33
2451	5520	6957	33
2452	5520	6957	33
2453	5520	6957	33
2454	5520	6957	33
2455	5520	6957	33
2456	5520	6957	33
2457	5520	6957	33
2458	5520	6957	33
2459	5520	6957	33
2460	5520	6957	33
2461	5520	6957	33
2462	5520	6957	33
2463	5520	6957	33
2464	5520	6957	33
2465	5520	6957	33
2466	5520	6957	33
2467	5520	6957	33
2468	5520	6957	33
2469	5520	6957	33
2470	5520	6957	33
2471	5520	6957	33
2472	5520	6957	33
2473	5520	6957	33
2474	5520	6957	33
2475	5520	6957	33
2476	5520	6957	33
2477	5520	6957	33
2478	5520	6957	33
2479	5526	6957	33
2480	5526	6957	33
2481	5526	6957	33
2482	5526	6957	33
2483	5526	6957	33
2484	5526	6957	33
2485	5526	6957	33
2486	5526	6957	33
2487	5526	6957	33
2488	5526	6957	33
2489	5526	6957	33
2490	5534	6460	66
2491	5545	6477	66
2492	5552	6581	66
2493	5571	6908	66
2494	5584	6347	33
2495	5584	6347	33
2496	5584	6347	33
2497	5584	6347	33
2498	5584	6347	33
2499	5592	6422	66
2500	5607	7027	33
2501	5627	7031	33
2502	5696	6703	33
2503	5717	6679	66
2504	5722	6803	33
2505	5722	6886	33
2506	5731	6475	66
2507	5731	6475	66
2508	5731	6475	66
2509	5731	6475	66
2510	5731	6475	66
2511	5732	6476	66
2512	5732	6476	66
2513	5732	6476	66
2514	5732	6476	66
2515	5732	6476	66
2516	5732	6476	66
2517	5732	6476	66
2518	5732	6476	66
2519	5734	6475	66
2520	5734	6475	66
2521	5734	6475	66
2522	5734	6475	66
2523	5734	6475	66
2524	5734	6475	66
2525	5734	7106	30
2526	5735	6957	33
2527	5735	6957	33
2528	5736	6476	66
2529	5736	6476	66
2530	5736	6476	66
2531	5736	6476	66
2532	5736	6476	66
2533	5736	6476	66
2534	5736	6476	66
2535	5736	6476	66
2536	5736	6476	66
2537	5736	6476	66
2538	5742	6475	66
2539	5742	6475	66
2540	5742	6475	66
2541	5742	6475	66
2542	5742	6475	66
2543	5743	6476	66
2544	5743	6476	66
2545	5743	6476	66
2546	5743	6476	66
2547	5743	6476	66
2548	5743	6476	66
2549	5743	6476	66
2550	5743	6476	66
2551	5743	6476	66
2552	5743	6476	66
2553	5744	6475	66
2554	5744	6475	66
2555	5744	6475	66
2556	5744	6475	66
2557	5744	6475	66
2558	5744	6475	66
2559	5744	6475	66
2560	5744	6476	66
2561	5744	6476	66
2562	5744	6476	66
2563	5744	6476	66
2564	5744	6476	66
2565	5744	6476	66
2566	5744	6476	66
2567	5750	6476	66
2568	5750	6476	66
2569	5750	6476	66
2570	5750	6476	66
2571	5750	6476	66
2572	5750	6476	66
2573	5750	6476	66
2574	5761	6788	33
2575	5761	6788	33
2576	5761	6788	33
2577	5761	6788	33
2578	5776	6946	33
2579	5868	7001	66
2580	5868	7002	66
2581	5868	7002	66
2582	5871	7169	66
2583	5876	6872	33
2584	5880	7143	66
2585	5882	7141	66
2586	5882	7141	66
2587	5882	7142	66
2588	5882	7301	33
2589	5883	6946	33
2590	5883	7151	33
2591	5883	7151	33
2592	5883	7167	33
2593	5883	7207	33
2594	5883	7207	33
2595	5884	6604	33
2596	5884	6604	33
2597	5884	6604	33
2598	5884	7038	66
2599	5884	7038	66
2600	5886	6655	33
2601	5887	7192	33
2602	5893	6727	33
2603	5893	7015	33
2604	5893	7208	33
2605	5895	6731	33
2606	5895	6845	33
2607	5895	6845	33
2608	5895	6845	33
2609	5895	6845	33
2610	5895	6845	33
2611	5895	6845	33
2612	5895	6917	33
2613	5895	7161	33
2614	5895	7161	33
2615	5895	7175	33
2616	5895	7177	33
2617	5895	7177	33
2618	5896	6845	33
2619	5896	7158	33
2620	5896	7158	33
2621	5896	7158	33
2622	5896	7160	33
2623	5896	7160	33
2624	5896	7174	33
2625	5896	7174	33
2626	5896	7174	33
2627	5896	7174	33
2628	5896	7174	33
2629	5896	7175	33
2630	5896	7332	33
2631	5896	7332	33
2632	5896	7332	33
2633	5897	6884	66
2634	5897	6922	33
2635	5897	6922	33
2636	5897	7158	33
2637	5897	7160	33
2638	5897	7160	33
2639	5897	7175	33
2640	5897	7175	33
2641	5897	7178	33
2642	5897	7178	33
2643	5897	7178	33
2644	5900	6765	66
2645	5901	7174	33
2646	5915	6833	33
2647	5926	6773	33
2648	5926	6773	33
2649	5940	7354	33
2650	5942	7360	66
2651	5963	6719	33
2652	5981	6768	33
2653	5981	6768	33
2654	5986	6872	33
2655	6003	7441	33
2656	6006	7086	33
2657	6011	6768	33
2658	6016	6768	33
2659	6016	7386	66
2660	6050	6872	33
2661	6050	6872	33
2662	6062	6901	30
2663	6113	7387	66
2664	6113	7387	33
2665	6122	7204	33
2666	6148	7166	33
2667	6171	7420	50
2668	6176	7502	66
2669	6180	7380	66
2670	6180	7380	66
2671	6180	7380	66
2672	6180	7380	66
2673	6187	6948	33
2674	6227	6977	33
2675	6227	6977	33
2676	6227	6977	33
2677	6227	6977	33
2678	6232	6977	33
2679	6232	7656	33
2680	6267	7520	33
2681	6291	7072	33
2682	6291	7072	33
2683	6300	7701	30
2684	6316	7452	33
2685	6325	7063	33
2686	6328	7395	33
2687	6329	7178	33
2688	6330	7153	33
2689	6333	7442	33
2690	6336	7151	33
2691	6336	7151	33
2692	6336	7151	33
2693	6336	7151	33
2694	6336	7151	33
2695	6336	7151	33
2696	6350	7300	25
2697	6351	7096	33
2698	6351	7414	33
2699	6351	7644	33
2700	6352	7791	33
2701	6352	7791	33
2702	6352	7791	33
2703	6352	7791	33
2704	6352	7791	33
2705	6352	7791	33
2706	6352	7791	33
2707	6352	7791	33
2708	6352	7791	33
2709	6352	7791	33
2710	6352	7791	33
2711	6352	7791	33
2712	6352	7791	33
2713	6352	7791	33
2714	6352	7791	33
2715	6352	7791	33
2716	6352	7791	33
2717	6352	7791	33
2718	6352	7791	33
2719	6352	7791	33
2720	6352	7791	33
2721	6352	7791	33
2722	6352	7791	33
2723	6352	7791	33
2724	6352	7791	33
2725	6352	7791	33
2726	6352	7791	33
2727	6352	7791	33
2728	6353	7791	33
2729	6353	7791	33
2730	6353	7791	33
2731	6353	7791	33
2732	6353	7791	33
2733	6353	7791	33
2734	6353	7791	33
2735	6353	7791	33
2736	6353	7791	33
2737	6353	7791	33
2738	6353	7791	33
2739	6353	7791	33
2740	6353	7791	33
2741	6353	7791	33
2742	6353	7791	33
2743	6353	7791	33
2744	6353	7791	33
2745	6353	7791	33
2746	6353	7791	33
2747	6353	7791	33
2748	6353	7791	33
2749	6353	7791	33
2750	6353	7791	33
2751	6353	7791	33
2752	6353	7791	33
2753	6353	7791	33
2754	6353	7791	33
2755	6353	7791	33
2756	6353	7791	33
2757	6353	7791	33
2758	6353	7791	33
2759	6353	7791	33
2760	6353	7791	33
2761	6353	7791	33
2762	6353	7791	33
2763	6353	7791	33
2764	6353	7791	33
2765	6353	7791	33
2766	6353	7791	33
2767	6353	7791	33
2768	6353	7791	33
2769	6353	7791	33
2770	6353	7791	33
2771	6353	7791	33
2772	6355	7145	33
2773	6356	7794	33
2774	6359	7115	33
2775	6361	7791	33
2776	6362	7467	33
2777	6364	7289	33
2778	6366	7501	33
2779	6367	7134	33
2780	6367	7144	33
2781	6367	7196	33
2782	6367	7336	33
2783	6367	7340	33
2784	6367	7345	33
2785	6367	7360	33
2786	6367	7360	33
2787	6368	7367	33
2788	6372	7587	33
2789	6377	7345	33
2790	6377	7345	33
2791	6377	7371	33
2792	6378	7189	33
2793	6378	7340	33
2794	6378	7356	33
2795	6378	7748	33
2796	6386	7297	33
2797	6387	7289	33
2798	6387	7452	33
2799	6390	7349	33
2800	6393	7297	33
2801	6393	7340	33
2802	6394	7318	33
2803	6395	7353	33
2804	6395	7357	33
2805	6395	7620	33
2806	6396	7408	33
2807	6406	7186	33
2808	6406	7285	33
2809	6406	7304	33
2810	6406	7304	33
2811	6412	7349	33
2812	6412	7349	33
2813	6412	7365	33
2814	6412	7430	33
2815	6412	7430	33
2816	6412	7430	33
2817	6414	7702	66
2818	6415	7727	66
2819	6415	7727	66
2820	6422	7172	33
2821	6422	7791	33
2822	6424	7744	66
2823	6424	7746	66
2824	6440	7492	33
2825	6441	7174	33
2826	6441	7174	33
2827	6441	7175	33
2828	6441	7175	33
2829	6441	7175	33
2830	6441	7175	33
2831	6441	7175	33
2832	6441	7175	33
2833	6441	7175	33
2834	6441	7175	33
2835	6441	7175	33
2836	6441	7176	33
2837	6441	7176	33
2838	6441	7178	33
2839	6441	7178	33
2840	6441	7178	33
2841	6441	7178	33
2842	6441	7178	33
2843	6441	7178	33
2844	6441	7492	33
2845	6442	7193	33
2846	6442	7395	33
2847	6442	7395	33
2848	6442	7395	33
2849	6442	7395	33
2850	6443	7882	33
2851	6443	7882	33
2852	6443	7882	33
2853	6443	7882	33
2854	6443	7882	33
2855	6443	7882	33
2856	6443	7882	33
2857	6443	7882	33
2858	6443	7882	33
2859	6443	7882	33
2860	6443	7882	33
2861	6443	7882	33
2862	6443	7882	33
2863	6443	7882	33
2864	6443	7882	33
2865	6443	7882	33
2866	6443	7882	33
2867	6443	7882	33
2868	6443	7882	33
2869	6443	7882	33
2870	6443	7882	33
2871	6443	7882	33
2872	6443	7882	33
2873	6443	7882	33
2874	6443	7882	33
2875	6443	7882	33
2876	6443	7882	33
2877	6443	7882	33
2878	6443	7882	33
2879	6443	7882	33
2880	6443	7882	33
2881	6443	7882	33
2882	6443	7882	33
2883	6443	7882	33
2884	6443	7882	33
2885	6443	7882	33
2886	6443	7882	33
2887	6443	7882	33
2888	6443	7882	33
2889	6443	7882	33
2890	6443	7882	33
2891	6443	7882	33
2892	6443	7882	33
2893	6443	7882	33
2894	6443	7882	33
2895	6443	7882	33
2896	6443	7882	33
2897	6443	7882	33
2898	6443	7882	33
2899	6443	7882	33
2900	6445	7595	33
2901	6445	7882	33
2902	6445	7882	33
2903	6445	7882	33
2904	6445	7882	33
2905	6446	7175	33
2906	6446	7175	33
2907	6446	7175	33
2908	6446	7177	33
2909	6446	7882	33
2910	6446	7882	33
2911	6446	7882	33
2912	6446	7882	33
2913	6446	7882	33
2914	6446	7882	33
2915	6446	7882	33
2916	6446	7882	33
2917	6446	7882	33
2918	6446	7882	33
2919	6446	7882	33
2920	6446	7882	33
2921	6446	7882	33
2922	6446	7882	33
2923	6446	7882	33
2924	6446	7882	33
2925	6446	7882	33
2926	6446	7882	33
2927	6446	7882	33
2928	6446	7882	33
2929	6446	7882	33
2930	6446	7882	33
2931	6446	7882	33
2932	6446	7882	33
2933	6446	7882	33
2934	6446	7882	33
2935	6446	7882	33
2936	6446	7882	33
2937	6446	7882	33
2938	6446	7882	33
2939	6446	7882	33
2940	6446	7882	33
2941	6446	7882	33
2942	6446	7882	33
2943	6446	7882	33
2944	6446	7882	33
2945	6446	7882	33
2946	6446	7882	33
2947	6446	7882	33
2948	6446	7882	33
2949	6446	7882	33
2950	6446	7882	33
2951	6446	7882	33
2952	6446	7882	33
2953	6446	7882	33
2954	6446	7882	33
2955	6446	7882	33
2956	6446	7882	33
2957	6446	7882	33
2958	6446	7884	33
2959	6446	7884	33
2960	6446	7884	33
2961	6446	7884	33
2962	6446	7884	33
2963	6447	7882	33
2964	6447	7882	33
2965	6447	7882	33
2966	6447	7882	33
2967	6447	7882	33
2968	6447	7882	33
2969	6447	7882	33
2970	6447	7882	33
2971	6447	7882	33
2972	6447	7882	33
2973	6447	7882	33
2974	6447	7882	33
2975	6447	7882	33
2976	6448	7553	33
2977	6451	7381	66
2978	6451	7401	66
2979	6451	7411	66
2980	6456	7297	33
2981	6474	7580	33
2982	6475	7492	33
2983	6480	7221	25
2984	6480	7263	33
2985	6483	7250	25
2986	6483	7324	25
2987	6484	7503	66
2988	6484	7684	66
2989	6484	7685	66
2990	6485	7226	25
2991	6485	7882	33
2992	6490	7363	33
2993	6511	7483	33
2994	6511	7483	33
2995	6513	7285	33
2996	6513	7326	33
2997	6540	7380	66
2998	6543	7523	33
2999	6544	7791	33
3000	6552	7311	66
3001	6567	7330	33
3002	6570	7590	26
3003	6589	8002	33
3004	6600	7322	33
3005	6601	7484	66
3006	6601	7625	33
3007	6603	7381	25
3008	6603	7381	25
3009	6609	7484	66
3010	6618	7831	66
3011	6640	7803	33
3012	6646	7582	33
3013	6650	7517	33
3014	6653	7629	33
3015	6659	7462	33
3016	6675	7634	33
3017	6686	7680	33
3018	6694	7502	66
3019	6697	7807	33
3020	6709	7897	66
3021	6712	7891	33
3022	6724	7809	66
3023	6725	7863	66
3024	6743	7816	33
3025	6743	7926	33
3026	6743	7983	33
3027	6749	7686	33
3028	6749	7921	33
3029	6749	7921	33
3030	6749	7922	33
3031	6749	7926	33
3032	6749	7928	33
3033	6749	7981	33
3034	6749	8047	33
3035	6749	8047	33
3036	6751	7481	66
3037	6751	7788	66
3038	6753	7687	66
3039	6759	7576	33
3040	6759	7593	33
3041	6761	7923	33
3042	6762	7584	33
3043	6781	7672	33
3044	6790	7672	33
3045	6791	7882	33
3046	6792	7897	66
3047	6797	8232	33
3048	6797	8232	33
3049	6797	8232	33
3050	6797	8232	33
3051	6797	8232	33
3052	6804	7879	66
3053	6819	7672	66
3054	6826	7672	33
3055	6828	7687	66
3056	6835	7859	66
3057	6849	7693	66
3058	6849	8047	66
3059	6853	8059	50
3060	6853	8059	25
3061	6853	8062	25
3062	6871	8141	66
3063	6872	7650	33
3064	6889	7621	33
3065	6889	8146	33
3066	6908	8306	66
3067	6910	7736	66
3068	6911	7933	33
3069	6915	7815	66
3070	6916	7932	33
3071	6916	7932	33
3072	6918	7882	33
3073	6918	7882	33
3074	6918	7930	33
3075	6918	7930	33
3076	6922	7882	33
3077	6922	7882	33
3078	6925	8260	33
3079	6934	8319	66
3080	6959	7898	33
3081	6959	7898	33
3082	6960	7723	30
3083	6962	8109	33
3084	6969	7898	33
3085	6969	8277	33
3086	6972	8287	33
3087	6977	7874	66
3088	6988	7820	33
3089	6988	7820	33
3090	6994	7822	33
3091	7006	8213	66
3092	7007	8214	66
3093	7009	8214	66
3094	7017	7998	66
3095	7023	7881	66
3096	7028	8001	66
3097	7036	7861	66
3098	7036	7908	33
3099	7054	7980	40
3100	7075	8061	25
3101	7088	7930	33
3102	7088	7930	33
3103	7103	8512	33
3104	7103	8512	33
3105	7114	8200	33
3106	7130	7960	33
3107	7143	8041	33
3108	7158	7882	33
3109	7158	7882	33
3110	7158	7882	33
3111	7158	7884	33
3112	7158	7884	33
3113	7158	7930	33
3114	7158	7930	33
3115	7199	8003	33
3116	7204	8428	25
3117	7315	8293	30
3118	7316	8059	33
3119	7322	8580	66
3120	7322	8581	66
3121	7322	8581	66
3122	7322	8581	66
3123	7322	8581	66
3124	7322	8582	66
3125	7322	8582	66
3126	7322	8582	66
3127	7331	8610	66
3128	7343	8163	33
3129	7350	8550	25
3130	7367	8131	25
3131	7386	8113	66
3132	7386	8138	33
3133	7386	8138	33
3134	7386	8185	33
3135	7386	8216	33
3136	7386	8216	33
3137	7386	8232	33
3138	7413	8673	33
3139	7441	8479	66
3140	7502	8342	30
3141	7502	8342	30
3142	7513	8945	33
3143	7516	8654	66
3144	7517	8654	66
3145	7545	8703	33
3146	7546	8763	33
3147	7572	8826	66
3148	7578	8991	33
3149	7583	8509	33
3150	7583	8509	33
3151	7583	8911	33
3152	7600	8402	60
3153	7616	8760	33
3154	7637	8786	25
3155	7671	9100	33
3156	7674	9100	33
3157	7678	8570	33
3158	7689	8774	33
3159	7696	8607	33
3160	7709	9001	30
3161	7712	9142	30
3162	7755	8482	30
3163	7756	8566	33
3164	7756	8566	33
3165	7756	8909	33
3166	7758	9195	33
3167	7802	8775	33
3168	7802	8790	33
3169	7803	8717	33
3170	7805	8876	33
3171	7805	9102	33
3172	7806	8659	33
3173	7806	8841	33
3174	7811	8608	33
3175	7811	8673	33
3176	7818	9120	30
3177	7818	9120	30
3178	7830	8984	33
3179	7832	8655	33
3180	7832	8753	33
3181	7832	8818	33
3182	7832	8970	33
3183	7833	9014	33
3184	7847	8702	33
3185	7847	8702	33
3186	7865	8945	33
3187	7886	8714	33
3188	7891	8825	66
3189	7891	8836	66
3190	7891	8836	66
3191	7891	8841	66
3192	7903	9142	33
3193	7909	8923	33
3194	7913	8642	66
3195	7920	8700	33
3196	7921	8757	33
3197	7921	8792	33
3198	7921	8920	33
3199	7921	8923	33
3200	7922	8702	33
3201	7922	8712	25
3202	7923	8664	25
3203	7926	8790	33
3204	7933	8702	66
3205	7935	9334	33
3206	7945	9195	33
3207	7952	8702	30
3208	7952	8702	30
3209	7958	8702	66
3210	7974	9389	33
3211	7974	9392	33
3212	7975	8880	33
3213	7975	8928	33
3214	7976	9412	33
3215	7979	8777	25
3216	7981	8820	66
3217	7982	8820	66
3218	7983	9164	33
3219	7991	8822	33
3220	7996	8885	33
3221	8010	9030	26
3222	8026	8851	25
3223	8033	8960	33
3224	8040	8927	66
3225	8040	8927	66
3226	8041	8927	66
3227	8048	8964	33
3228	8048	8964	33
3229	8048	8964	33
3230	8056	9274	33
3231	8061	8867	33
3232	8061	8948	33
3233	8067	8975	33
3234	8067	8976	33
3235	8071	9093	33
3236	8092	9147	50
3237	8108	9121	33
3238	8121	8851	66
3239	8152	8966	66
3240	8157	9277	66
3241	8164	9032	33
3242	8180	9119	66
3243	8202	9132	66
3244	8209	9088	25
3245	8212	9628	33
3246	8230	9207	33
3247	8230	9223	33
3248	8239	9402	33
3249	8264	9202	66
3250	8267	9234	30
3251	8267	9281	33
3252	8268	9284	66
3253	8272	9688	66
3254	8286	9611	33
3255	8288	9470	33
3256	8291	9470	33
3257	8293	9503	25
3258	8294	9502	25
3259	8297	9585	33
3260	8298	9062	30
3261	8299	9470	33
3262	8304	9250	66
3263	8318	9755	66
3264	8319	9055	33
3265	8319	9621	66
3266	8319	9621	66
3267	8327	9095	33
3268	8341	9700	33
3269	8341	9700	33
3270	8351	9453	66
3271	8351	9470	33
3272	8352	9343	33
3273	8352	9539	33
3274	8357	9664	33
3275	8377	9495	33
3276	8388	9344	66
3277	8397	9470	33
3278	8398	9353	66
3279	8447	9340	33
3280	8447	9340	33
3281	8478	9494	66
3282	8499	9556	66
3283	8499	9755	66
3284	8501	9394	66
3285	8509	9472	33
3286	8509	9618	33
3287	8513	9443	66
3288	8516	9432	33
3289	8516	9443	33
3290	8516	9443	33
3291	8516	9444	33
3292	8516	9589	33
3293	8516	9618	33
3294	8516	9640	33
3295	8517	9443	33
3296	8517	9443	33
3297	8517	9444	33
3298	8517	9555	33
3299	8517	9589	33
3300	8518	9522	33
3301	8518	9628	33
3302	8521	9443	33
3303	8521	9574	33
3304	8527	9472	33
3305	8528	9472	33
3306	8528	9545	33
3307	8548	9793	30
3308	8551	9494	66
3309	8574	9338	33
3310	8611	9346	33
3311	8611	9489	33
3312	8616	9987	33
3313	8645	9677	33
3314	8645	9679	33
3315	8645	9679	33
3316	8673	9661	33
3317	8673	9661	33
3318	8713	9502	50
3319	8721	10144	33
3320	8752	9507	66
3321	8757	9850	33
3322	8757	9962	33
3323	8760	10024	66
3324	8762	10020	66
3325	8762	10021	66
3326	8762	10021	66
3327	8762	10021	66
3328	8762	10022	66
3329	8762	10022	66
3330	8767	10141	25
3331	8782	9505	33
3332	8797	10233	66
3333	8821	10168	66
3334	8857	9613	33
3335	8863	10249	33
3336	8886	9967	33
3337	8886	9967	33
3338	8886	9967	33
3339	8936	10369	33
3340	8942	9782	30
3341	8992	10274	66
3342	9001	10083	33
3343	9017	9780	66
3344	9024	9939	66
3345	9024	9939	66
3346	9054	9953	33
3347	9054	9963	33
3348	9056	10266	66
3349	9060	10103	66
3350	9075	9896	66
3351	9075	9896	66
3352	9091	9974	33
3353	9111	10245	33
3354	9121	10380	33
3355	9139	9929	30
3356	9157	9896	33
3357	9157	10020	33
3358	9157	10094	33
3359	9163	10159	33
3360	9196	10632	33
3361	9196	10632	33
3362	9198	9927	30
3363	9198	10457	33
3364	9202	10641	33
3365	9211	10232	33
3366	9243	10156	33
3367	9243	10156	33
3368	9243	10156	33
3369	9245	10237	33
3370	9256	9986	30
3371	9257	10083	33
3372	9257	10195	33
3373	9259	10522	33
3374	9260	10490	33
3375	9260	10563	33
3376	9261	10141	33
3377	9261	10331	33
3378	9261	10372	33
3379	9269	10014	33
3380	9269	10143	33
3381	9269	10172	33
3382	9269	10538	33
3383	9269	10542	33
3384	9269	10674	33
3385	9292	10708	66
3386	9302	10141	50
3387	9306	10631	33
3388	9306	10631	33
3389	9306	10631	33
3390	9310	10671	33
3391	9327	10393	33
3392	9331	10265	66
3393	9331	10270	66
3394	9331	10270	66
3395	9331	10288	66
3396	9334	10084	33
3397	9361	10353	33
3398	9362	10141	33
3399	9363	10103	25
3400	9364	10326	66
3401	9364	10384	66
3402	9371	10152	33
3403	9371	10197	33
3404	9376	10386	33
3405	9376	10461	33
3406	9377	10293	66
3407	9391	10142	30
3408	9392	10411	33
3409	9397	10497	33
3410	9401	10447	66
3411	9411	10510	33
3412	9420	10140	50
3413	9420	10320	33
3414	9421	10260	66
3415	9422	10261	50
3416	9423	10143	33
3417	9429	10218	33
3418	9438	10786	33
3419	9438	10786	33
3420	9438	10786	33
3421	9445	10192	33
3422	9445	10788	33
3423	9450	10470	26
3424	9473	10413	33
3425	9473	10413	33
3426	9481	10242	33
3427	9481	10249	33
3428	9482	10261	25
3429	9487	10424	33
3430	9487	10424	33
3431	9493	10312	66
3432	9508	10432	33
3433	9511	10628	66
3434	9515	10312	33
3435	9529	10560	33
3436	9529	10560	33
3437	9534	10753	33
3438	9534	10753	33
3439	9537	10549	33
3440	9552	10293	33
3441	9552	10293	33
3442	9555	10605	30
3443	9556	10291	66
3444	9560	10879	66
3445	9564	10704	66
3446	9605	10850	30
3447	9649	10704	66
3448	9654	10755	33
3449	9654	10755	33
3450	9656	10755	33
3451	9656	10755	33
3452	9656	10755	33
3453	9657	10715	66
3454	9671	10536	66
3455	9672	10843	33
3456	9678	10755	33
3457	9681	10551	33
3458	9688	10755	33
3459	9698	10447	66
3460	9710	10654	66
3461	9717	10831	66
3462	9720	10681	66
3463	9733	10940	50
3464	9733	10940	25
3465	9734	10940	25
3466	9745	10820	33
3467	9745	10820	33
3468	9754	10694	66
3469	9760	10832	66
3470	9772	10670	66
3471	9776	10832	66
3472	9795	11131	33
3473	9799	10737	66
3474	9828	10681	66
3475	9834	11140	33
3476	9839	11102	33
3477	9846	10809	66
3478	9847	10874	66
3479	9884	11199	66
3480	9887	11071	33
3481	9900	10718	66
3482	9901	10718	66
3483	9901	10718	66
3484	9901	10718	66
3485	9915	11348	66
3486	9965	10829	33
3487	9994	11103	33
3488	10027	11012	33
3489	10027	11012	33
3490	10037	11289	66
3491	10074	10940	50
3492	10083	10905	33
3493	10096	10825	66
3494	10109	10897	66
3495	10111	11162	33
3496	10126	11026	30
3497	10148	11462	33
3498	10152	10940	25
3499	10153	10940	50
3500	10184	10940	33
3501	10184	10940	33
3502	10202	11460	66
3503	10202	11461	66
3504	10202	11461	66
3505	10237	10983	33
3506	10250	11674	33
3507	10260	10993	25
3508	10309	11642	33
3509	10311	11407	66
3510	10311	11407	66
3511	10311	11408	66
3512	10311	11409	66
3513	10319	11611	66
3514	10319	11611	66
3515	10319	11611	66
3516	10319	11611	66
3517	10327	11407	33
3518	10349	11765	33
3519	10350	11522	33
3520	10351	11768	33
3521	10377	11650	25
3522	10381	11493	66
3523	10387	11406	33
3524	10429	11262	33
3525	10502	11262	33
3526	10502	11262	33
3527	10502	11262	33
3528	10502	11262	33
3529	10503	11402	33
3530	10504	11285	33
3531	10511	11575	33
3532	10511	11669	33
3533	10511	11684	33
3534	10511	11701	33
3535	10518	11730	33
3536	10531	11284	33
3537	10556	11715	33
3538	10564	11940	33
3539	10593	11446	30
3540	10604	11919	66
3541	10609	11421	33
3542	10632	12060	33
3543	10640	12072	33
3544	10640	12072	33
3545	10640	12072	33
3546	10648	11791	33
3547	10660	11942	33
3548	10665	11640	33
3549	10682	11708	33
3550	10684	11692	33
3551	10684	11855	33
3552	10685	11681	33
3553	10688	11655	33
3554	10693	11480	33
3555	10693	11811	33
3556	10695	11500	33
3557	10702	11639	33
3558	10702	11651	33
3559	10702	12000	33
3560	10706	11593	33
3561	10706	11766	33
3562	10713	11454	33
3563	10717	11555	33
3564	10722	11554	40
3565	10725	11563	33
3566	10742	11761	33
3567	10742	12123	33
3568	10743	11824	33
3569	10743	11825	33
3570	10743	11825	33
3571	10744	11945	66
3572	10747	11824	33
3573	10748	11649	25
3574	10750	11766	33
3575	10750	11766	33
3576	10765	11756	33
3577	10765	11953	33
3578	10770	11700	66
3579	10770	11700	66
3580	10770	11705	66
3581	10770	11710	66
3582	10770	11715	66
3583	10770	11715	66
3584	10770	11726	66
3585	10770	11731	66
3586	10771	11664	33
3587	10778	11618	33
3588	10788	11701	30
3589	10796	11976	33
3590	10801	11526	33
3591	10801	11616	33
3592	10801	11803	33
3593	10802	11943	30
3594	10803	11525	66
3595	10803	11525	66
3596	10803	11543	25
3597	10803	11585	66
3598	10803	11645	66
3599	10803	11948	33
3600	10808	11534	33
3601	10810	12025	33
3602	10813	11677	33
3603	10813	12016	33
3604	10816	11850	33
3605	10827	11583	33
3606	10829	12248	33
3607	10832	11581	30
3608	10832	11581	30
3609	10834	11955	33
3610	10835	11611	33
3611	10847	11842	33
3612	10848	11618	25
3613	10860	11760	33
3614	10861	11581	30
3615	10861	11583	33
3616	10861	11700	66
3617	10861	11700	66
3618	10863	11584	50
3619	10865	11795	33
3620	10865	12067	66
3621	10866	11850	33
3622	10874	11598	33
3623	10874	11615	33
3624	10888	11613	66
3625	10888	11613	66
3626	10888	11613	66
3627	10888	11613	66
3628	10888	11613	66
3629	10888	11614	66
3630	10888	11614	66
3631	10891	11647	30
3632	10894	11695	33
3633	10898	11940	33
3634	10912	11847	66
3635	10916	11846	33
3636	10921	11643	33
3637	10922	11701	25
3638	10922	11701	25
3639	10937	11798	33
3640	10937	11938	33
3641	10952	12050	33
3642	10956	11704	33
3643	10956	11940	50
3644	10964	11701	50
3645	10973	11847	66
3646	10983	11883	33
3647	10983	11940	33
3648	10986	11940	33
3649	10987	11819	33
3650	10990	11846	33
3651	10996	11748	30
3652	11032	11832	33
3653	11037	12080	66
3654	11039	12339	33
3655	11039	12339	33
3656	11061	11833	66
3657	11074	12044	66
3658	11074	12044	66
3659	11074	12044	66
3660	11111	12130	66
3661	11114	12101	66
3662	11125	12050	33
3663	11127	11940	33
3664	11127	12050	33
3665	11129	12124	66
3666	11132	12380	25
3667	11138	11886	66
3668	11143	12128	66
3669	11145	12262	66
3670	11162	12023	66
3671	11168	12222	66
3672	11169	12097	66
3673	11173	12380	25
3674	11174	12212	33
3675	11175	12581	33
3676	11175	12581	33
3677	11175	12581	33
3678	11181	12339	33
3679	11182	11953	33
3680	11182	12339	33
3681	11182	12344	66
3682	11183	11966	33
3683	11183	12339	33
3684	11184	12167	66
3685	11184	12339	33
3686	11238	12370	66
3687	11258	12385	33
3688	11273	12291	66
3689	11276	12339	33
3690	11315	12167	66
3691	11321	12404	33
3692	11331	12223	66
3693	11334	12206	66
3694	11337	12756	33
3695	11342	12218	66
3696	11357	12440	66
3697	11360	12655	33
3698	11383	12380	25
3699	11385	12382	25
3700	11387	12339	33
3701	11387	12339	33
3702	11387	12339	33
3703	11387	12339	33
3704	11388	12339	33
3705	11388	12339	33
3706	11388	12341	33
3707	11388	12341	33
3708	11388	12341	33
3709	11391	12339	33
3710	11391	12339	33
3711	11391	12339	33
3712	11391	12339	33
3713	11391	12339	33
3714	11391	12339	33
3715	11391	12339	33
3716	11391	12339	33
3717	11391	12339	33
3718	11391	12339	33
3719	11391	12339	33
3720	11392	12186	33
3721	11392	12186	33
3722	11392	12339	33
3723	11392	12339	33
3724	11392	12339	33
3725	11392	12341	33
3726	11427	12341	33
3727	11437	12785	33
3728	11476	12339	33
3729	11476	12339	33
3730	11476	12339	33
3731	11476	12339	33
3732	11476	12339	33
3733	11476	12340	33
3734	11476	12341	33
3735	11477	12339	33
3736	11477	12339	33
3737	11477	12339	33
3738	11477	12339	33
3739	11477	12339	33
3740	11477	12339	33
3741	11507	12339	33
3742	11507	12339	33
3743	11507	12339	33
3744	11507	12339	33
3745	11507	12341	33
3746	11507	12341	33
3747	11507	12341	33
3748	11507	12341	33
3749	11521	12549	33
3750	11524	12380	25
3751	11524	12962	33
3752	11531	12847	33
3753	11531	12852	33
3754	11531	12862	33
3755	11551	12603	33
3756	11598	13024	66
3757	11598	13024	66
3758	11598	13025	66
3759	11598	13025	66
3760	11625	12380	50
3761	11642	12900	66
3762	11642	12901	66
3763	11642	12901	66
3764	11642	12902	66
3765	11692	12412	33
3766	11692	12412	33
3767	11692	12427	33
3768	11692	12443	33
3769	11695	13035	66
3770	11707	13142	33
3771	11758	13082	33
3772	11764	12978	33
3773	11764	12978	33
3774	11767	12847	33
3775	11777	12772	30
3776	11799	13082	33
3777	11802	12551	33
3778	11809	12549	33
3779	11810	12634	33
3780	11820	12973	33
3781	11821	12975	33
3782	11822	12662	30
3783	11822	12662	30
3784	11859	12963	33
3785	11873	13149	66
3786	11873	13149	33
3787	11884	12965	33
3788	11884	13262	50
3789	11892	13146	66
3790	11919	13146	66
3791	11965	12927	33
3792	11965	12960	33
3793	12007	12840	66
3794	12065	12840	66
3795	12072	12800	33
3796	12081	13284	33
3797	12086	13033	66
3798	12108	13033	66
3799	12124	12856	33
3800	12124	13100	33
3801	12124	13130	33
3802	12124	13208	33
3803	12124	13208	33
3804	12126	12882	33
3805	12126	13194	33
3806	12127	12847	33
3807	12127	12867	33
3808	12127	13105	33
3809	12127	13105	33
3810	12127	13118	33
3811	12137	12870	33
3812	12137	12889	33
3813	12137	12944	33
3814	12137	13001	33
3815	12137	13202	33
3816	12137	13450	33
3817	12144	12864	66
3818	12146	12959	33
3819	12146	13031	33
3820	12146	13067	33
3821	12146	13316	33
3822	12146	13440	33
3823	12146	13463	33
3824	12150	13155	33
3825	12154	13219	33
3826	12170	12970	30
3827	12170	13082	33
3828	12172	13348	33
3829	12184	13265	66
3830	12186	13139	33
3831	12186	13265	33
3832	12210	13140	66
3833	12210	13140	66
3834	12210	13160	66
3835	12218	12998	33
3836	12240	12969	33
3837	12240	13022	33
3838	12242	12963	25
3839	12243	13263	33
3840	12244	12964	66
3841	12245	13243	33
3842	12250	13413	33
3843	12254	13021	33
3844	12254	13053	33
3845	12254	13130	33
3846	12264	13330	33
3847	12267	13668	33
3848	12272	13022	30
3849	12273	13022	33
3850	12273	13022	33
3851	12273	13022	33
3852	12273	13022	33
3853	12275	13674	33
3854	12282	13324	33
3855	12283	13394	66
3856	12288	13028	66
3857	12288	13028	33
3858	12296	13315	33
3859	12297	13230	66
3860	12297	13664	66
3861	12300	13022	33
3862	12301	13140	66
3863	12301	13140	66
3864	12301	13140	66
3865	12301	13140	66
3866	12305	13291	33
3867	12310	13387	33
3868	12310	13434	33
3869	12310	13434	33
3870	12310	13486	33
3871	12315	13457	33
3872	12316	13436	33
3873	12316	13436	33
3874	12316	13483	33
3875	12343	13664	66
3876	12353	13662	33
3877	12361	13141	30
3878	12364	13454	33
3879	12365	13115	33
3880	12388	13349	33
3881	12420	13411	33
3882	12420	13411	33
3883	12423	13385	33
3884	12423	13389	33
3885	12424	13660	33
3886	12424	13660	33
3887	12424	13660	33
3888	12424	13660	33
3889	12425	13171	66
3890	12425	13660	33
3891	12425	13660	33
3892	12425	13660	33
3893	12425	13660	33
3894	12425	13660	33
3895	12460	13454	66
3896	12468	13270	33
3897	12468	13551	33
3898	12475	13292	33
3899	12475	13409	33
3900	12487	13525	66
3901	12490	13637	66
3902	12503	13326	33
3903	12511	13649	66
3904	12522	13468	30
3905	12532	13446	25
3906	12533	13677	66
3907	12545	13706	66
3908	12550	13358	33
3909	12551	13517	66
3910	12553	13628	66
3911	12560	13740	33
3912	12560	13740	33
3913	12560	13743	33
3914	12564	13625	66
3915	12567	13740	33
3916	12567	13740	33
3917	12575	13736	66
3918	12580	13359	50
3919	12588	13646	66
3920	12596	13821	25
3921	12596	13821	25
3922	12601	13667	66
3923	12604	13820	50
3924	12604	13820	50
3925	12604	13820	50
3926	12605	13504	33
3927	12625	13825	66
3928	12630	13573	66
3929	12630	13585	66
3930	12631	13548	66
3931	12643	13648	66
3932	12658	13544	66
3933	12660	13566	33
3934	12660	13582	33
3935	12669	13659	33
3936	12681	13641	66
3937	12681	13641	66
3938	12696	13820	33
3939	12720	13704	66
3940	12726	13715	66
3941	12738	13673	66
3942	12975	14058	66
3943	12994	14233	33
3944	13084	13852	33
3945	13111	13852	33
3946	13121	13941	33
3947	13121	13970	33
3948	13121	14002	33
3949	13121	14048	33
3950	13129	13863	33
3951	13186	14252	33
3952	13262	14392	66
3953	13326	14195	33
3954	13333	14119	66
3955	13336	14556	66
3956	13396	14310	66
3957	13501	14509	33
3958	13518	14946	33
3959	13523	14951	33
3960	13529	14961	33
3961	13576	14314	66
3962	13576	14314	66
3963	13578	14858	66
3964	13622	14613	33
3965	13625	14704	33
3966	13625	14704	33
3967	13625	14704	33
3968	13627	14595	33
3969	13650	14580	66
3970	13650	14580	66
3971	13662	14463	33
3972	13662	14607	33
3973	13677	14715	33
3974	13682	14823	30
3975	13683	14420	66
3976	13684	14525	66
3977	13693	15091	33
3978	13693	15091	33
3979	13711	15118	33
3980	13716	14823	33
3981	13740	14640	33
3982	13740	14640	33
3983	13740	14640	33
3984	13742	14609	33
3985	13744	14874	33
3986	13752	15166	33
3987	13753	14755	33
3988	13759	15166	33
3989	13762	14703	66
3990	13768	14703	66
3991	13780	15080	33
3992	13782	15083	33
3993	13786	14611	25
3994	13801	14521	33
3995	13801	14521	33
3996	13801	14521	33
3997	13904	15149	66
3998	13943	15062	66
3999	13947	15078	66
4000	13965	14754	33
4001	13975	14968	66
4002	13980	15267	66
4003	14022	14832	33
4004	14035	15149	66
4005	14052	15076	30
4006	14058	15069	66
4007	14086	15091	66
4008	14086	15222	30
4009	14089	15080	66
4010	14104	15136	66
4011	14128	15086	66
4012	14136	15255	33
4013	14136	15255	33
4014	14136	15255	33
4015	14191	15577	33
4016	14193	14916	33
4017	14212	15077	33
4018	14217	15147	66
4019	14238	15012	33
4020	14238	15012	33
4021	14357	15112	30
4022	14557	15565	33
4023	14558	15348	66
4024	14561	15434	30
4025	14594	15398	33
4026	14594	15414	33
4027	14594	15474	33
4028	14594	15489	33
4029	14594	15506	33
4030	14594	15506	33
4031	14701	15466	66
4032	14711	16145	33
4033	14777	15562	30
4034	14791	16216	66
4035	14793	15996	66
4036	14848	16046	33
4037	14852	16064	33
4038	14856	16036	33
4039	14856	16036	33
4040	14860	16038	33
4041	14866	15782	66
4042	14910	16346	30
4043	14911	15990	30
4044	14953	16391	33
4045	14959	16392	33
4046	14959	16392	33
4047	15109	16019	33
4048	15109	16019	33
4049	15109	16114	33
4050	15115	15903	50
4051	15121	15869	66
4052	15121	15870	66
4053	15121	15870	66
4054	15121	15870	66
4055	15121	15870	66
4056	15121	15870	66
4057	15130	16519	33
4058	15130	16524	33
4059	15130	16560	33
4060	15132	16528	33
4061	15135	16161	33
4062	15146	16021	50
4063	15151	16285	33
4064	15180	16021	50
4065	15183	16081	33
4066	15184	16325	66
4067	15184	16384	66
4068	15184	16386	66
4069	15203	16117	66
4070	15204	15987	33
4071	15216	16274	66
4072	15231	16204	33
4073	15235	16334	33
4074	15241	16009	33
4075	15284	16022	33
4076	15339	16383	66
4077	15341	16412	66
4078	15343	16577	33
4079	15347	16077	66
4080	15347	16727	66
4081	15355	16148	33
4082	15356	16268	66
4083	15360	16262	33
4084	15366	16367	66
4085	15373	16181	33
4086	15373	16181	33
4087	15373	16181	33
4088	15376	16270	66
4089	15377	16289	66
4090	15383	16506	66
4091	15394	16374	66
4092	15398	16450	66
4093	15400	16530	66
4094	15418	16403	66
4095	15424	16160	33
4096	15424	16498	33
4097	15431	16331	66
4098	15449	16260	33
4099	15449	16260	33
4100	15470	16500	66
4101	15476	16734	66
4102	15481	16380	66
4103	15481	16478	66
4104	15487	16438	66
4105	15491	16551	33
4106	15495	16431	66
4107	15499	16508	66
4108	15508	16509	66
4109	15527	16560	66
4110	15530	16420	66
4111	15532	16287	66
4112	15544	16397	33
4113	15547	16313	33
4114	15547	16321	33
4115	15547	16435	33
4116	15547	16435	33
4117	15547	16508	33
4118	15549	16595	66
4119	15553	16505	66
4120	15563	16473	66
4121	15567	16503	66
4122	15576	16703	33
4123	15588	16496	66
4124	15608	16632	66
4125	15610	16664	33
4126	15610	16664	33
4127	15611	16506	33
4128	15618	16400	33
4129	15627	16400	33
4130	15627	16402	33
4131	15629	16576	66
4132	15647	16394	30
4133	15649	16581	30
4134	15661	16483	33
4135	15661	16483	33
4136	15668	16506	33
4137	15700	16655	66
4138	15721	16513	33
4139	15721	16540	33
4140	15771	17042	33
4141	15781	16506	33
4142	15781	16506	33
4143	15781	16506	33
4144	15781	16511	33
4145	15781	16511	33
4146	15782	16516	33
4147	15857	16658	66
4148	15867	16655	66
4149	15904	16663	66
4150	15906	16865	33
4151	15916	16655	66
4152	15917	16655	66
4153	15917	16655	66
4154	15962	17221	66
4155	15962	17221	66
4156	15962	17222	66
4157	15976	17050	66
4158	15976	17050	66
4159	16034	16786	33
4160	16034	16786	33
4161	16034	16802	33
4162	16034	16817	33
4163	16081	16911	66
4164	16082	16911	66
4165	16082	16914	66
4166	16085	16914	66
4167	16087	17167	33
4168	16143	16981	30
4169	16164	17570	33
4170	16164	17570	33
4171	16167	17605	33
4172	16212	17415	33
4173	16214	16944	33
4174	16214	16984	33
4175	16214	17051	33
4176	16214	17066	33
4177	16221	17161	33
4178	16241	17205	33
4179	16260	17460	66
4180	16263	16991	66
4181	16312	17112	33
4182	16312	17368	66
4183	16326	17740	66
4184	16343	17508	33
4185	16358	17123	66
4186	16358	17431	66
4187	16370	17182	33
4188	16387	17250	66
4189	16399	17244	33
4190	16402	17135	66
4191	16402	17135	66
4192	16411	17493	33
4193	16443	17199	33
4194	16443	17469	33
4195	16443	17617	33
4196	16443	17817	33
4197	16446	17421	33
4198	16446	17645	33
4199	16447	17464	33
4200	16447	17680	33
4201	16450	17399	66
4202	16452	17257	33
4203	16452	17532	33
4204	16452	17698	33
4205	16453	17728	66
4206	16453	17728	33
4207	16463	17424	33
4208	16463	17517	33
4209	16464	17223	33
4210	16464	17424	33
4211	16464	17478	33
4212	16464	17544	33
4213	16464	17568	33
4214	16464	17717	66
4215	16464	17805	33
4216	16464	17868	33
4217	16472	17683	33
4218	16474	17203	30
4219	16490	17373	33
4220	16492	17247	66
4221	16501	17342	33
4222	16504	17885	66
4223	16526	17461	30
4224	16530	17469	66
4225	16530	17474	66
4226	16530	17490	66
4227	16531	17401	33
4228	16559	17341	66
4229	16561	17399	66
4230	16563	17582	33
4231	16565	17447	33
4232	16566	17564	33
4233	16577	17896	33
4234	16586	17461	50
4235	16591	17341	30
4236	16591	17343	50
4237	16596	17491	33
4238	16609	17978	33
4239	16616	17830	33
4240	16616	17832	33
4241	16620	17520	33
4242	16620	17520	33
4243	16620	17575	33
4244	16623	17343	33
4245	16623	17830	33
4246	16623	17830	33
4247	16624	17830	33
4248	16624	17830	33
4249	16624	17832	33
4250	16624	17832	33
4251	16630	17604	66
4252	16635	17851	30
4253	16635	17851	30
4254	16636	17379	33
4255	16636	17986	66
4256	16643	17548	33
4257	16645	18030	66
4258	16646	17603	33
4259	16646	17680	33
4260	16649	17588	33
4261	16649	17588	33
4262	16649	17603	33
4263	16677	17604	66
4264	16680	17701	33
4265	16682	17402	33
4266	16687	17407	33
4267	16709	17881	33
4268	16712	17486	33
4269	16717	17486	33
4270	16724	17838	33
4271	16726	17838	33
4272	16726	17838	33
4273	16739	18054	66
4274	16740	18053	66
4275	16740	18054	66
4276	16741	17791	33
4277	16741	17893	33
4278	16745	17484	66
4279	16752	18054	66
4280	16752	18054	66
4281	16752	18054	66
4282	16752	18182	33
4283	16755	17505	66
4284	16767	17913	33
4285	16767	17913	33
4286	16767	17913	33
4287	16767	17913	33
4288	16767	17913	33
4289	16767	17913	33
4290	16777	18154	33
4291	16781	17835	33
4292	16789	17983	33
4293	16803	17736	33
4294	16804	17895	66
4295	16811	17775	66
4296	16811	17834	66
4297	16811	17937	66
4298	16811	17980	66
4299	16819	17949	33
4300	16819	18140	50
4301	16826	17761	30
4302	16867	18142	33
4303	16867	18142	33
4304	16874	17864	66
4305	16874	17864	66
4306	16884	18010	66
4307	16885	17965	66
4308	16886	17852	66
4309	16886	17852	66
4310	16891	17645	33
4311	16901	18152	33
4312	16912	17979	66
4313	16921	17701	33
4314	16925	17780	66
4315	16931	18269	33
4316	16931	18271	33
4317	16931	18271	33
4318	16933	17883	66
4319	16933	18140	25
4320	16933	18140	25
4321	16933	18140	50
4322	16940	17983	66
4323	16941	18269	33
4324	16941	18271	33
4325	16942	17990	66
4326	16951	18084	66
4327	16976	17957	66
4328	16981	17807	66
4329	16986	17990	66
4330	17012	17968	66
4331	17012	17998	33
4332	17046	18307	33
4333	17056	17951	66
4334	17058	17955	66
4335	17059	17927	66
4336	17065	17900	66
4337	17075	18422	33
4338	17075	18422	33
4339	17076	18022	33
4340	17076	18022	33
4341	17076	18022	66
4342	17081	18152	33
4343	17084	17932	66
4344	17093	18003	33
4345	17093	18003	33
4346	17093	18003	33
4347	17093	18003	33
4348	17093	18003	33
4349	17101	18093	66
4350	17124	17894	33
4351	17135	18110	66
4352	17180	17936	33
4353	17237	17987	25
4354	17249	18102	66
4355	17262	18651	30
4356	17273	18352	25
4357	17279	18071	66
4358	17280	18347	33
4359	17280	18353	33
4360	17299	18476	33
4361	17299	18476	33
4362	17321	18162	33
4363	17330	18439	66
4364	17330	18610	33
4365	17330	18626	33
4366	17397	18555	66
4367	17397	18555	66
4368	17397	18555	66
4369	17397	18759	66
4370	17402	18660	66
4371	17402	18660	66
4372	17402	18660	66
4373	17402	18660	66
4374	17402	18660	66
4375	17402	18661	66
4376	17402	18661	66
4377	17402	18662	66
4378	17419	18284	33
4379	17450	18188	33
4380	17450	18250	33
4381	17450	18295	33
4382	17450	18295	33
4383	17463	18183	33
4384	17470	18198	33
4385	17479	18331	66
4386	17492	18261	33
4387	17503	18301	33
4388	17503	18301	33
4389	17503	18301	33
4390	17511	18843	33
4391	17511	18843	33
4392	17525	18325	66
4393	17595	18357	33
4394	17595	18404	66
4395	17632	18909	33
4396	17642	19021	50
4397	17661	18428	30
4398	17701	18940	33
4399	17719	18488	33
4400	17719	18488	33
4401	17719	18488	33
4402	17816	18872	33
4403	17842	19260	33
4404	17847	19280	33
4405	17851	18933	33
4406	17881	19320	66
4407	17882	18802	33
4408	17883	18796	33
4409	17888	18795	33
4410	17888	18866	33
4411	17892	18857	33
4412	17892	18857	33
4413	17892	19225	33
4414	17892	19238	33
4415	17893	18950	33
4416	17893	19058	33
4417	17893	19076	33
4418	17893	19291	33
4419	17895	18873	33
4420	17895	18932	33
4421	17901	18849	33
4422	17902	18883	33
4423	17902	18965	33
4424	17902	19011	33
4425	17902	19217	33
4426	17906	18857	33
4427	17906	19252	33
4428	17918	19012	33
4429	17920	18654	30
4430	17934	18976	33
4431	17941	18782	50
4432	17942	18961	33
4433	17944	19264	66
4434	17944	19264	66
4435	17947	19201	33
4436	17971	18841	33
4437	17974	18909	66
4438	17974	18909	66
4439	17976	19074	33
4440	17986	18782	66
4441	18002	19143	30
4442	18004	18933	33
4443	18004	19024	66
4444	18004	19206	66
4445	18004	19265	66
4446	18006	19012	33
4447	18011	18817	33
4448	18014	19202	33
4449	18018	18786	33
4450	18019	19101	66
4451	18019	19372	66
4452	18027	19347	30
4453	18031	18960	33
4454	18032	18961	33
4455	18035	18783	30
4456	18043	19048	33
4457	18043	19048	33
4458	18043	19048	33
4459	18045	18783	33
4460	18048	18785	66
4461	18048	18785	66
4462	18048	18785	66
4463	18048	18785	66
4464	18048	18871	66
4465	18049	19410	33
4466	18061	18782	33
4467	18061	18875	33
4468	18061	18900	66
4469	18063	18982	33
4470	18063	19057	33
4471	18064	18784	33
4472	18066	19183	33
4473	18066	19264	33
4474	18066	19276	33
4475	18066	19409	33
4476	18066	19409	33
4477	18094	19282	33
4478	18095	18932	33
4479	18099	19230	66
4480	18102	18852	66
4481	18111	18848	33
4482	18120	19039	33
4483	18124	18847	33
4484	18130	19080	33
4485	18135	19107	33
4486	18140	19059	33
4487	18140	19089	33
4488	18183	19083	33
4489	18187	19098	33
4490	18187	19098	33
4491	18193	18937	66
4492	18193	18937	66
4493	18193	19001	66
4494	18193	19001	66
4495	18193	19003	66
4496	18193	19004	66
4497	18193	19004	66
4498	18204	18929	66
4499	18228	19288	66
4500	18247	19423	66
4501	18255	18998	66
4502	18255	18998	66
4503	18260	19110	33
4504	18279	19694	33
4505	18279	19694	33
4506	18283	19456	33
4507	18283	19458	33
4508	18287	19691	33
4509	18287	19694	33
4510	18287	19694	33
4511	18291	19458	33
4512	18291	19458	33
4513	18294	19250	66
4514	18309	19208	66
4515	18336	19492	66
4516	18352	19277	66
4517	18361	19426	66
4518	18362	19485	33
4519	18362	19485	33
4520	18376	19731	33
4521	18379	19190	33
4522	18379	19264	33
4523	18379	19317	33
4524	18379	19360	66
4525	18411	19374	66
4526	18428	19261	66
4527	18430	19455	66
4528	18452	19196	66
4529	18456	19589	33
4530	18457	19376	66
4531	18466	19318	66
4532	18485	19208	33
4533	18485	19540	66
4534	18493	19403	66
4535	18521	19382	66
4536	18557	19360	66
4537	18568	19369	66
4538	18578	19321	66
4539	18595	19871	30
4540	18612	19815	66
4541	18664	19478	33
4542	18664	19493	33
4543	18664	19508	33
4544	18664	19508	33
4545	18678	19754	33
4546	18712	19434	33
4547	18722	19763	33
4548	18723	20160	33
4549	18754	20160	66
4550	18758	19685	33
4551	18762	20160	66
4552	18762	20160	66
4553	18777	20160	66
4554	18792	20160	25
4555	18792	20160	25
4556	18797	20160	33
4557	18805	19682	33
4558	18817	20160	33
4559	18833	20160	33
4560	18842	20100	66
4561	18842	20100	66
4562	18842	20101	66
4563	18844	19752	33
4564	18845	20054	66
4565	18847	19904	66
4566	18860	20160	33
4567	18866	20160	33
4568	18866	20160	33
4569	18866	20160	33
4570	18866	20160	33
4571	18866	20160	33
4572	18866	20160	33
4573	18866	20160	33
4574	18866	20160	33
4575	18866	20160	33
4576	18866	20160	33
4577	18866	20160	33
4578	18866	20160	33
4579	18866	20160	33
4580	18866	20160	33
4581	18866	20160	33
4582	18866	20160	33
4583	18866	20160	33
4584	18866	20160	33
4585	18866	20160	33
4586	18866	20160	33
4587	18866	20160	33
4588	18866	20160	33
4589	18866	20160	33
4590	18866	20160	33
4591	18866	20160	33
4592	18866	20160	33
4593	18866	20160	33
4594	18866	20160	33
4595	18866	20160	33
4596	18866	20160	33
4597	18866	20160	33
4598	18866	20160	33
4599	18866	20160	33
4600	18866	20160	33
4601	18866	20160	33
4602	18866	20160	33
4603	18866	20160	33
4604	18866	20160	33
4605	18866	20160	33
4606	18866	20160	33
4607	18866	20160	33
4608	18877	20160	66
4609	18883	20160	66
4610	18888	20160	66
4611	18899	20160	66
4612	18904	20160	33
4613	18906	20160	66
4614	18911	19661	33
4615	18911	19694	33
4616	18911	19754	33
4617	18911	19771	33
4618	18911	19786	33
4619	18911	20160	66
4620	18911	20160	66
4621	18915	20160	66
4622	18915	20160	33
4623	18915	20160	33
4624	18922	19915	33
4625	18935	19752	33
4626	18935	19752	33
4627	18935	19752	33
4628	18935	19754	33
4629	18935	19754	33
4630	18935	20054	66
4631	18936	20160	66
4632	18946	19807	33
4633	18946	19807	33
4634	18946	20160	66
4635	18946	20160	33
4636	18946	20160	33
4637	18946	20160	33
4638	18946	20160	33
4639	18946	20160	33
4640	18946	20160	33
4641	18946	20160	33
4642	18946	20160	33
4643	18946	20160	33
4644	18946	20160	33
4645	18946	20160	33
4646	18947	19683	33
4647	18947	19683	33
4648	18947	19683	33
4649	18947	19806	33
4650	18947	19806	33
4651	18947	19806	33
4652	18947	19806	33
4653	18947	19806	33
4654	18947	19806	33
4655	18947	19806	33
4656	18947	19806	33
4657	18947	19806	33
4658	18947	19806	33
4659	18947	19806	33
4660	18947	19806	33
4661	18947	19806	33
4662	18947	19806	33
4663	18947	19806	33
4664	18947	19807	33
4665	18947	19807	33
4666	18947	19807	33
4667	18947	19807	33
4668	18947	19807	33
4669	18947	19807	33
4670	18947	19807	33
4671	18947	19807	33
4672	18947	20074	33
4673	18947	20074	33
4674	18947	20074	33
4675	18947	20160	33
4676	18947	20160	33
4677	18947	20160	33
4678	18947	20160	33
4679	18947	20160	33
4680	18947	20160	33
4681	18947	20160	33
4682	18947	20160	33
4683	18947	20160	33
4684	18947	20160	33
4685	18947	20160	33
4686	18947	20160	33
4687	18947	20160	33
4688	18947	20160	33
4689	18947	20160	33
4690	18947	20160	33
4691	18947	20160	33
4692	18947	20160	33
4693	18947	20160	33
4694	18947	20160	33
4695	18947	20160	33
4696	18947	20160	33
4697	18947	20160	33
4698	18947	20160	33
4699	18947	20160	33
4700	18947	20160	33
4701	18947	20160	33
4702	18947	20160	33
4703	18947	20160	33
4704	18947	20160	33
4705	18947	20160	33
4706	18947	20160	33
4707	18947	20160	33
4708	18947	20160	33
4709	18947	20160	33
4710	18947	20160	33
4711	18947	20160	33
4712	18947	20160	33
4713	18947	20160	33
4714	18947	20160	33
4715	18947	20160	33
4716	18947	20160	33
4717	18947	20160	33
4718	18947	20160	33
4719	18947	20160	33
4720	18947	20160	33
4721	18947	20160	33
4722	18947	20160	33
4723	18947	20160	33
4724	18947	20160	33
4725	18947	20160	33
4726	18947	20160	33
4727	18947	20160	33
4728	18947	20160	33
4729	18947	20160	33
4730	18947	20160	33
4731	18947	20160	33
4732	18947	20160	33
4733	18947	20160	33
4734	18947	20160	33
4735	18947	20160	33
4736	18947	20160	33
4737	18947	20160	33
4738	18947	20160	33
4739	18947	20160	33
4740	18947	20160	33
4741	18947	20160	33
4742	18947	20160	33
4743	18947	20160	33
4744	18947	20160	33
4745	18947	20160	33
4746	18947	20160	33
4747	18947	20160	33
4748	18947	20160	33
4749	18947	20160	33
4750	18947	20160	33
4751	18947	20160	33
4752	18947	20160	33
4753	18947	20160	33
4754	18947	20160	33
4755	18947	20160	33
4756	18947	20160	33
4757	18947	20160	33
4758	18947	20160	33
4759	18947	20160	33
4760	18947	20160	33
4761	18947	20160	33
4762	18947	20160	33
4763	18947	20160	33
4764	18947	20160	33
4765	18947	20160	33
4766	18947	20160	33
4767	18947	20160	33
4768	18947	20160	33
4769	18947	20160	33
4770	18947	20160	33
4771	18947	20160	33
4772	18947	20160	33
4773	18947	20160	33
4774	18947	20160	33
4775	18947	20160	33
4776	18947	20160	33
4777	18947	20160	33
4778	18947	20160	33
4779	18947	20160	33
4780	18947	20160	33
4781	18947	20160	33
4782	18947	20160	33
4783	18947	20160	33
4784	18948	19808	33
4785	18948	19808	33
4786	18948	19808	33
4787	18948	19808	33
4788	18948	19809	33
4789	18948	19809	33
4790	18948	19809	33
4791	18948	19809	33
4792	18948	19927	33
4793	18948	20160	33
4794	18948	20160	33
4795	18948	20160	33
4796	18948	20160	33
4797	18948	20160	33
4798	18948	20160	33
4799	18948	20160	33
4800	18948	20160	33
4801	18948	20160	33
4802	18948	20160	33
4803	18948	20160	33
4804	18948	20160	33
4805	18948	20160	33
4806	18948	20160	33
4807	18948	20160	33
4808	18948	20160	33
4809	18948	20160	33
4810	18948	20160	33
4811	18948	20160	33
4812	18948	20160	33
4813	18948	20160	33
4814	18948	20160	33
4815	18948	20160	33
4816	18948	20160	33
4817	18948	20160	33
4818	18948	20160	33
4819	18948	20160	33
4820	18948	20160	33
4821	18948	20160	33
4822	18948	20160	33
4823	18948	20160	33
4824	18948	20160	33
4825	18948	20160	33
4826	18948	20160	33
4827	18948	20160	33
4828	18948	20160	33
4829	18948	20160	33
4830	18948	20160	33
4831	18948	20160	33
4832	18948	20160	33
4833	18948	20160	33
4834	18948	20160	33
4835	18952	19690	33
4836	18953	19757	33
4837	18954	19698	66
4838	18957	19923	33
4839	18961	19923	33
4840	18961	19923	33
4841	18961	19923	33
4842	18964	20160	66
4843	18968	19923	33
4844	18968	19923	33
4845	18968	20160	33
4846	18968	20160	33
4847	18968	20160	33
4848	18969	19764	33
4849	18969	19764	33
4850	18969	19923	33
4851	18969	19923	33
4852	18969	19923	33
4853	18978	19849	33
4854	18982	20160	33
4855	18984	20160	33
4856	18988	20160	66
4857	19000	20160	66
4858	19000	20160	50
4859	19011	20160	33
4860	19021	20160	33
4861	19021	20160	33
4862	19021	20160	33
4863	19022	20160	33
4864	19023	19795	66
4865	19023	20160	66
4866	19030	20091	33
4867	19030	20160	33
4868	19042	20160	33
4869	19047	20160	33
4870	19048	20160	66
4871	19049	20123	33
4872	19061	20160	33
4873	19068	20160	66
4874	19081	19816	66
4875	19081	20160	66
4876	19085	20160	33
4877	19102	20160	66
4878	19102	20160	66
4879	19102	20160	66
4880	19103	20038	33
4881	19107	20160	66
4882	19112	20160	33
4883	19112	20160	33
4884	19122	19980	33
4885	19140	20160	33
4886	19140	20160	33
4887	19140	20160	33
4888	19140	20160	33
4889	19140	20160	33
4890	19141	20024	66
4891	19146	20156	33
4892	19151	20160	33
4893	19151	20160	33
4894	19151	20160	33
4895	19157	20160	66
4896	19172	20160	33
4897	19172	20160	33
4898	19172	20160	33
4899	19172	20160	33
4900	19173	20160	33
4901	19174	20160	33
4902	19177	20034	66
4903	19177	20160	33
4904	19189	20160	33
4905	19190	20160	33
4906	19190	20160	33
4907	19190	20160	33
4908	19191	20160	33
4909	19193	20160	33
4910	19194	20160	33
4911	19200	20160	66
4912	19201	20160	66
4913	19214	20160	30
4914	19222	20160	33
4915	19231	20146	33
4916	19231	20160	33
4917	19257	20160	25
4918	19257	20160	30
4919	19261	20160	66
4920	19267	20160	33
4921	19267	20160	33
4922	19267	20160	33
4923	19269	20160	33
4924	19272	20160	33
4925	19272	20160	33
4926	19277	20046	66
4927	19282	20160	66
4928	19291	20160	33
4929	19291	20160	33
4930	19294	20144	33
4931	19294	20160	33
4932	19295	20160	33
4933	19306	20160	30
4934	19308	20160	33
4935	19314	20160	33
4936	19321	20160	33
4937	19321	20160	33
4938	19322	20160	33
4939	19323	20160	33
4940	19323	20160	33
4941	19326	20160	33
4942	19326	20160	33
4943	19328	20160	33
4944	19330	20160	30
4945	19332	20160	33
4946	19338	20160	33
4947	19341	20160	66
4948	19346	20160	33
4949	19347	20160	33
4950	19348	20093	33
4951	19348	20160	33
4952	19348	20160	33
4953	19348	20160	33
4954	19348	20160	33
4955	19348	20160	33
4956	19348	20160	33
4957	19348	20160	33
4958	19349	20160	33
4959	19355	20160	33
4960	19355	20160	33
4961	19355	20160	33
4962	19357	20160	50
4963	19357	20160	33
4964	19359	20160	33
4965	19359	20160	66
4966	19362	20093	30
4967	19368	20160	40
4968	19369	20160	33
4969	19375	20160	50
4970	19376	20160	33
4971	19376	20160	33
4972	19381	20160	33
4973	19383	20160	33
4974	19383	20160	33
4975	19384	20160	33
4976	19384	20160	33
4977	19384	20160	66
4978	19384	20160	66
4979	19384	20160	66
4980	19384	20160	66
4981	19385	20131	33
4982	19385	20160	33
4983	19385	20160	33
4984	19387	20160	33
4985	19387	20160	33
4986	19391	20160	33
4987	19393	20160	33
4988	19398	20160	33
4989	19401	20160	33
4990	19407	20160	33
4991	19407	20160	33
4992	19414	20160	66
4993	19414	20160	66
4994	19414	20160	66
4995	19414	20160	66
4996	19415	20160	33
4997	19418	20160	33
4998	19432	20160	33
4999	19436	20160	50
