5000	100	0	0
0	0	1	33
1	0	6	33
2	0	6	33
3	0	6	33
4	0	6	33
5	0	6	33
6	0	6	33
7	0	9	33
8	0	9	66
9	0	12	66
10	0	14	33
11	0	17	66
12	0	17	66
13	0	28	66
14	0	33	66
15	0	33	33
16	0	39	66
17	0	62	30
18	0	65	33
19	0	73	33
20	0	75	33
21	0	86	66
22	0	96	33
23	0	96	33
24	0	96	33
25	0	96	33
26	0	96	33
27	0	96	33
28	0	96	33
29	0	97	33
30	0	97	33
31	0	97	33
32	0	97	33
33	0	97	33
34	0	97	33
35	0	97	33
36	0	97	33
37	0	97	33
38	0	97	33
39	0	97	33
40	0	97	33
41	0	97	33
42	0	97	33
43	0	98	33
44	0	98	33
45	0	102	33
46	0	112	66
47	0	124	33
48	0	133	66
49	0	133	66
50	0	135	33
51	0	137	33
52	0	141	33
53	0	182	33
54	0	185	33
55	0	188	33
56	0	188	33
57	0	188	33
58	0	188	33
59	0	188	33
60	0	200	33
61	0	200	33
62	0	215	66
63	0	215	66
64	0	215	66
65	0	224	61
66	0	241	33
67	0	252	66
68	0	253	33
69	0	253	33
70	0	253	33
71	0	253	33
72	0	253	33
73	0	253	33
74	0	254	33
75	0	254	33
76	0	254	33
77	0	254	33
78	0	254	33
79	0	254	33
80	0	254	33
81	0	254	33
82	0	255	33
83	0	255	33
84	0	255	33
85	0	256	33
86	0	258	33
87	0	258	33
88	0	268	33
89	0	268	33
90	0	268	33
91	0	268	33
92	0	269	33
93	0	269	33
94	0	269	33
95	0	279	33
96	0	279	33
97	0	280	33
98	0	295	66
99	0	302	33
100	0	310	33
101	0	310	33
102	0	338	66
103	0	358	66
104	0	359	33
105	0	420	33
106	0	420	33
107	0	420	33
108	0	421	33
109	0	477	33
110	0	506	33
111	0	507	33
112	0	509	33
113	0	513	66
114	0	513	66
115	0	513	66
116	0	513	66
117	0	513	66
118	0	513	66
119	0	514	66
120	0	515	66
121	0	515	66
122	0	515	66
123	0	515	66
124	0	520	66
125	0	520	66
126	0	528	33
127	0	528	66
128	0	531	66
129	0	531	66
130	0	531	66
131	0	531	66
132	0	531	66
133	0	534	33
134	0	538	33
135	0	550	33
136	0	550	33
137	0	550	33
138	0	550	33
139	0	552	33
140	0	552	33
141	0	552	33
142	0	552	33
143	0	555	33
144	0	576	33
145	0	577	33
146	0	577	33
147	0	577	33
148	0	577	33
149	0	577	33
150	0	577	33
151	0	579	33
152	0	579	33
153	0	579	33
154	0	579	33
155	0	579	33
156	0	579	33
157	0	580	33
158	0	580	33
159	0	580	33
160	0	580	33
161	0	580	33
162	0	580	33
163	0	596	61
164	0	605	33
165	0	606	33
166	0	612	33
167	0	615	33
168	0	622	33
169	0	626	33
170	0	633	33
171	0	633	33
172	0	635	33
173	0	637	33
174	0	640	33
175	0	640	33
176	0	640	33
177	0	640	33
178	0	655	33
179	0	661	33
180	0	691	33
181	0	716	66
182	0	755	33
183	0	755	33
184	0	755	33
185	0	755	33
186	0	755	33
187	0	755	33
188	0	755	33
189	0	755	33
190	0	755	33
191	0	827	33
192	0	863	33
193	0	872	33
194	0	1048	33
195	0	1158	33
196	0	1161	30
197	0	1164	30
198	0	1208	33
199	0	1335	30
200	0	1381	33
201	0	1390	66
202	1	39	66
203	6	131	66
204	17	18	50
205	17	18	66
206	22	44	33
207	25	53	33
208	28	33	66
209	29	166	33
210	30	62	33
211	34	209	33
212	43	44	25
213	43	120	33
214	51	88	66
215	52	63	33
216	53	56	33
217	53	57	33
218	59	334	33
219	60	65	66
220	60	66	33
221	60	66	33
222	61	221	66
223	65	118	33
224	69	358	33
225	75	95	66
226	75	99	30
227	82	185	33
228	90	91	33
229	90	95	33
230	90	95	33
231	90	95	33
232	90	96	33
233	100	113	33
234	102	123	33
235	107	118	66
236	120	126	33
237	120	126	33
238	120	126	33
239	120	126	33
240	120	126	33
241	120	126	33
242	120	126	33
243	121	122	66
244	121	164	66
245	122	1381	66
246	122	1381	66
247	124	145	66
248	124	145	66
249	125	126	66
250	125	205	66
251	125	517	66
252	125	517	66
253	125	517	66
254	127	129	66
255	127	129	66
256	127	362	66
257	127	516	66
258	130	517	66
259	131	516	66
260	133	176	30
261	135	183	66
262	145	146	66
263	151	198	66
264	154	466	30
265	161	162	66
266	162	495	33
267	172	293	66
268	180	186	33
269	180	186	33
270	180	186	33
271	181	198	30
272	181	226	66
273	185	236	33
274	196	266	25
275	196	538	66
276	196	538	66
277	199	250	33
278	204	975	33
279	206	207	66
280	210	216	33
281	214	318	66
282	216	217	66
283	216	635	66
284	216	1142	66
285	221	330	33
286	222	251	33
287	223	224	66
288	230	232	66
289	230	232	66
290	230	302	66
291	230	457	66
292	230	457	66
293	240	246	33
294	240	246	33
295	240	246	33
296	241	287	66
297	244	249	66
298	247	248	50
299	249	457	33
300	252	253	66
301	252	255	33
302	252	301	33
303	254	259	33
304	254	260	33
305	254	260	33
306	254	260	33
307	254	260	33
308	254	260	33
309	254	260	33
310	256	625	66
311	261	303	33
312	261	358	33
313	261	358	33
314	261	378	33
315	261	422	33
316	261	1141	33
317	270	460	66
318	271	359	50
319	282	317	33
320	282	906	33
321	282	1142	33
322	283	286	33
323	283	1157	33
324	284	746	33
325	284	1157	33
326	284	1157	33
327	284	1158	33
328	298	1072	33
329	301	307	66
330	304	307	33
331	305	451	66
332	312	419	66
333	317	318	66
334	325	345	33
335	325	345	33
336	341	385	25
337	345	395	30
338	377	378	33
339	377	464	33
340	377	526	33
341	377	781	33
342	377	1157	33
343	377	1158	33
344	377	1158	33
345	378	379	33
346	378	464	66
347	378	1158	33
348	387	1202	60
349	391	709	66
350	402	430	33
351	408	415	33
352	415	461	33
353	415	780	33
354	415	781	33
355	417	422	33
356	417	423	33
357	417	434	33
358	417	455	66
359	417	457	33
360	417	764	33
361	417	841	33
362	417	862	33
363	418	419	33
364	418	424	33
365	419	463	50
366	419	561	33
367	421	449	33
368	421	487	66
369	421	506	33
370	423	505	66
371	425	431	33
372	425	431	33
373	425	431	33
374	425	450	66
375	427	1154	33
376	427	1157	33
377	435	585	25
378	436	441	66
379	436	441	66
380	440	744	66
381	444	449	66
382	451	456	33
383	451	457	33
384	451	457	33
385	451	591	33
386	451	1161	33
387	458	463	33
388	458	1141	33
389	464	571	33
390	464	571	33
391	481	539	66
392	481	547	25
393	484	797	30
394	515	539	66
395	515	561	66
396	518	520	66
397	518	667	66
398	518	1141	66
399	518	1141	66
400	518	1142	66
401	521	585	33
402	532	840	30
403	538	723	33
404	538	862	33
405	539	540	33
406	539	541	33
407	539	542	33
408	541	550	33
409	546	766	66
410	556	1270	33
411	557	647	66
412	565	590	33
413	572	576	33
414	587	599	33
415	587	625	33
416	587	759	33
417	589	591	66
418	590	614	66
419	590	1141	66
420	593	601	66
421	595	723	66
422	600	606	66
423	600	702	33
424	600	702	33
425	601	638	66
426	601	698	66
427	601	702	33
428	601	702	33
429	601	702	33
430	603	702	33
431	614	1157	33
432	616	621	66
433	617	618	33
434	617	622	33
435	617	622	33
436	617	622	33
437	617	623	33
438	617	661	33
439	618	623	33
440	618	623	33
441	618	624	33
442	619	1007	33
443	620	626	33
444	620	626	33
445	622	627	33
446	622	627	66
447	622	627	66
448	622	771	33
449	624	630	33
450	625	631	33
451	627	644	33
452	627	756	33
453	628	694	33
454	635	636	66
455	645	680	66
456	658	686	33
457	659	660	33
458	661	668	33
459	661	679	33
460	661	695	33
461	661	722	33
462	661	726	33
463	661	766	66
464	664	666	66
465	664	685	66
466	666	713	33
467	666	713	33
468	666	730	33
469	682	993	30
470	684	734	33
471	690	721	33
472	697	708	50
473	701	776	33
474	706	778	66
475	711	733	33
476	717	745	33
477	720	875	66
478	721	728	66
479	721	1102	66
480	728	767	33
481	730	1033	33
482	735	778	25
483	736	767	33
484	738	807	33
485	741	1710	33
486	745	765	33
487	759	1142	66
488	759	1502	66
489	760	1097	33
490	763	768	33
491	768	1272	30
492	780	812	33
493	781	888	66
494	785	1203	66
495	792	886	66
496	799	836	33
497	799	836	33
498	808	887	33
499	810	855	33
500	811	886	66
501	818	1901	33
502	819	1901	33
503	819	1901	33
504	819	1901	33
505	820	934	33
506	820	1198	25
507	821	1901	33
508	828	934	66
509	839	981	30
510	840	863	66
511	842	952	66
512	842	952	66
513	848	1482	30
514	850	871	33
515	856	1001	66
516	857	884	66
517	857	884	66
518	862	864	33
519	863	864	66
520	863	1002	66
521	865	887	33
522	870	879	33
523	878	1027	66
524	886	1071	33
525	888	1004	66
526	894	1021	33
527	898	905	66
528	900	915	33
529	900	916	33
530	900	937	33
531	901	959	33
532	902	985	33
533	905	959	33
534	914	931	66
535	914	973	33
536	937	1006	33
537	938	1020	33
538	952	1052	33
539	954	1141	33
540	956	957	33
541	956	957	33
542	957	958	33
543	957	958	33
544	957	1032	33
545	957	1043	33
546	958	961	33
547	961	981	33
548	961	1163	33
549	962	990	33
550	963	977	33
551	967	1021	33
552	967	1043	33
553	967	1360	33
554	968	980	33
555	968	1001	66
556	972	1026	66
557	982	1002	33
558	987	992	33
559	987	992	33
560	987	993	33
561	987	993	33
562	988	994	33
563	989	1026	33
564	989	1067	33
565	989	1142	33
566	990	993	33
567	991	997	33
568	991	1064	66
569	991	1090	33
570	997	1216	66
571	998	1031	33
572	999	1026	33
573	1003	1005	33
574	1003	1009	33
575	1005	1021	33
576	1005	1026	33
577	1005	1032	33
578	1007	1013	33
579	1009	1010	33
580	1018	1390	33
581	1019	1028	33
582	1020	1055	66
583	1021	1055	33
584	1023	1061	33
585	1026	1028	33
586	1030	1081	66
587	1031	1703	33
588	1032	1047	33
589	1032	1059	33
590	1034	1056	33
591	1036	1079	66
592	1037	1061	33
593	1040	1307	66
594	1043	1056	66
595	1043	1167	66
596	1045	1306	66
597	1059	1064	33
598	1059	1073	66
599	1059	1080	33
600	1060	1104	33
601	1063	1147	66
602	1066	1185	66
603	1070	1157	66
604	1070	1216	66
605	1077	1116	33
606	1078	1502	33
607	1080	1122	33
608	1086	1242	66
609	1090	1098	33
610	1092	1116	33
611	1102	1127	33
612	1102	1132	33
613	1107	1139	33
614	1111	1120	66
615	1115	1323	66
616	1126	1363	66
617	1129	1157	66
618	1131	1164	33
619	1131	1165	33
620	1132	1176	66
621	1133	1992	66
622	1136	1199	25
623	1137	1167	30
624	1140	1320	66
625	1141	1345	66
626	1142	1199	66
627	1142	1502	33
628	1142	1666	33
629	1143	1159	33
630	1145	1220	33
631	1156	1180	33
632	1156	1180	33
633	1156	1203	33
634	1156	1214	33
635	1156	1214	33
636	1156	1508	33
637	1157	1199	66
638	1158	1286	33
639	1159	1180	33
640	1159	1276	33
641	1161	1451	33
642	1162	1182	33
643	1166	1280	33
644	1166	1280	33
645	1167	1414	30
646	1168	1172	33
647	1175	1231	66
648	1177	1220	33
649	1179	1901	33
650	1182	1207	33
651	1182	1303	33
652	1185	1201	50
653	1186	1331	30
654	1191	2129	33
655	1193	1211	33
656	1197	1312	33
657	1198	1239	50
658	1200	1216	66
659	1201	1240	66
660	1205	1221	66
661	1212	1218	30
662	1212	1233	33
663	1217	1304	66
664	1219	1241	66
665	1219	1303	66
666	1222	1226	66
667	1222	1234	66
668	1227	1228	33
669	1231	1286	33
670	1233	1337	33
671	1235	1276	33
672	1242	2478	66
673	1246	1254	33
674	1248	1415	66
675	1249	1483	25
676	1254	1298	66
677	1256	1299	33
678	1260	1351	33
679	1260	1351	33
680	1265	1279	33
681	1266	1481	33
682	1267	1477	33
683	1271	1320	66
684	1273	1396	33
685	1283	1344	33
686	1294	1630	66
687	1295	1320	50
688	1295	1320	50
689	1295	1392	50
690	1297	1359	33
691	1297	1496	33
692	1298	1359	33
693	1298	1373	66
694	1298	1397	66
695	1299	1329	33
696	1299	1348	33
697	1301	1380	33
698	1312	1342	33
699	1313	1339	66
700	1320	1324	33
701	1322	2063	66
702	1322	2063	66
703	1322	2063	66
704	1327	1397	33
705	1329	1335	66
706	1342	1363	33
707	1350	1351	66
708	1350	2272	66
709	1360	1419	66
710	1360	2272	66
711	1378	1406	33
712	1378	1441	33
713	1379	1452	33
714	1379	1496	33
715	1379	1497	33
716	1379	1550	33
717	1381	1776	33
718	1382	1776	33
719	1385	1475	66
720	1403	1484	66
721	1411	1496	33
722	1428	1494	66
723	1440	1450	66
724	1440	1526	66
725	1441	1442	33
726	1455	1706	66
727	1455	1706	66
728	1458	1561	33
729	1462	1482	33
730	1480	1528	33
731	1489	1548	33
732	1501	1515	33
733	1501	1549	33
734	1501	1901	33
735	1502	1903	33
736	1505	2270	66
737	1506	1583	25
738	1507	1560	33
739	1507	1560	33
740	1517	1855	33
741	1522	1542	33
742	1522	1548	33
743	1544	2888	50
744	1546	1692	66
745	1557	1560	50
746	1560	1566	66
747	1560	1718	33
748	1561	1582	33
749	1561	1616	33
750	1561	1633	66
751	1561	1675	33
752	1561	1730	33
753	1562	1630	33
754	1562	1675	33
755	1562	1740	33
756	1562	2820	66
757	1566	1654	25
758	1569	1679	33
759	1575	1576	66
760	1576	1697	33
761	1576	2152	66
762	1577	1604	33
763	1587	1603	33
764	1601	1733	33
765	1605	1745	66
766	1606	1749	33
767	1620	1635	50
768	1620	1661	50
769	1620	1729	33
770	1622	1694	33
771	1634	2058	33
772	1635	1636	33
773	1635	1641	33
774	1635	1641	33
775	1635	1645	66
776	1635	1646	33
777	1636	1641	33
778	1636	1696	33
779	1636	1742	33
780	1636	1768	66
781	1641	1653	33
782	1641	1707	33
783	1641	1718	33
784	1642	1730	33
785	1645	1681	33
786	1645	1827	33
787	1648	1661	33
788	1649	1655	33
789	1649	1655	33
790	1650	1651	33
791	1650	1651	33
792	1650	1655	33
793	1650	1655	33
794	1650	1691	33
795	1673	1697	33
796	1673	1772	66
797	1680	1725	66
798	1681	1692	66
799	1684	1690	33
800	1684	1690	33
801	1684	1696	33
802	1684	1996	33
803	1684	2166	33
804	1684	2348	33
805	1697	1717	66
806	1697	1722	66
807	1697	1727	66
808	1716	1750	33
809	1718	1770	66
810	1726	1865	33
811	1726	1876	33
812	1726	2098	33
813	1726	2225	33
814	1726	2225	33
815	1728	1987	33
816	1733	1736	33
817	1738	1743	33
818	1738	1743	33
819	1738	1743	33
820	1738	1863	33
821	1739	1740	33
822	1740	1742	33
823	1740	1758	33
824	1740	1780	33
825	1741	1742	33
826	1741	1785	33
827	1751	1809	33
828	1753	1918	33
829	1760	1784	33
830	1760	1874	66
831	1761	1784	33
832	1762	1782	33
833	1764	1846	33
834	1764	2087	33
835	1766	1826	33
836	1766	1841	33
837	1766	2091	33
838	1768	2309	33
839	1775	1791	33
840	1793	3069	66
841	1797	2046	33
842	1799	1801	33
843	1799	1802	33
844	1799	1817	33
845	1799	1861	33
846	1799	1861	33
847	1799	1862	33
848	1799	1996	33
849	1806	1848	33
850	1808	1841	33
851	1809	1815	33
852	1809	1815	33
853	1809	1841	33
854	1810	1815	33
855	1810	2221	33
856	1811	1812	33
857	1811	1817	33
858	1811	1817	33
859	1812	1817	33
860	1816	2427	33
861	1817	1821	33
862	1817	1909	33
863	1817	2822	33
864	1818	1827	33
865	1818	2222	33
866	1819	1821	33
867	1822	1852	33
868	1827	1831	33
869	1827	1831	33
870	1827	1839	33
871	1827	1862	33
872	1827	2694	33
873	1829	1833	33
874	1832	1837	33
875	1835	2131	33
876	1835	2885	33
877	1836	1838	33
878	1837	3058	33
879	1839	1874	33
880	1839	1919	50
881	1839	1919	50
882	1839	1938	33
883	1841	1846	33
884	1841	1846	33
885	1842	1862	33
886	1843	1860	33
887	1853	1875	25
888	1855	1856	33
889	1855	1875	33
890	1855	1888	33
891	1856	1864	33
892	1857	1875	33
893	1857	1875	33
894	1859	1860	33
895	1867	2471	33
896	1881	1883	33
897	1882	1996	33
898	1888	1902	33
899	1892	2036	33
900	1895	1990	33
901	1896	1902	33
902	1911	1916	33
903	1911	1916	33
904	1915	1945	33
905	1915	1984	33
906	1917	1926	33
907	1918	1927	33
908	1920	1935	66
909	1920	2885	33
910	1921	1922	33
911	1923	1929	33
912	1930	1934	33
913	1930	1935	33
914	1933	1992	33
915	1933	1992	33
916	1933	1992	33
917	1933	2066	33
918	1936	2100	33
919	1937	1945	33
920	1946	1981	33
921	1946	1981	33
922	1946	1982	33
923	1950	1956	33
924	1950	1956	33
925	1950	1956	33
926	1950	1981	33
927	1953	1958	33
928	1953	2011	33
929	1956	1962	33
930	1957	1959	33
931	1957	1959	33
932	1959	1964	33
933	1960	1988	33
934	1965	1971	33
935	1965	1971	33
936	1968	1969	33
937	1970	1980	33
938	1970	1982	33
939	1971	1981	33
940	1981	1996	25
941	1981	1996	33
942	1982	2014	33
943	1990	2055	33
944	1996	2056	50
945	2002	2022	33
946	2010	2028	33
947	2010	2051	33
948	2010	2051	33
949	2011	2028	33
950	2017	2028	50
951	2022	2764	33
952	2041	2079	66
953	2042	2067	33
954	2046	2078	33
955	2046	3017	33
956	2048	2129	33
957	2048	2729	33
958	2064	2075	66
959	2064	2075	66
960	2067	2082	33
961	2069	2090	33
962	2073	2074	33
963	2080	2108	33
964	2080	2823	66
965	2090	2099	33
966	2092	2160	66
967	2100	2116	33
968	2107	2116	66
969	2122	2142	33
970	2131	2139	66
971	2140	2153	33
972	2149	2160	33
973	2149	2184	25
974	2150	2209	33
975	2150	2221	33
976	2151	2160	33
977	2151	2167	33
978	2151	2182	33
979	2151	2209	33
980	2152	2167	33
981	2160	2163	33
982	2161	2193	33
983	2161	2198	33
984	2161	2271	66
985	2166	2966	33
986	2172	2182	33
987	2172	2187	33
988	2172	2192	33
989	2172	2204	33
990	2173	2180	33
991	2173	2187	33
992	2173	2196	33
993	2173	2196	33
994	2173	2209	33
995	2177	2188	66
996	2180	2220	66
997	2184	2251	25
998	2187	2219	33
999	2190	2200	66
1000	2190	2200	66
1001	2190	2205	33
1002	2191	2941	30
1003	2195	2205	33
1004	2196	2209	33
1005	2201	2249	33
1006	2217	2223	30
1007	2219	2262	33
1008	2220	2230	66
1009	2220	2263	66
1010	2221	2231	33
1011	2221	2263	66
1012	2223	3122	33
1013	2224	2706	66
1014	2224	2765	66
1015	2224	3392	33
1016	2225	2283	33
1017	2225	2389	33
1018	2241	2340	33
1019	2280	2340	33
1020	2280	2881	33
1021	2286	2312	33
1022	2296	2308	33
1023	2296	2308	33
1024	2305	2414	33
1025	2309	2319	66
1026	2316	2356	33
1027	2318	2319	33
1028	2319	2394	33
1029	2322	2445	33
1030	2323	2797	66
1031	2327	2330	33
1032	2327	2342	33
1033	2327	2345	33
1034	2327	2345	33
1035	2341	2359	33
1036	2342	2702	66
1037	2356	2400	25
1038	2357	2363	33
1039	2357	2363	33
1040	2360	2366	33
1041	2374	2574	33
1042	2381	2433	33
1043	2382	2412	33
1044	2382	2418	33
1045	2383	2388	33
1046	2388	2420	33
1047	2390	2405	33
1048	2392	2411	33
1049	2400	2416	33
1050	2402	2411	33
1051	2406	2412	66
1052	2406	2417	33
1053	2409	2478	33
1054	2416	2702	33
1055	2419	3271	33
1056	2422	2442	33
1057	2429	2462	33
1058	2429	2462	33
1059	2429	2486	33
1060	2429	2486	33
1061	2429	2608	33
1062	2433	2435	66
1063	2433	2499	33
1064	2433	2504	33
1065	2434	2453	33
1066	2434	2453	33
1067	2434	2519	33
1068	2434	2563	66
1069	2455	2460	33
1070	2455	2460	33
1071	2456	3421	66
1072	2457	2485	25
1073	2457	2489	33
1074	2458	2463	33
1075	2462	2824	33
1076	2463	2506	33
1077	2463	2639	33
1078	2464	2513	33
1079	2465	2482	33
1080	2466	2484	66
1081	2471	2615	33
1082	2472	2480	33
1083	2472	2545	66
1084	2475	2486	33
1085	2476	2489	33
1086	2480	2486	33
1087	2482	2502	33
1088	2488	2500	33
1089	2489	2509	66
1090	2489	2931	33
1091	2490	2931	33
1092	2494	2495	66
1093	2497	2522	33
1094	2504	2517	66
1095	2504	2517	66
1096	2504	2527	66
1097	2517	2609	33
1098	2517	3080	33
1099	2518	2635	66
1100	2519	2524	33
1101	2519	3558	33
1102	2522	2605	50
1103	2522	2615	33
1104	2522	2886	33
1105	2522	3116	33
1106	2522	3691	33
1107	2531	2537	33
1108	2531	2537	33
1109	2534	2581	66
1110	2547	2741	33
1111	2549	3355	33
1112	2566	2576	33
1113	2566	2725	66
1114	2568	2756	66
1115	2581	2613	66
1116	2581	2701	25
1117	2581	2742	66
1118	2582	2670	33
1119	2591	2647	33
1120	2594	2659	33
1121	2597	2791	66
1122	2602	2622	33
1123	2602	2635	33
1124	2609	2610	66
1125	2616	2633	33
1126	2617	2628	50
1127	2627	2635	33
1128	2632	2675	66
1129	2640	2651	66
1130	2641	2642	66
1131	2650	2699	66
1132	2652	2871	33
1133	2653	3449	66
1134	2653	3449	66
1135	2653	3449	66
1136	2655	2901	33
1137	2656	2744	66
1138	2660	2988	33
1139	2661	2735	33
1140	2661	2735	33
1141	2662	2682	33
1142	2662	2682	33
1143	2662	2713	33
1144	2664	2702	33
1145	2672	3049	66
1146	2673	2837	33
1147	2680	3444	66
1148	2682	3445	66
1149	2686	2778	33
1150	2687	2697	66
1151	2690	2794	33
1152	2691	2694	33
1153	2696	2749	66
1154	2697	2786	33
1155	2701	2755	66
1156	2701	2817	33
1157	2711	2831	33
1158	2722	2742	33
1159	2723	2950	25
1160	2727	2833	33
1161	2739	2776	33
1162	2740	2776	33
1163	2754	2963	33
1164	2769	2800	33
1165	2771	2789	33
1166	2787	2929	33
1167	2787	2961	33
1168	2788	2940	33
1169	2788	2961	33
1170	2790	2799	66
1171	2790	2912	33
1172	2793	2929	33
1173	2793	2977	33
1174	2796	2801	33
1175	2804	2820	50
1176	2805	2975	33
1177	2824	2917	33
1178	2824	2926	33
1179	2830	2852	33
1180	2833	2906	66
1181	2842	2862	33
1182	2869	2885	40
1183	2874	2884	33
1184	2875	2933	66
1185	2883	2901	33
1186	2883	2902	33
1187	2883	2917	33
1188	2883	3352	66
1189	2894	2900	66
1190	2914	2948	33
1191	2925	2951	33
1192	2941	2986	66
1193	2941	3039	66
1194	2950	3349	66
1195	2956	3027	66
1196	2959	3004	33
1197	2959	3004	33
1198	2962	2982	33
1199	2977	3002	33
1200	2977	3005	33
1201	2981	3086	33
1202	2987	2992	33
1203	2987	2992	33
1204	2987	3857	33
1205	2988	3265	33
1206	2994	2995	33
1207	2998	3002	66
1208	2998	3002	66
1209	2998	3003	66
1210	2998	3003	33
1211	2998	3004	33
1212	2998	3857	66
1213	2998	3857	66
1214	3005	3013	33
1215	3005	4381	33
1216	3006	3012	33
1217	3006	3012	33
1218	3007	3012	33
1219	3007	3013	33
1220	3007	3013	33
1221	3007	3013	33
1222	3008	3118	33
1223	3008	3246	33
1224	3008	3681	33
1225	3008	3780	33
1226	3022	3047	33
1227	3026	3367	33
1228	3029	3091	33
1229	3029	3091	33
1230	3029	3096	33
1231	3030	3101	33
1232	3030	3126	33
1233	3031	3037	33
1234	3031	3037	33
1235	3031	3037	33
1236	3031	3037	33
1237	3031	3037	33
1238	3031	3053	33
1239	3031	3131	33
1240	3032	3068	33
1241	3036	3042	33
1242	3036	3056	33
1243	3039	3053	33
1244	3039	3061	33
1245	3039	3144	33
1246	3039	3151	33
1247	3039	3906	33
1248	3041	3685	33
1249	3042	3061	33
1250	3044	3056	33
1251	3045	3051	33
1252	3046	3057	33
1253	3055	3301	33
1254	3057	3062	33
1255	3057	3063	33
1256	3069	3101	66
1257	3073	3135	33
1258	3082	3102	33
1259	3090	3097	33
1260	3090	3109	33
1261	3091	3179	66
1262	3092	3097	33
1263	3092	3097	33
1264	3107	3115	33
1265	3110	3150	66
1266	3111	3117	33
1267	3113	3118	33
1268	3114	3120	33
1269	3114	3120	33
1270	3115	3120	33
1271	3115	3120	33
1272	3115	3136	33
1273	3120	3121	33
1274	3121	3274	66
1275	3122	3234	33
1276	3126	3138	25
1277	3126	3243	33
1278	3129	3187	25
1279	3131	3166	33
1280	3135	3137	33
1281	3136	3227	33
1282	3142	3163	33
1283	3142	3182	33
1284	3142	3188	33
1285	3160	3171	33
1286	3160	3193	33
1287	3161	3167	33
1288	3167	3177	66
1289	3181	3242	33
1290	3181	3255	25
1291	3185	3205	66
1292	3185	3279	66
1293	3185	3279	66
1294	3188	3197	33
1295	3189	3279	66
1296	3190	3212	33
1297	3196	3280	66
1298	3196	3691	33
1299	3202	3222	33
1300	3207	3229	33
1301	3211	3319	66
1302	3211	3326	66
1303	3213	3249	33
1304	3240	3249	66
1305	3241	3428	66
1306	3244	3793	33
1307	3255	3598	33
1308	3261	3634	66
1309	3262	3428	33
1310	3262	3505	33
1311	3272	3301	33
1312	3272	3314	33
1313	3272	3317	33
1314	3274	3307	33
1315	3275	3307	33
1316	3275	3321	33
1317	3275	3326	33
1318	3278	3317	33
1319	3278	3361	33
1320	3278	3371	33
1321	3278	3801	66
1322	3279	3284	33
1323	3293	3311	33
1324	3296	3311	66
1325	3308	3323	33
1326	3308	3409	66
1327	3322	3342	33
1328	3322	3342	33
1329	3335	3341	33
1330	3335	3341	33
1331	3338	3343	33
1332	3338	3343	33
1333	3338	3344	33
1334	3340	3345	33
1335	3341	3343	33
1336	3341	3347	33
1337	3341	3347	33
1338	3341	3347	33
1339	3360	3370	66
1340	3362	3438	66
1341	3367	3428	33
1342	3369	3448	33
1343	3369	3467	33
1344	3372	3429	33
1345	3372	3434	33
1346	3372	3458	33
1347	3373	3379	33
1348	3375	3448	33
1349	3376	3443	33
1350	3376	3448	33
1351	3376	3452	33
1352	3376	3452	33
1353	3376	3461	33
1354	3376	3499	66
1355	3377	3429	33
1356	3377	3448	33
1357	3396	3402	33
1358	3396	3457	33
1359	3397	3648	66
1360	3398	3403	33
1361	3401	3406	33
1362	3417	3506	33
1363	3419	3421	33
1364	3419	4506	33
1365	3421	3428	25
1366	3426	3871	33
1367	3427	3432	33
1368	3427	3872	33
1369	3435	3511	66
1370	3435	3773	25
1371	3442	3462	33
1372	3442	3472	33
1373	3454	3455	33
1374	3454	3455	33
1375	3454	3459	33
1376	3454	3459	33
1377	3454	3459	33
1378	3454	3459	33
1379	3454	3460	33
1380	3454	3460	33
1381	3454	3462	33
1382	3457	3524	66
1383	3458	3541	66
1384	3458	4718	33
1385	3463	3481	33
1386	3464	3849	33
1387	3465	3565	33
1388	3474	3608	33
1389	3477	3482	33
1390	3477	3483	33
1391	3481	3509	66
1392	3481	3522	66
1393	3482	3491	66
1394	3482	3558	33
1395	3482	3558	33
1396	3483	3558	33
1397	3483	3857	33
1398	3493	3494	33
1399	3496	3551	25
1400	3496	3592	25
1401	3498	3504	33
1402	3501	3506	33
1403	3501	3506	33
1404	3501	3506	33
1405	3501	3506	33
1406	3501	3507	33
1407	3508	3524	33
1408	3513	3906	33
1409	3518	3586	66
1410	3521	3579	33
1411	3524	3532	33
1412	3536	3611	33
1413	3537	3539	66
1414	3544	4624	33
1415	3562	3599	33
1416	3577	3608	66
1417	3599	3657	33
1418	3600	3651	33
1419	3602	3639	33
1420	3603	3639	33
1421	3604	3632	33
1422	3604	3639	33
1423	3604	3668	33
1424	3623	3642	33
1425	3628	3659	33
1426	3651	4045	33
1427	3661	3701	66
1428	3661	3715	66
1429	3662	3729	66
1430	3662	3729	66
1431	3678	3692	33
1432	3678	3743	33
1433	3687	3702	33
1434	3718	3730	33
1435	3723	3785	66
1436	3732	3738	33
1437	3733	3739	33
1438	3734	3740	33
1439	3734	3740	33
1440	3741	3742	33
1441	3747	3762	33
1442	3766	3787	33
1443	3769	3775	33
1444	3770	3857	33
1445	3770	3857	33
1446	3774	3779	33
1447	3775	3871	33
1448	3778	3858	33
1449	3779	3784	33
1450	3780	3785	33
1451	3784	3795	33
1452	3784	3795	33
1453	3786	3882	33
1454	3789	3817	33
1455	3789	3817	33
1456	3790	3791	33
1457	3790	3850	33
1458	3790	5127	33
1459	3790	5127	33
1460	3792	3845	33
1461	3792	3846	33
1462	3792	3861	33
1463	3797	3800	33
1464	3802	3822	33
1465	3802	3822	33
1466	3802	3822	33
1467	3802	3822	33
1468	3804	3847	33
1469	3804	3849	33
1470	3805	3808	33
1471	3805	3811	33
1472	3805	3811	33
1473	3805	3811	33
1474	3805	3811	33
1475	3805	3811	33
1476	3809	3814	33
1477	3809	3814	33
1478	3810	3811	33
1479	3810	3816	33
1480	3814	3815	33
1481	3831	3985	33
1482	3832	3834	33
1483	3834	3837	33
1484	3840	3847	66
1485	3841	3856	33
1486	3842	3939	33
1487	3843	3844	33
1488	3844	3850	33
1489	3844	3850	33
1490	3844	3850	33
1491	3844	3850	33
1492	3844	3856	33
1493	3846	3944	33
1494	3847	3866	33
1495	3848	3853	33
1496	3848	3853	33
1497	3848	3853	33
1498	3849	4021	33
1499	3856	3908	66
1500	3857	3877	33
1501	3864	3903	33
1502	3868	3869	33
1503	3869	3971	33
1504	3870	3879	66
1505	3870	3880	33
1506	3871	3880	33
1507	3873	4092	66
1508	3876	3917	33
1509	3877	4336	33
1510	3884	3989	33
1511	3884	3989	33
1512	3886	3891	33
1513	3887	4621	33
1514	3887	4810	33
1515	3917	4030	33
1516	3919	3950	40
1517	3922	3942	33
1518	3924	4321	33
1519	3924	4321	33
1520	3924	4756	33
1521	3928	3931	33
1522	3928	3950	30
1523	3936	3941	33
1524	3938	3943	33
1525	3938	3961	33
1526	3940	4982	66
1527	3943	3949	33
1528	3948	4003	66
1529	3949	3954	33
1530	3949	3954	33
1531	3950	3956	33
1532	3959	3964	33
1533	3959	3964	33
1534	3959	3965	33
1535	3960	3966	33
1536	3961	3983	66
1537	3961	4026	33
1538	3964	3970	33
1539	3964	3970	33
1540	3965	3982	33
1541	3965	4030	33
1542	3969	3974	33
1543	3970	3975	33
1544	3970	3975	33
1545	3970	3975	33
1546	3971	3994	33
1547	3976	4007	33
1548	3976	4023	33
1549	3977	3994	33
1550	3977	3994	33
1551	3980	3986	33
1552	3980	3986	33
1553	3980	3986	33
1554	3980	3986	33
1555	3981	3986	33
1556	3981	3987	33
1557	3982	3988	30
1558	3985	4209	66
1559	3989	4095	33
1560	3990	3991	33
1561	3992	4067	66
1562	3992	4067	66
1563	4008	4013	33
1564	4009	4015	33
1565	4009	4015	33
1566	4009	4015	33
1567	4009	4015	33
1568	4010	4012	33
1569	4010	4012	33
1570	4010	5449	33
1571	4010	5449	33
1572	4012	4037	33
1573	4021	4045	66
1574	4028	4029	33
1575	4030	4031	33
1576	4030	4031	33
1577	4030	4031	33
1578	4030	4033	66
1579	4030	4035	33
1580	4030	4035	33
1581	4030	4037	33
1582	4039	4044	33
1583	4039	4044	33
1584	4039	4044	33
1585	4039	4044	33
1586	4039	4044	33
1587	4039	4045	33
1588	4039	4045	33
1589	4040	4132	33
1590	4041	5476	33
1591	4043	4070	33
1592	4044	5403	33
1593	4045	4809	33
1594	4049	5488	33
1595	4059	4084	33
1596	4060	4088	33
1597	4067	4096	33
1598	4067	5010	66
1599	4069	4089	33
1600	4076	4081	33
1601	4087	4198	33
1602	4092	5488	33
1603	4093	4138	33
1604	4095	5519	33
1605	4095	5519	33
1606	4097	4184	66
1607	4097	4184	66
1608	4099	4100	33
1609	4101	4149	66
1610	4102	4128	33
1611	4104	4149	66
1612	4105	4898	33
1613	4108	4120	33
1614	4119	4120	66
1615	4119	4149	66
1616	4126	4131	33
1617	4126	4131	33
1618	4126	4131	33
1619	4126	4132	33
1620	4126	4132	33
1621	4126	4132	33
1622	4128	4234	66
1623	4130	4148	33
1624	4133	4138	33
1625	4133	4139	33
1626	4133	4141	33
1627	4141	4229	66
1628	4149	4154	33
1629	4149	4154	33
1630	4149	4154	33
1631	4149	4154	33
1632	4149	4154	33
1633	4162	4182	33
1634	4171	4176	33
1635	4186	4191	33
1636	4186	4191	33
1637	4186	4191	33
1638	4193	4194	33
1639	4193	4198	33
1640	4193	4198	33
1641	4193	4198	33
1642	4193	4198	33
1643	4193	4198	33
1644	4193	4198	33
1645	4193	4198	33
1646	4193	4199	33
1647	4195	4200	33
1648	4195	4634	66
1649	4201	4285	66
1650	4222	4242	33
1651	4222	4247	33
1652	4222	4565	66
1653	4223	4228	33
1654	4241	4242	66
1655	4246	4247	33
1656	4246	4252	33
1657	4249	4403	33
1658	4249	4403	33
1659	4251	4808	33
1660	4253	4255	33
1661	4253	4255	33
1662	4253	4255	33
1663	4253	4258	33
1664	4253	4258	33
1665	4253	4258	33
1666	4253	4258	33
1667	4253	4263	33
1668	4253	4351	33
1669	4254	4262	33
1670	4256	5127	33
1671	4256	5298	33
1672	4259	4261	33
1673	4261	4348	66
1674	4262	4263	33
1675	4264	4321	33
1676	4277	4278	66
1677	4291	4377	66
1678	4298	4488	66
1679	4306	4311	33
1680	4306	4312	33
1681	4306	4312	33
1682	4307	4312	33
1683	4307	4351	66
1684	4315	4321	33
1685	4315	4321	33
1686	4321	4380	33
1687	4324	4331	33
1688	4335	4336	33
1689	4344	4672	66
1690	4351	4424	66
1691	4365	4370	66
1692	4366	4371	33
1693	4366	4372	33
1694	4368	4456	66
1695	4373	4378	33
1696	4373	4378	33
1697	4373	4378	33
1698	4373	4378	33
1699	4373	4379	33
1700	4381	4476	66
1701	4381	4774	66
1702	4390	4475	66
1703	4403	4467	66
1704	4412	4418	66
1705	4412	4418	66
1706	4419	4613	66
1707	4426	4431	33
1708	4426	4432	33
1709	4432	4434	33
1710	4433	4439	33
1711	4441	4517	66
1712	4441	4521	33
1713	4445	4450	66
1714	4445	4451	66
1715	4445	4541	33
1716	4458	4814	33
1717	4460	4486	33
1718	4461	4465	33
1719	4461	4497	33
1720	4472	4516	33
1721	4478	4479	33
1722	4483	4501	33
1723	4484	4508	30
1724	4484	4568	33
1725	4485	4679	33
1726	4486	4492	33
1727	4486	4492	33
1728	4486	4492	33
1729	4489	4492	33
1730	4490	4802	33
1731	4491	4502	33
1732	4493	4499	33
1733	4493	4559	33
1734	4494	4499	33
1735	4494	4499	33
1736	4501	4566	25
1737	4501	4619	66
1738	4502	4507	33
1739	4522	4542	33
1740	4534	4628	66
1741	4539	4540	33
1742	4539	4545	33
1743	4539	4545	33
1744	4541	4542	33
1745	4543	4621	33
1746	4545	5299	33
1747	4546	4551	33
1748	4546	4552	33
1749	4547	4552	33
1750	4553	4558	33
1751	4553	4559	33
1752	4566	4572	66
1753	4568	4673	33
1754	4572	4755	25
1755	4573	4644	66
1756	4573	4735	66
1757	4594	4602	66
1758	4599	4604	66
1759	4606	4611	33
1760	4606	4611	33
1761	4606	4612	33
1762	4606	4612	33
1763	4606	4612	33
1764	4606	4612	33
1765	4613	4618	33
1766	4613	4759	66
1767	4620	4703	66
1768	4623	4783	66
1769	4640	4645	66
1770	4642	4662	33
1771	4647	4661	33
1772	4650	4655	66
1773	4655	4968	30
1774	4666	4671	33
1775	4666	4672	33
1776	4667	4679	33
1777	4667	4713	33
1778	4673	4678	33
1779	4673	4678	33
1780	4673	4679	33
1781	4673	4679	33
1782	4674	4748	25
1783	4674	4748	25
1784	4674	4789	33
1785	4678	4788	66
1786	4680	4710	33
1787	4681	4748	66
1788	4681	4748	66
1789	4681	4780	66
1790	4693	4738	33
1791	4696	4704	33
1792	4701	4762	66
1793	4702	4723	33
1794	4711	4777	33
1795	4711	4813	66
1796	4713	4715	33
1797	4714	4725	33
1798	4718	4810	33
1799	4726	4732	33
1800	4731	4733	33
1801	4733	4737	33
1802	4733	4738	33
1803	4733	4738	33
1804	4733	4739	33
1805	4734	4736	33
1806	4737	4810	33
1807	4741	4811	33
1808	4741	4821	66
1809	4746	4754	33
1810	4747	4750	33
1811	4747	5656	33
1812	4747	5656	33
1813	4748	4753	33
1814	4748	4754	33
1815	4748	4754	33
1816	4748	4754	33
1817	4748	4754	33
1818	4749	4756	33
1819	4750	4752	33
1820	4750	4752	33
1821	4750	4757	33
1822	4750	4765	33
1823	4750	4882	33
1824	4750	5656	33
1825	4755	4808	33
1826	4757	4809	33
1827	4767	4784	33
1828	4770	4772	33
1829	4770	5386	33
1830	4775	4852	66
1831	4777	4779	33
1832	4778	4818	33
1833	4778	4849	50
1834	4781	4783	33
1835	4788	4947	66
1836	4793	4799	33
1837	4801	4877	33
1838	4804	4838	66
1839	4808	4809	66
1840	4810	4989	33
1841	4812	4822	33
1842	4816	4824	33
1843	4816	4899	66
1844	4816	4928	25
1845	4818	4822	33
1846	4819	4840	33
1847	4820	4825	33
1848	4821	4827	33
1849	4822	4842	33
1850	4822	4842	33
1851	4822	4942	33
1852	4829	4977	33
1853	4830	4987	33
1854	4832	4926	33
1855	4836	4841	33
1856	4841	5311	33
1857	4846	4852	33
1858	4847	4879	33
1859	4848	4853	33
1860	4848	4947	33
1861	4848	4958	33
1862	4848	4987	33
1863	4849	4902	33
1864	4849	4937	33
1865	4849	4937	33
1866	4849	4967	33
1867	4849	4977	33
1868	4850	4987	33
1869	4852	4978	33
1870	4853	4859	33
1871	4861	4937	66
1872	4862	4984	66
1873	4866	4976	66
1874	4870	4958	33
1875	4873	4898	33
1876	4879	5049	66
1877	4880	4967	66
1878	4882	4907	33
1879	4897	4912	66
1880	4898	4903	33
1881	4898	4904	33
1882	4900	5002	33
1883	4906	4911	33
1884	4906	4911	33
1885	4906	4912	33
1886	4913	4918	33
1887	4913	4918	33
1888	4913	4919	33
1889	4913	4919	33
1890	4919	4972	50
1891	4922	5011	33
1892	4922	5049	33
1893	4926	4932	66
1894	4926	5106	40
1895	4942	4962	33
1896	4942	4962	33
1897	4942	4962	33
1898	4950	4955	66
1899	4950	4955	66
1900	4966	4971	33
1901	4966	4971	33
1902	4966	4972	33
1903	4966	4972	33
1904	4966	4972	33
1905	4981	5172	66
1906	4982	5142	66
1907	4982	5144	33
1908	4997	5051	33
1909	5002	5047	33
1910	5010	5016	66
1911	5014	5068	66
1912	5014	5068	66
1913	5015	5070	33
1914	5016	5051	33
1915	5017	5036	33
1916	5018	5051	33
1917	5018	5051	33
1918	5018	5065	33
1919	5026	5031	33
1920	5026	5031	33
1921	5026	5031	33
1922	5026	5031	33
1923	5026	5032	33
1924	5026	5032	33
1925	5033	5038	33
1926	5033	5038	33
1927	5033	5038	33
1928	5033	5038	33
1929	5033	5038	33
1930	5044	6304	66
1931	5046	5066	33
1932	5047	5053	66
1933	5055	5120	33
1934	5066	5082	33
1935	5086	5091	33
1936	5086	5091	33
1937	5086	5092	33
1938	5086	5092	33
1939	5088	5340	66
1940	5093	5098	33
1941	5093	5098	33
1942	5093	5098	33
1943	5093	5098	33
1944	5098	5139	33
1945	5098	5168	33
1946	5098	5339	66
1947	5102	5108	33
1948	5103	5273	66
1949	5109	5200	33
1950	5116	5213	66
1951	5119	5340	66
1952	5119	5340	66
1953	5121	5151	33
1954	5127	5391	66
1955	5131	5137	66
1956	5135	5333	66
1957	5136	5334	66
1958	5138	5140	66
1959	5146	5152	33
1960	5146	5334	66
1961	5153	5158	33
1962	5153	5158	33
1963	5153	5158	33
1964	5153	5159	33
1965	5153	5159	33
1966	5153	5159	33
1967	5153	5159	33
1968	5159	5334	66
1969	5161	5258	33
1970	5166	5334	66
1971	5169	5174	66
1972	5182	5214	33
1973	5188	5200	33
1974	5194	5196	66
1975	5194	5196	66
1976	5194	5196	66
1977	5206	5211	33
1978	5206	5212	33
1979	5209	5337	66
1980	5212	5337	66
1981	5213	5219	33
1982	5213	5219	33
1983	5213	5219	33
1984	5213	5219	33
1985	5213	5219	33
1986	5221	5311	66
1987	5222	5287	33
1988	5231	5311	33
1989	5233	5467	33
1990	5239	5565	33
1991	5242	5262	33
1992	5242	5313	33
1993	5246	5248	66
1994	5261	5348	33
1995	5266	5271	33
1996	5266	5271	33
1997	5266	5271	33
1998	5271	5290	33
1999	5281	5382	66
2000	5284	5471	33
2001	5286	5358	33
2002	5288	5293	66
2003	5290	5393	33
2004	5293	5331	66
2005	5297	5998	66
2006	5299	5845	33
2007	5300	5529	33
2008	5301	5409	33
2009	5303	5402	33
2010	5303	5529	33
2011	5305	5332	66
2012	5305	5332	66
2013	5305	5332	66
2014	5305	5332	66
2015	5305	5344	33
2016	5305	5883	33
2017	5305	6426	33
2018	5307	5331	66
2019	5307	5331	66
2020	5310	5412	33
2021	5311	5402	33
2022	5311	5409	33
2023	5313	5407	33
2024	5316	5321	33
2025	5316	5431	33
2026	5317	5439	33
2027	5320	5351	66
2028	5326	5331	33
2029	5333	5338	33
2030	5333	5339	33
2031	5333	5339	33
2032	5333	5339	33
2033	5333	5339	33
2034	5333	5339	33
2035	5333	5339	33
2036	5333	5339	33
2037	5333	5339	33
2038	5333	5382	33
2039	5339	5403	33
2040	5348	5677	33
2041	5349	5352	33
2042	5350	5352	33
2043	5362	5382	33
2044	5383	5385	33
2045	5384	5385	33
2046	5387	5389	33
2047	5387	5463	33
2048	5395	5417	33
2049	5395	5574	33
2050	5401	5439	66
2051	5401	5498	33
2052	5402	5408	30
2053	5408	5413	66
2054	5408	5413	66
2055	5416	5910	66
2056	5422	5441	33
2057	5436	5441	33
2058	5446	5449	33
2059	5446	6706	33
2060	5447	6187	33
2061	5450	5884	33
2062	5461	5486	66
2063	5463	5540	33
2064	5469	5528	33
2065	5474	5608	33
2066	5476	5614	66
2067	5477	6233	66
2068	5480	6622	33
2069	5498	5810	30
2070	5501	5561	33
2071	5510	5532	66
2072	5514	5532	66
2073	5514	5532	66
2074	5515	5518	33
2075	5515	5718	33
2076	5515	6367	33
2077	5516	5518	33
2078	5516	5735	33
2079	5516	5943	33
2080	5516	6546	33
2081	5516	6917	33
2082	5516	6922	33
2083	5516	6922	33
2084	5520	5581	33
2085	5520	5761	33
2086	5520	6731	33
2087	5520	6956	33
2088	5520	6956	33
2089	5520	6956	33
2090	5520	6956	33
2091	5520	6956	33
2092	5520	6956	33
2093	5520	6956	33
2094	5520	6956	33
2095	5520	6956	33
2096	5520	6957	33
2097	5520	6957	33
2098	5520	6957	33
2099	5520	6957	33
2100	5521	5611	33
2101	5526	5527	33
2102	5526	5532	66
2103	5526	5532	66
2104	5535	6370	66
2105	5543	5598	33
2106	5545	5548	33
2107	5553	5555	33
2108	5553	5563	33
2109	5554	5641	33
2110	5554	5802	33
2111	5554	5802	33
2112	5554	5802	33
2113	5554	5802	33
2114	5554	5802	33
2115	5554	5802	33
2116	5554	5802	33
2117	5554	5802	33
2118	5554	5802	33
2119	5554	5802	33
2120	5554	5802	33
2121	5554	5802	33
2122	5554	5802	33
2123	5555	5802	33
2124	5555	5804	33
2125	5556	5802	33
2126	5556	5802	33
2127	5557	5804	33
2128	5558	5560	33
2129	5558	5802	33
2130	5558	5802	33
2131	5558	5802	33
2132	5558	5802	33
2133	5558	5804	33
2134	5558	5804	33
2135	5559	5802	33
2136	5559	5802	33
2137	5559	5805	33
2138	5559	5805	33
2139	5562	5580	33
2140	5563	5802	33
2141	5563	5802	33
2142	5572	5577	30
2143	5577	5579	66
2144	5577	5711	66
2145	5578	5711	66
2146	5579	5581	66
2147	5581	5747	33
2148	5581	5802	33
2149	5582	5795	33
2150	5582	5802	33
2151	5583	5802	33
2152	5587	5711	66
2153	5587	5711	66
2154	5590	5711	66
2155	5594	5801	66
2156	5594	5801	66
2157	5594	5801	66
2158	5597	5951	33
2159	5603	5802	33
2160	5611	5612	66
2161	5611	5802	66
2162	5612	5613	33
2163	5612	5711	66
2164	5612	5802	33
2165	5615	5618	66
2166	5623	5801	66
2167	5654	5706	66
2168	5657	5707	66
2169	5662	5698	33
2170	5662	5707	33
2171	5666	5668	33
2172	5667	5707	66
2173	5671	5676	66
2174	5671	5676	66
2175	5671	5716	66
2176	5682	5706	66
2177	5685	5802	33
2178	5685	5802	33
2179	5686	5802	33
2180	5687	5845	33
2181	5688	5756	66
2182	5689	5690	66
2183	5690	5707	66
2184	5691	5700	66
2185	5701	5771	33
2186	5701	5832	66
2187	5708	5802	33
2188	5717	5725	66
2189	5717	5761	33
2190	5732	6476	66
2191	5744	6476	66
2192	5755	5814	66
2193	5761	5818	33
2194	5770	5998	33
2195	5778	6098	66
2196	5787	5832	33
2197	5788	5818	33
2198	5798	5844	66
2199	5811	5848	66
2200	5826	5886	25
2201	5837	5849	33
2202	5842	5862	33
2203	5868	5928	66
2204	5868	6586	66
2205	5868	6587	66
2206	5876	5877	33
2207	5881	5882	33
2208	5881	5934	25
2209	5881	6402	33
2210	5882	5911	33
2211	5886	6280	66
2212	5886	6280	66
2213	5887	7192	33
2214	5889	6280	66
2215	5895	6316	33
2216	5896	6316	33
2217	5896	6546	33
2218	5897	5912	33
2219	5901	7158	33
2220	5909	6280	66
2221	5911	5965	66
2222	5911	6278	66
2223	5911	6278	66
2224	5912	6279	66
2225	5913	6060	33
2226	5919	5921	66
2227	5919	6278	66
2228	5919	6278	66
2229	5925	5927	66
2230	5925	6278	66
2231	5925	6278	66
2232	5925	6278	66
2233	5930	6278	66
2234	5930	6278	66
2235	5933	6279	66
2236	5933	6279	66
2237	5935	5937	66
2238	5935	6280	66
2239	5936	5953	66
2240	5940	6131	66
2241	5941	6026	66
2242	5946	6031	66
2243	5956	6098	66
2244	5962	5982	33
2245	5974	6292	33
2246	5982	5994	50
2247	6001	6058	66
2248	6011	6154	25
2249	6015	6427	66
2250	6016	6259	66
2251	6018	6039	66
2252	6022	6042	33
2253	6022	6042	33
2254	6035	6075	66
2255	6036	6570	66
2256	6038	6108	50
2257	6067	6216	66
2258	6067	6216	66
2259	6069	6070	33
2260	6082	6099	33
2261	6082	6102	33
2262	6082	6108	33
2263	6087	6472	33
2264	6087	6472	33
2265	6090	6137	66
2266	6127	6158	66
2267	6131	6162	33
2268	6142	6162	33
2269	6142	6172	33
2270	6180	7380	66
2271	6197	6281	66
2272	6202	6222	33
2273	6207	6252	33
2274	6213	6291	66
2275	6217	6286	33
2276	6246	6383	33
2277	6249	6311	33
2278	6250	6304	33
2279	6253	7287	66
2280	6256	6295	33
2281	6262	6289	33
2282	6266	6299	33
2283	6267	6314	33
2284	6272	6274	33
2285	6272	6274	33
2286	6274	6406	66
2287	6292	6330	66
2288	6300	6310	66
2289	6310	6475	33
2290	6311	6353	33
2291	6313	6364	33
2292	6317	6339	33
2293	6325	6669	33
2294	6326	6328	33
2295	6331	6671	33
2296	6331	6733	33
2297	6333	6402	33
2298	6338	6508	66
2299	6349	6449	50
2300	6351	6470	33
2301	6351	6650	33
2302	6351	6662	30
2303	6352	6353	33
2304	6352	7791	33
2305	6352	7791	33
2306	6352	7791	33
2307	6352	7791	33
2308	6356	7794	33
2309	6359	6365	33
2310	6359	6401	33
2311	6364	7300	33
2312	6365	7038	66
2313	6371	6417	33
2314	6372	6389	33
2315	6386	6744	33
2316	6387	7307	33
2317	6390	7491	33
2318	6396	6458	33
2319	6401	6407	33
2320	6402	6650	66
2321	6402	6651	66
2322	6406	6449	33
2323	6407	6408	66
2324	6407	6432	30
2325	6415	6673	66
2326	6419	6461	66
2327	6420	6434	33
2328	6423	6531	33
2329	6423	6541	33
2330	6425	6802	33
2331	6428	7406	33
2332	6440	6442	33
2333	6440	6443	33
2334	6440	6443	33
2335	6440	7492	33
2336	6441	6443	33
2337	6441	6444	33
2338	6441	6444	33
2339	6441	6678	33
2340	6441	6903	33
2341	6441	7158	33
2342	6442	6444	33
2343	6442	6444	33
2344	6442	6468	33
2345	6443	6561	33
2346	6443	7882	33
2347	6443	7882	33
2348	6444	6490	33
2349	6445	6541	33
2350	6445	6706	33
2351	6445	7882	33
2352	6446	6827	33
2353	6446	6827	33
2354	6447	6918	33
2355	6448	6521	33
2356	6448	6608	33
2357	6451	6500	33
2358	6456	6767	30
2359	6460	6517	33
2360	6461	6574	33
2361	6474	6781	50
2362	6475	6477	33
2363	6475	6477	33
2364	6475	6542	33
2365	6476	6921	33
2366	6481	6486	33
2367	6481	6487	33
2368	6481	6875	33
2369	6481	6916	33
2370	6481	6916	33
2371	6481	6922	33
2372	6481	6922	33
2373	6481	6922	33
2374	6481	6922	33
2375	6481	6922	33
2376	6481	6923	33
2377	6483	6549	33
2378	6484	6485	33
2379	6485	6867	33
2380	6486	6495	33
2381	6486	6724	30
2382	6488	6515	33
2383	6495	6634	66
2384	6507	6508	33
2385	6515	6580	66
2386	6519	6740	30
2387	6521	6523	66
2388	6524	6634	66
2389	6536	6577	33
2390	6539	6546	66
2391	6543	7118	66
2392	6543	7146	66
2393	6543	7702	33
2394	6544	6614	66
2395	6550	6613	33
2396	6552	6938	66
2397	6554	6778	33
2398	6560	6592	33
2399	6562	6582	33
2400	6562	6590	33
2401	6563	7059	33
2402	6567	6604	33
2403	6579	6620	33
2404	6591	6901	30
2405	6591	7228	33
2406	6602	6621	33
2407	6603	6656	66
2408	6608	6635	25
2409	6615	6616	50
2410	6618	6931	66
2411	6622	6648	33
2412	6622	6655	33
2413	6629	7147	50
2414	6630	6651	25
2415	6646	6766	33
2416	6653	6967	66
2417	6653	7653	33
2418	6655	6698	66
2419	6655	6835	66
2420	6656	6682	66
2421	6656	6853	66
2422	6656	6968	66
2423	6658	6968	66
2424	6666	6968	66
2425	6666	6968	66
2426	6667	6982	66
2427	6669	7237	33
2428	6671	6986	66
2429	6681	6691	33
2430	6682	6702	33
2431	6682	6702	33
2432	6683	6982	66
2433	6688	6983	66
2434	6693	6982	66
2435	6697	6714	33
2436	6697	7807	33
2437	6699	6811	33
2438	6706	7128	33
2439	6710	6716	33
2440	6713	6722	33
2441	6714	6827	33
2442	6717	6719	66
2443	6721	6936	33
2444	6724	6795	33
2445	6724	6965	66
2446	6726	6739	66
2447	6734	6985	66
2448	6740	6844	33
2449	6740	6983	66
2450	6741	6744	33
2451	6743	6818	33
2452	6743	6857	33
2453	6743	6901	33
2454	6745	6774	33
2455	6745	6845	33
2456	6745	6936	33
2457	6748	6760	33
2458	6749	6751	33
2459	6749	6751	33
2460	6749	6857	33
2461	6755	6965	66
2462	6759	6837	33
2463	6761	7174	33
2464	6765	6766	66
2465	6765	6841	66
2466	6765	6911	66
2467	6770	6785	33
2468	6779	6863	33
2469	6781	6850	66
2470	6782	6965	66
2471	6782	6985	66
2472	6782	6985	66
2473	6785	6804	66
2474	6785	7043	66
2475	6792	7897	66
2476	6793	6895	33
2477	6802	6822	33
2478	6813	6909	33
2479	6815	6852	50
2480	6823	6827	33
2481	6836	6940	33
2482	6840	7125	33
2483	6841	6933	33
2484	6842	6864	66
2485	6843	6886	33
2486	6844	7043	66
2487	6845	6858	66
2488	6849	6894	66
2489	6850	6857	30
2490	6853	6921	66
2491	6857	6897	66
2492	6859	6965	33
2493	6860	6931	66
2494	6862	6889	33
2495	6872	6878	30
2496	6877	6910	66
2497	6884	6929	50
2498	6885	6911	66
2499	6887	6897	33
2500	6887	6942	33
2501	6887	7004	33
2502	6888	6942	33
2503	6889	7101	33
2504	6890	7708	66
2505	6892	6908	33
2506	6909	7002	33
2507	6918	6932	33
2508	6918	6937	33
2509	6918	6973	33
2510	6920	6982	66
2511	6921	7012	33
2512	6922	7004	33
2513	6922	7005	33
2514	6922	7011	33
2515	6922	7012	33
2516	6922	7016	33
2517	6922	7025	33
2518	6922	7882	33
2519	6923	7013	33
2520	6924	7014	33
2521	6942	6947	30
2522	6955	7198	66
2523	6961	7195	66
2524	6970	7065	33
2525	6971	7057	66
2526	6980	7083	25
2527	6988	7002	33
2528	7011	7020	33
2529	7013	7070	66
2530	7019	7021	33
2531	7021	7090	66
2532	7021	7123	66
2533	7022	7052	33
2534	7034	7045	66
2535	7036	7061	33
2536	7036	7096	50
2537	7036	7096	50
2538	7038	7065	33
2539	7042	7069	33
2540	7055	7089	33
2541	7058	7094	66
2542	7071	7088	66
2543	7084	7085	66
2544	7085	7086	66
2545	7085	7086	33
2546	7085	7168	33
2547	7085	7173	33
2548	7085	7200	33
2549	7087	7200	33
2550	7087	7200	33
2551	7087	7200	33
2552	7087	7200	33
2553	7087	7200	33
2554	7094	7146	66
2555	7096	7179	66
2556	7096	7192	66
2557	7098	7125	30
2558	7102	7128	33
2559	7111	7126	33
2560	7112	7127	33
2561	7114	7127	33
2562	7114	7144	33
2563	7132	7344	66
2564	7136	7167	66
2565	7136	7194	66
2566	7136	7194	66
2567	7136	7287	66
2568	7136	7287	66
2569	7145	7190	66
2570	7145	7200	33
2571	7150	7168	66
2572	7159	7196	33
2573	7159	7208	33
2574	7159	7239	33
2575	7162	7182	33
2576	7162	7182	33
2577	7163	7180	33
2578	7166	7191	33
2579	7166	7239	33
2580	7167	7204	33
2581	7167	7215	33
2582	7171	7222	33
2583	7178	7246	50
2584	7202	7227	33
2585	7203	7265	66
2586	7234	7584	33
2587	7248	7286	33
2588	7259	7291	33
2589	7259	7303	33
2590	7259	7314	33
2591	7259	7324	33
2592	7259	7338	33
2593	7260	7291	33
2594	7260	7332	33
2595	7261	7303	66
2596	7265	7349	66
2597	7273	7349	33
2598	7274	7297	33
2599	7306	7318	33
2600	7313	7359	66
2601	7314	7374	66
2602	7316	7560	33
2603	7321	7348	50
2604	7321	7393	66
2605	7326	7742	33
2606	7335	7374	50
2607	7346	7360	33
2608	7352	7370	30
2609	7353	7371	33
2610	7356	7489	33
2611	7357	7368	50
2612	7357	7419	66
2613	7362	7391	33
2614	7362	7396	33
2615	7362	7512	33
2616	7362	7512	33
2617	7367	7391	33
2618	7368	7391	33
2619	7375	7409	33
2620	7381	7488	33
2621	7382	7624	25
2622	7386	8170	33
2623	7397	8226	66
2624	7400	7419	33
2625	7417	7488	50
2626	7418	7439	33
2627	7418	7450	33
2628	7418	7500	33
2629	7434	7448	50
2630	7437	7480	66
2631	7451	7487	33
2632	7459	7462	33
2633	7461	7771	30
2634	7465	7492	33
2635	7471	7582	33
2636	7474	7595	66
2637	7489	7654	66
2638	7525	7551	33
2639	7561	7674	66
2640	7562	7696	66
2641	7594	7651	33
2642	7598	7667	50
2643	7616	7635	25
2644	7621	7641	33
2645	7637	7690	25
2646	7639	7706	66
2647	7644	7762	25
2648	7645	7675	33
2649	7655	7972	66
2650	7656	7699	33
2651	7658	7997	33
2652	7660	8350	33
2653	7666	7676	33
2654	7673	7830	66
2655	7681	7804	66
2656	7686	7840	33
2657	7689	7793	33
2658	7693	7798	33
2659	7702	7730	66
2660	7708	7749	66
2661	7736	7755	66
2662	7772	7858	66
2663	7800	7935	66
2664	7808	7887	33
2665	7812	8022	33
2666	7815	7908	66
2667	7817	8060	25
2668	7822	8060	25
2669	7825	7855	33
2670	7831	7840	33
2671	7861	8881	33
2672	7862	7913	33
2673	7866	7921	33
2674	7885	7905	33
2675	7897	7931	66
2676	7901	7960	33
2677	7917	7960	66
2678	7924	8648	33
2679	7925	7962	33
2680	7926	7940	33
2681	7926	7940	33
2682	7926	7962	33
2683	7934	7937	33
2684	7936	8022	66
2685	7940	7973	33
2686	7966	8088	66
2687	7974	8100	33
2688	7985	8081	33
2689	7987	8206	33
2690	7993	8052	33
2691	7997	8171	33
2692	8004	8028	33
2693	8005	8025	33
2694	8005	8025	33
2695	8006	8077	33
2696	8013	8028	33
2697	8013	8028	33
2698	8013	8046	33
2699	8013	8063	33
2700	8013	8070	33
2701	8013	8082	33
2702	8014	8092	33
2703	8035	8295	33
2704	8036	8057	33
2705	8038	8043	33
2706	8041	8055	33
2707	8041	8108	66
2708	8044	8466	66
2709	8058	8189	33
2710	8065	8100	33
2711	8068	8078	33
2712	8068	8086	33
2713	8069	8078	33
2714	8069	8087	33
2715	8069	8191	33
2716	8069	8234	33
2717	8071	8126	66
2718	8081	8137	33
2719	8096	8116	33
2720	8097	8359	33
2721	8098	8231	66
2722	8101	8206	33
2723	8121	8192	33
2724	8121	8192	33
2725	8121	8194	33
2726	8124	8150	33
2727	8124	8150	33
2728	8124	8244	66
2729	8134	8185	66
2730	8142	8147	33
2731	8142	8154	33
2732	8157	8180	66
2733	8162	8170	66
2734	8166	8189	50
2735	8173	8258	33
2736	8173	8334	66
2737	8178	8187	66
2738	8180	8306	66
2739	8185	8210	33
2740	8197	8222	30
2741	8204	8255	66
2742	8206	8218	66
2743	8210	8222	33
2744	8210	8249	33
2745	8210	8265	33
2746	8210	8269	33
2747	8210	8276	33
2748	8219	8255	66
2749	8224	8242	33
2750	8230	8258	66
2751	8231	8245	33
2752	8233	8308	33
2753	8234	8242	33
2754	8239	8295	50
2755	8245	8270	33
2756	8248	8330	66
2757	8248	8854	33
2758	8256	8279	33
2759	8280	8373	66
2760	8283	8350	33
2761	8283	8416	66
2762	8286	8356	33
2763	8286	8369	33
2764	8287	8355	33
2765	8287	8355	33
2766	8292	8352	33
2767	8305	8325	33
2768	8305	8325	33
2769	8313	8352	66
2770	8341	8448	33
2771	8347	8420	33
2772	8358	8381	30
2773	8358	8403	33
2774	8358	8403	33
2775	8358	8426	33
2776	8358	8475	33
2777	8359	8381	33
2778	8360	8372	66
2779	8360	8372	66
2780	8364	8396	33
2781	8365	8385	33
2782	8371	8399	66
2783	8373	8484	25
2784	8376	8389	66
2785	8395	8431	66
2786	8399	8401	66
2787	8403	8408	66
2788	8405	8766	66
2789	8415	8429	66
2790	8416	8432	66
2791	8417	8486	66
2792	8419	8434	66
2793	8420	8438	33
2794	8425	8445	33
2795	8427	8499	33
2796	8428	8499	33
2797	8428	8499	33
2798	8436	8446	33
2799	8436	8531	66
2800	8439	8449	50
2801	8447	8514	66
2802	8454	8514	66
2803	8456	8574	66
2804	8457	8462	30
2805	8477	8544	66
2806	8482	8551	25
2807	8486	8543	50
2808	8490	8517	33
2809	8491	8522	33
2810	8491	8760	33
2811	8509	8523	66
2812	8514	8599	33
2813	8516	9639	33
2814	8520	9494	66
2815	8522	8769	33
2816	8522	8975	33
2817	8523	8621	66
2818	8526	8547	33
2819	8527	8769	33
2820	8528	8546	33
2821	8528	8750	33
2822	8530	8598	33
2823	8530	8620	33
2824	8545	8565	33
2825	8551	8634	66
2826	8564	8589	33
2827	8564	8589	33
2828	8567	8594	33
2829	8569	8633	50
2830	8574	8733	33
2831	8581	8634	33
2832	8588	8589	33
2833	8596	8711	50
2834	8596	8756	25
2835	8601	8632	33
2836	8605	8635	33
2837	8605	8635	33
2838	8606	8646	33
2839	8612	8622	33
2840	8613	8789	66
2841	8626	8631	25
2842	8630	8825	66
2843	8638	8694	25
2844	8648	8816	33
2845	8657	8718	25
2846	8667	8973	30
2847	8670	8696	33
2848	8673	9661	33
2849	8691	8774	33
2850	8698	8836	50
2851	8702	8727	33
2852	8702	8727	33
2853	8710	8740	66
2854	8725	8752	33
2855	8731	8816	33
2856	8737	8755	33
2857	8759	8983	33
2858	8761	8828	50
2859	8761	8840	66
2860	8761	8932	33
2861	8763	9162	66
2862	8764	9602	33
2863	8770	8775	33
2864	8785	8805	33
2865	8815	8818	66
2866	8821	8927	66
2867	8821	9365	25
2868	8828	8830	66
2869	8837	8904	66
2870	8842	9159	30
2871	8849	8860	33
2872	8849	8861	33
2873	8861	8869	66
2874	8863	10249	33
2875	8879	8883	66
2876	8886	8919	66
2877	8886	9966	33
2878	8887	8909	33
2879	8891	9114	25
2880	8892	9108	66
2881	8908	8924	33
2882	8946	9043	33
2883	8947	8971	66
2884	8947	8971	66
2885	8971	9058	66
2886	8974	9056	66
2887	8977	9063	50
2888	8981	9007	30
2889	9001	9114	66
2890	9038	9049	33
2891	9056	9293	33
2892	9069	9102	33
2893	9071	9126	50
2894	9073	9075	33
2895	9083	9250	66
2896	9110	9111	33
2897	9114	9130	33
2898	9114	9179	50
2899	9126	9240	33
2900	9127	9151	66
2901	9127	9306	33
2902	9135	9195	66
2903	9149	9161	33
2904	9149	9162	33
2905	9152	9758	33
2906	9181	9195	50
2907	9201	9214	33
2908	9205	9225	33
2909	9221	9260	33
2910	9221	9273	33
2911	9221	9278	33
2912	9222	9278	33
2913	9222	9284	33
2914	9222	9288	33
2915	9228	9292	33
2916	9228	9401	33
2917	9228	9405	33
2918	9229	9304	66
2919	9230	9257	33
2920	9230	9443	33
2921	9230	9444	33
2922	9232	9265	66
2923	9241	9251	33
2924	9243	9376	33
2925	9244	9274	66
2926	9245	9263	25
2927	9256	9318	25
2928	9267	9291	30
2929	9271	9445	66
2930	9278	9396	66
2931	9284	9296	33
2932	9290	10090	30
2933	9297	9309	50
2934	9301	9345	33
2935	9301	9415	50
2936	9304	9324	66
2937	9311	9409	33
2938	9324	9630	30
2939	9328	9406	66
2940	9340	9806	25
2941	9354	9368	33
2942	9361	9376	66
2943	9363	10131	25
2944	9366	9437	33
2945	9366	9516	66
2946	9370	9426	33
2947	9371	9415	33
2948	9376	9415	50
2949	9385	9405	33
2950	9391	10142	30
2951	9393	9457	66
2952	9408	9417	33
2953	9408	9417	33
2954	9413	9423	33
2955	9419	9973	33
2956	9421	9431	33
2957	9421	9497	33
2958	9422	9440	33
2959	9433	9437	25
2960	9433	9979	33
2961	9435	9445	66
2962	9443	9961	33
2963	9445	9465	33
2964	9449	9461	33
2965	9466	9512	33
2966	9470	9706	33
2967	9482	9612	33
2968	9484	10060	33
2969	9489	10425	33
2970	9491	10424	33
2971	9519	10487	33
2972	9531	9669	33
2973	9533	9677	33
2974	9545	9825	66
2975	9546	9823	66
2976	9559	9568	33
2977	9559	9575	33
2978	9559	9618	33
2979	9559	9628	33
2980	9565	9572	33
2981	9571	9919	66
2982	9578	9850	33
2983	9585	9605	33
2984	9591	9616	33
2985	9592	9603	66
2986	9593	9760	33
2987	9594	9619	33
2988	9601	9608	33
2989	9601	9608	33
2990	9601	9608	33
2991	9602	9611	33
2992	9602	9618	33
2993	9602	9618	33
2994	9602	9756	50
2995	9614	9667	66
2996	9625	9645	33
2997	9656	9676	33
2998	9656	9908	33
2999	9656	10755	33
3000	9664	9778	33
3001	9667	9717	33
3002	9674	9754	33
3003	9674	9790	33
3004	9674	9790	33
3005	9675	9692	33
3006	9675	9723	33
3007	9675	9755	33
3008	9675	9819	33
3009	9706	9735	33
3010	9707	9758	33
3011	9709	9743	33
3012	9709	9743	33
3013	9709	9743	33
3014	9709	9750	33
3015	9710	9750	33
3016	9712	9744	33
3017	9712	9832	66
3018	9713	9727	33
3019	9714	9893	33
3020	9715	9771	33
3021	9716	9759	66
3022	9721	9774	66
3023	9721	9889	33
3024	9721	9919	66
3025	9725	10009	33
3026	9736	10644	66
3027	9743	9838	33
3028	9748	9759	33
3029	9751	9876	66
3030	9753	9785	50
3031	9788	9865	33
3032	9790	9799	66
3033	9794	9795	66
3034	9802	10088	66
3035	9805	9875	33
3036	9817	9894	33
3037	9832	9855	33
3038	9839	9892	33
3039	9840	10008	66
3040	9841	9978	33
3041	9848	9871	33
3042	9849	9875	66
3043	9851	10005	66
3044	9851	10024	66
3045	9854	9941	66
3046	9868	9880	33
3047	9875	9956	33
3048	9885	9902	33
3049	9885	9902	33
3050	9885	10008	66
3051	9901	9940	50
3052	9910	10012	33
3053	9910	10855	33
3054	9923	9951	33
3055	9924	10030	33
3056	9925	9945	33
3057	9929	9997	33
3058	9931	10005	66
3059	9932	10005	66
3060	9933	10212	66
3061	9934	10028	66
3062	9934	10035	66
3063	9935	9954	66
3064	9936	9954	33
3065	9939	9945	33
3066	9947	10055	66
3067	9952	10013	33
3068	9953	10105	66
3069	9960	10322	33
3070	9964	10203	33
3071	9966	10059	66
3072	9971	9981	33
3073	9972	9990	33
3074	9976	10227	66
3075	9977	10029	33
3076	9977	10034	33
3077	9977	10252	33
3078	9977	10280	33
3079	9977	10301	33
3080	9977	10328	33
3081	9978	10253	33
3082	9978	10269	33
3083	9978	10322	33
3084	9979	9998	30
3085	9979	10252	33
3086	9982	9998	33
3087	9983	9984	66
3088	9986	10039	33
3089	9986	10066	33
3090	10016	10142	66
3091	10022	10025	33
3092	10023	10229	66
3093	10036	10155	66
3094	10038	10075	66
3095	10039	10049	33
3096	10040	10063	66
3097	10040	10324	33
3098	10043	10375	33
3099	10045	10065	33
3100	10052	10150	66
3101	10057	10106	66
3102	10058	10242	33
3103	10058	10322	33
3104	10059	10135	33
3105	10083	10272	33
3106	10089	10185	33
3107	10092	10143	66
3108	10093	10103	33
3109	10096	10168	66
3110	10096	10213	66
3111	10098	10123	33
3112	10098	10144	66
3113	10103	10264	33
3114	10105	10125	33
3115	10105	10138	33
3116	10123	10141	66
3117	10135	10195	33
3118	10140	10145	33
3119	10181	10299	66
3120	10188	10246	66
3121	10191	10239	66
3122	10191	10239	66
3123	10202	11462	66
3124	10222	10312	66
3125	10224	10255	33
3126	10248	10942	25
3127	10277	10501	25
3128	10295	10316	33
3129	10295	10375	33
3130	10315	10364	66
3131	10333	10366	33
3132	10333	10411	33
3133	10341	10354	33
3134	10345	10373	33
3135	10351	10453	33
3136	10353	10354	33
3137	10367	10404	33
3138	10369	10459	33
3139	10373	10461	33
3140	10381	10396	33
3141	10381	10475	66
3142	10404	10889	33
3143	10408	10421	33
3144	10409	11163	33
3145	10411	10545	66
3146	10415	10555	66
3147	10442	10455	33
3148	10446	10540	66
3149	10446	10651	30
3150	10451	10476	33
3151	10451	10476	33
3152	10451	10479	33
3153	10451	10546	33
3154	10451	10552	33
3155	10466	10570	33
3156	10494	10522	33
3157	10496	10812	66
3158	10501	10592	66
3159	10511	10554	33
3160	10525	10545	33
3161	10547	10888	66
3162	10553	10783	33
3163	10554	10616	33
3164	10562	10640	33
3165	10562	10649	33
3166	10563	10583	33
3167	10563	10618	33
3168	10563	10662	33
3169	10563	10693	33
3170	10565	10724	33
3171	10566	10640	33
3172	10567	10648	33
3173	10568	10607	33
3174	10568	10615	33
3175	10570	10615	33
3176	10570	10659	33
3177	10574	10648	33
3178	10574	10654	33
3179	10578	10632	33
3180	10578	10678	33
3181	10586	10657	33
3182	10586	10697	33
3183	10591	10664	66
3184	10591	10789	66
3185	10596	10603	33
3186	10625	10717	66
3187	10629	10732	66
3188	10636	10689	33
3189	10636	10695	25
3190	10636	10698	66
3191	10637	10717	33
3192	10647	10738	66
3193	10650	10724	66
3194	10672	10679	33
3195	10681	10724	66
3196	10696	10735	33
3197	10696	10763	33
3198	10696	10784	66
3199	10705	10716	33
3200	10705	10730	33
3201	10705	10730	33
3202	10705	10734	33
3203	10705	10741	33
3204	10705	10759	33
3205	10705	10762	33
3206	10706	11064	33
3207	10715	10732	33
3208	10726	10737	33
3209	10726	10750	33
3210	10735	10752	33
3211	10741	10833	25
3212	10753	10835	33
3213	10755	10833	66
3214	10756	10908	33
3215	10772	10852	33
3216	10772	10859	33
3217	10774	10829	33
3218	10777	10866	33
3219	10780	10890	66
3220	10781	10892	33
3221	10787	10848	33
3222	10787	10852	33
3223	10788	10820	33
3224	10788	10837	33
3225	10788	10837	33
3226	10788	10855	33
3227	10801	10871	66
3228	10801	10880	33
3229	10801	11200	66
3230	10813	10962	66
3231	10821	10874	33
3232	10855	10919	33
3233	10858	10864	33
3234	10861	10940	33
3235	10861	10967	66
3236	10862	10969	66
3237	10864	10997	33
3238	10866	11177	30
3239	10882	11007	33
3240	10916	10969	33
3241	10916	10969	33
3242	10920	10947	33
3243	10925	11643	33
3244	10930	11096	66
3245	10931	11405	33
3246	10945	10965	33
3247	10945	10965	33
3248	10967	11065	66
3249	10984	11079	33
3250	10986	11018	33
3251	10998	11006	33
3252	11002	11200	25
3253	11003	11312	30
3254	11005	11035	33
3255	11005	11041	33
3256	11034	11133	33
3257	11034	11133	33
3258	11035	11113	33
3259	11038	11069	33
3260	11038	11080	33
3261	11038	11101	33
3262	11039	11101	33
3263	11039	11133	33
3264	11044	11061	33
3265	11048	11063	33
3266	11051	11052	33
3267	11061	11103	66
3268	11061	11118	33
3269	11068	11079	33
3270	11068	11080	33
3271	11069	11408	66
3272	11071	11097	33
3273	11073	11110	33
3274	11076	11085	33
3275	11076	11087	66
3276	11095	11110	66
3277	11096	11129	33
3278	11101	11110	33
3279	11101	11110	33
3280	11102	11340	66
3281	11103	11113	33
3282	11103	11119	33
3283	11103	11120	33
3284	11110	11265	33
3285	11117	11152	66
3286	11121	11130	33
3287	11123	11129	33
3288	11125	11139	66
3289	11125	11224	33
3290	11126	11128	33
3291	11127	11128	33
3292	11127	11128	33
3293	11127	11128	33
3294	11127	11140	33
3295	11127	11172	33
3296	11127	11181	33
3297	11127	11185	66
3298	11127	11185	33
3299	11128	11313	66
3300	11139	11140	33
3301	11141	11228	33
3302	11157	11166	66
3303	11165	11227	66
3304	11167	11352	33
3305	11176	11182	33
3306	11177	11314	66
3307	11177	11316	66
3308	11180	11181	33
3309	11181	11266	33
3310	11182	11232	33
3311	11182	11266	33
3312	11182	11327	33
3313	11183	11228	33
3314	11184	12341	33
3315	11185	11220	33
3316	11206	11281	33
3317	11216	11284	33
3318	11221	11286	66
3319	11221	11297	33
3320	11221	11668	33
3321	11224	11300	33
3322	11225	11274	30
3323	11227	11244	66
3324	11232	11257	66
3325	11235	11266	33
3326	11237	11312	33
3327	11255	11327	66
3328	11255	11481	66
3329	11261	11299	33
3330	11265	11301	66
3331	11265	11301	66
3332	11266	11394	25
3333	11268	11295	66
3334	11276	11370	33
3335	11276	11967	33
3336	11277	11299	33
3337	11281	11388	66
3338	11282	11342	33
3339	11283	11299	33
3340	11301	11719	33
3341	11304	11575	33
3342	11308	11389	66
3343	11308	11557	66
3344	11309	11325	50
3345	11312	11412	33
3346	11330	11349	66
3347	11330	11349	66
3348	11334	11360	33
3349	11335	11339	66
3350	11335	11354	66
3351	11341	11873	33
3352	11342	11461	33
3353	11347	11356	66
3354	11349	11355	66
3355	11356	11402	66
3356	11356	11402	66
3357	11356	12380	25
3358	11370	11399	66
3359	11370	11399	66
3360	11378	11448	50
3361	11380	11390	66
3362	11380	11394	66
3363	11381	11522	33
3364	11388	11884	33
3365	11388	12339	33
3366	11391	11869	33
3367	11391	11876	33
3368	11401	11442	33
3369	11402	11416	50
3370	11404	11474	33
3371	11427	11890	33
3372	11427	11890	33
3373	11427	12341	33
3374	11430	11692	66
3375	11435	12380	25
3376	11440	11974	66
3377	11441	11517	33
3378	11441	11542	66
3379	11461	11485	66
3380	11462	11506	66
3381	11466	11532	66
3382	11466	11598	66
3383	11467	11590	66
3384	11467	11599	66
3385	11471	11628	33
3386	11473	11562	33
3387	11476	11869	33
3388	11477	11497	33
3389	11485	11505	33
3390	11488	11500	33
3391	11537	11552	66
3392	11544	11549	66
3393	11545	11612	33
3394	11547	11589	33
3395	11552	11561	66
3396	11579	11679	66
3397	11580	11710	33
3398	11584	11691	66
3399	11602	11616	66
3400	11620	12091	33
3401	11641	11934	33
3402	11642	11653	66
3403	11642	11654	66
3404	11645	11739	33
3405	11656	12030	66
3406	11661	11678	33
3407	11702	11809	66
3408	11707	11730	33
3409	11707	11762	66
3410	11718	11759	66
3411	11725	11745	33
3412	11749	11777	33
3413	11751	11858	33
3414	11761	11890	33
3415	11765	11786	33
3416	11767	11822	33
3417	11768	11831	66
3418	11776	12026	66
3419	11796	11835	66
3420	11824	11882	33
3421	11824	12123	33
3422	11829	12511	66
3423	11849	11860	33
3424	11849	12154	33
3425	11881	11978	33
3426	11888	11908	25
3427	11896	12017	25
3428	11897	12264	66
3429	11918	12295	33
3430	11919	13146	66
3431	11930	11996	66
3432	11941	11992	33
3433	11945	12211	66
3434	11956	12064	33
3435	11956	12220	33
3436	11965	11985	33
3437	11972	12060	33
3438	11983	12850	33
3439	12001	12125	25
3440	12002	12262	66
3441	12003	12348	50
3442	12004	12060	33
3443	12022	12230	66
3444	12025	12045	33
3445	12025	12045	33
3446	12025	12045	33
3447	12025	12148	66
3448	12066	12159	66
3449	12069	12140	66
3450	12070	12089	66
3451	12089	12100	33
3452	12089	12148	66
3453	12093	12124	66
3454	12121	12183	66
3455	12123	12193	66
3456	12124	12373	66
3457	12124	13100	33
3458	12132	12485	33
3459	12133	12149	66
3460	12137	12142	30
3461	12145	12370	33
3462	12155	12209	33
3463	12161	12250	33
3464	12169	12191	33
3465	12177	12178	33
3466	12183	12251	66
3467	12184	12204	26
3468	12186	12254	33
3469	12227	12487	66
3470	12235	12253	33
3471	12250	13145	33
3472	12253	12268	66
3473	12265	12295	33
3474	12269	12285	25
3475	12273	12326	33
3476	12275	12319	33
3477	12276	12535	33
3478	12290	12431	66
3479	12291	12328	66
3480	12301	12522	66
3481	12303	12363	33
3482	12303	12380	33
3483	12305	12476	25
3484	12324	12670	33
3485	12325	12378	33
3486	12325	12430	33
3487	12325	12671	33
3488	12325	12671	33
3489	12325	12675	33
3490	12325	12675	33
3491	12325	12677	33
3492	12327	12646	66
3493	12330	12394	66
3494	12353	12668	66
3495	12356	12544	66
3496	12365	12837	66
3497	12376	12467	66
3498	12377	12459	66
3499	12384	12638	33
3500	12385	12410	33
3501	12386	12399	33
3502	12396	12862	33
3503	12396	12872	33
3504	12407	12459	66
3505	12421	12437	33
3506	12421	12483	66
3507	12423	12518	33
3508	12424	12487	25
3509	12424	12777	33
3510	12425	12483	66
3511	12425	12483	33
3512	12429	12519	66
3513	12435	12460	33
3514	12440	12451	33
3515	12480	12505	33
3516	12487	12725	66
3517	12499	12614	33
3518	12499	12624	33
3519	12500	12558	33
3520	12500	12572	33
3521	12500	12624	33
3522	12501	12620	33
3523	12502	12614	33
3524	12505	12624	33
3525	12511	12553	66
3526	12516	12523	33
3527	12518	12526	66
3528	12522	12536	66
3529	12529	12537	33
3530	12529	12562	33
3531	12531	12540	33
3532	12534	12540	33
3533	12535	12559	33
3534	12560	13546	66
3535	12565	12584	66
3536	12578	13525	66
3537	12580	12656	33
3538	12580	13194	33
3539	12605	12640	33
3540	12605	13504	33
3541	12627	12639	33
3542	12635	12724	33
3543	12635	12737	33
3544	12648	12737	33
3545	12649	12822	33
3546	12649	12986	33
3547	12650	12682	33
3548	12650	12693	33
3549	12650	12737	33
3550	12650	12737	33
3551	12650	12743	33
3552	12650	12743	33
3553	12652	12676	33
3554	12659	12689	40
3555	12662	12671	66
3556	12663	12670	33
3557	12666	12822	25
3558	12673	12781	33
3559	12683	12688	33
3560	12684	12725	33
3561	12685	12720	33
3562	12685	12720	33
3563	12685	12720	33
3564	12702	12748	33
3565	12704	12724	33
3566	12705	12725	33
3567	12721	12729	66
3568	12728	12736	66
3569	12738	12746	66
3570	12742	12925	66
3571	12745	12765	33
3572	12749	12765	33
3573	12753	12777	33
3574	12754	12859	33
3575	12756	12802	33
3576	12757	13010	33
3577	12768	12884	33
3578	12772	12783	66
3579	12781	12938	33
3580	12789	12911	66
3581	12790	12793	33
3582	12805	12830	33
3583	12805	12836	33
3584	12806	12859	66
3585	12812	12874	66
3586	12829	12883	66
3587	12844	12859	66
3588	12847	12859	66
3589	12847	12859	66
3590	12858	12975	33
3591	12859	12884	33
3592	12862	12987	33
3593	12865	12901	33
3594	12867	12888	33
3595	12867	12987	33
3596	12868	12910	33
3597	12868	12956	33
3598	12868	12998	33
3599	12869	12888	33
3600	12869	12956	33
3601	12873	12875	33
3602	12874	12899	33
3603	12907	13008	66
3604	12909	12921	33
3605	12910	12930	33
3606	12920	12998	33
3607	12923	12929	33
3608	12923	12930	33
3609	12926	13068	50
3610	12960	13036	33
3611	12966	12982	66
3612	12966	13026	66
3613	12971	13256	66
3614	12985	13005	33
3615	12994	13505	66
3616	12995	13051	66
3617	13005	13068	66
3618	13021	13063	33
3619	13030	13047	33
3620	13030	13057	33
3621	13030	13068	33
3622	13033	13044	66
3623	13044	13075	33
3624	13045	13063	33
3625	13072	13091	33
3626	13074	13234	33
3627	13075	13165	30
3628	13078	13107	66
3629	13086	13570	33
3630	13096	13230	66
3631	13099	13121	33
3632	13099	13121	33
3633	13099	13157	33
3634	13099	13162	33
3635	13107	13112	30
3636	13111	13169	33
3637	13117	13136	33
3638	13117	13146	33
3639	13118	13133	33
3640	13121	13956	33
3641	13131	13185	66
3642	13135	13183	66
3643	13142	13151	66
3644	13145	13257	33
3645	13146	13219	33
3646	13156	13176	50
3647	13156	13250	66
3648	13174	13188	33
3649	13195	13219	33
3650	13198	13228	66
3651	13202	13362	66
3652	13216	13274	33
3653	13223	13266	33
3654	13225	13245	33
3655	13225	13256	33
3656	13234	13306	33
3657	13243	13298	33
3658	13245	13292	33
3659	13245	13302	33
3660	13264	13341	66
3661	13264	13697	33
3662	13265	13319	25
3663	13276	13410	33
3664	13291	13361	66
3665	13309	13377	33
3666	13321	13330	33
3667	13324	13416	66
3668	13326	13375	33
3669	13330	13501	33
3670	13338	13371	33
3671	13338	13371	33
3672	13338	13371	33
3673	13342	13371	33
3674	13342	13371	33
3675	13343	13371	33
3676	13351	13503	66
3677	13371	13582	66
3678	13396	13480	66
3679	13401	13480	33
3680	13402	13504	33
3681	13404	13438	33
3682	13429	13439	33
3683	13429	13563	33
3684	13431	13439	33
3685	13431	13499	33
3686	13436	13510	33
3687	13437	13509	33
3688	13437	13510	33
3689	13437	13519	33
3690	13437	13538	33
3691	13437	13544	33
3692	13437	13547	33
3693	13438	13519	33
3694	13442	13503	33
3695	13442	13503	33
3696	13444	13492	33
3697	13444	13517	33
3698	13444	13533	33
3699	13445	13545	33
3700	13452	13458	30
3701	13475	13491	66
3702	13477	13539	66
3703	13480	13948	33
3704	13504	13564	33
3705	13516	13669	25
3706	13532	13916	66
3707	13566	13687	33
3708	13566	13697	33
3709	13568	13609	33
3710	13571	13586	33
3711	13571	13590	33
3712	13572	13586	33
3713	13572	13586	33
3714	13572	13601	33
3715	13572	13609	33
3716	13576	13585	66
3717	13585	13607	33
3718	13585	13616	33
3719	13616	13686	33
3720	13617	13672	33
3721	13617	13674	33
3722	13618	13638	33
3723	13618	13638	33
3724	13618	13644	33
3725	13619	13644	33
3726	13619	13681	33
3727	13619	13701	33
3728	13620	13650	33
3729	13620	13686	33
3730	13621	13693	33
3731	13621	13754	33
3732	13626	13798	33
3733	13626	14704	33
3734	13627	14197	30
3735	13627	14595	33
3736	13628	13644	33
3737	13628	13704	33
3738	13637	13645	66
3739	13645	13665	33
3740	13666	13749	33
3741	13678	14082	33
3742	13681	14161	66
3743	13685	13940	66
3744	13689	13759	33
3745	13691	13779	33
3746	13694	13701	33
3747	13696	13789	33
3748	13697	14749	33
3749	13705	13725	33
3750	13712	13730	33
3751	13712	13733	33
3752	13712	13737	33
3753	13715	13737	33
3754	13718	13785	66
3755	13724	13798	33
3756	13725	13756	33
3757	13725	13756	33
3758	13725	13756	33
3759	13725	13767	33
3760	13725	13777	33
3761	13725	13777	33
3762	13725	13819	33
3763	13736	13819	30
3764	13741	13820	33
3765	13742	13772	33
3766	13744	14226	66
3767	13750	13770	33
3768	13753	14016	33
3769	13754	13827	66
3770	13755	13804	40
3771	13769	13805	33
3772	13772	13815	66
3773	13788	13870	66
3774	13803	13925	66
3775	13805	13845	33
3776	13815	13848	33
3777	13815	13970	25
3778	13816	15190	33
3779	13817	13825	66
3780	13825	13850	33
3781	13825	13855	33
3782	13847	13860	33
3783	13859	13909	33
3784	13872	13947	33
3785	13873	13912	33
3786	13873	13952	33
3787	13873	13959	33
3788	13876	13970	33
3789	13877	13902	33
3790	13877	13943	33
3791	13878	13996	66
3792	13881	13905	33
3793	13886	14976	33
3794	13901	13944	33
3795	13907	13990	66
3796	13921	13922	66
3797	13927	13928	33
3798	13936	13983	66
3799	13945	13975	33
3800	13947	15078	66
3801	13951	13997	66
3802	13951	14050	66
3803	13955	14088	66
3804	14007	14021	33
3805	14036	14067	33
3806	14040	14059	33
3807	14052	15011	30
3808	14058	14120	66
3809	14068	14370	33
3810	14071	14113	66
3811	14077	14092	33
3812	14101	14115	33
3813	14101	14484	66
3814	14102	14141	33
3815	14106	14113	66
3816	14125	14145	33
3817	14139	14142	66
3818	14158	14165	40
3819	14161	14264	33
3820	14164	14180	33
3821	14181	14217	33
3822	14184	14207	33
3823	14184	14259	66
3824	14189	14204	33
3825	14189	14204	33
3826	14189	14211	33
3827	14189	14215	33
3828	14192	14202	66
3829	14195	14275	66
3830	14199	14215	33
3831	14199	14215	33
3832	14210	14316	66
3833	14221	14311	66
3834	14231	14250	33
3835	14233	14287	33
3836	14237	14258	33
3837	14237	14291	33
3838	14238	14263	33
3839	14238	14268	33
3840	14238	14304	33
3841	14243	14420	66
3842	14245	14268	33
3843	14248	14260	33
3844	14272	14357	33
3845	14281	14424	66
3846	14296	14329	66
3847	14304	14337	33
3848	14305	14325	33
3849	14306	14344	66
3850	14341	14427	33
3851	14353	14425	66
3852	14356	14364	66
3853	14377	14447	50
3854	14393	14509	33
3855	14394	15016	66
3856	14396	14531	33
3857	14401	14477	33
3858	14410	14722	33
3859	14411	14947	33
3860	14416	14464	25
3861	14425	14447	33
3862	14430	14451	33
3863	14431	15482	33
3864	14455	14502	66
3865	14461	14542	33
3866	14466	14538	33
3867	14471	14475	33
3868	14474	14481	33
3869	14501	14582	33
3870	14503	15041	33
3871	14515	14527	33
3872	14516	14547	33
3873	14521	14551	33
3874	14524	14698	33
3875	14531	14555	33
3876	14535	14621	66
3877	14537	14619	30
3878	14544	14566	33
3879	14547	14553	30
3880	14549	14639	66
3881	14569	14632	66
3882	14592	14822	33
3883	14605	14637	33
3884	14605	14650	33
3885	14611	14664	66
3886	14617	14732	33
3887	14641	14710	66
3888	14641	14739	66
3889	14641	14756	66
3890	14655	14741	66
3891	14691	14705	33
3892	14701	14702	33
3893	14708	14805	33
3894	14725	14745	33
3895	14725	14745	33
3896	14727	14741	33
3897	14729	14741	33
3898	14766	14807	33
3899	14768	14864	33
3900	14769	15321	33
3901	14779	16147	30
3902	14786	14820	33
3903	14789	14800	33
3904	14793	14928	66
3905	14798	14964	66
3906	14805	15142	66
3907	14817	15009	33
3908	14825	14977	66
3909	14830	14920	30
3910	14837	15085	33
3911	14842	14848	30
3912	14848	14859	33
3913	14852	16036	33
3914	14870	14931	66
3915	14879	14926	33
3916	14880	14949	33
3917	14880	14952	33
3918	14881	14924	33
3919	14881	14955	33
3920	14883	15060	33
3921	14889	14984	33
3922	14897	14955	50
3923	14897	15032	25
3924	14908	14919	33
3925	14911	15990	30
3926	14914	15039	33
3927	14941	15067	66
3928	14941	15242	40
3929	14945	15034	66
3930	14946	14962	33
3931	14956	15058	33
3932	14956	15100	25
3933	14964	14987	33
3934	14965	14985	66
3935	14971	15010	66
3936	15001	15029	33
3937	15008	15015	33
3938	15026	15049	33
3939	15027	15059	33
3940	15061	15104	33
3941	15062	15101	33
3942	15066	15545	33
3943	15071	15205	33
3944	15074	15096	33
3945	15074	15104	33
3946	15074	15111	33
3947	15074	15118	33
3948	15074	15132	33
3949	15074	15142	33
3950	15074	15145	33
3951	15074	15150	33
3952	15075	15142	33
3953	15075	15145	33
3954	15075	15151	33
3955	15076	15132	33
3956	15089	15100	33
3957	15091	15312	66
3958	15113	15149	33
3959	15116	15129	33
3960	15116	15154	33
3961	15118	15149	33
3962	15119	15149	33
3963	15119	15153	33
3964	15121	15201	33
3965	15123	16143	33
3966	15133	15145	66
3967	15133	15204	66
3968	15136	15221	66
3969	15169	15204	66
3970	15173	15175	33
3971	15176	15200	33
3972	15176	15204	33
3973	15176	15207	33
3974	15176	15388	33
3975	15177	15195	33
3976	15177	15204	33
3977	15179	15190	33
3978	15179	15200	33
3979	15180	15269	33
3980	15185	15285	33
3981	15185	15288	33
3982	15188	15284	33
3983	15189	15196	33
3984	15197	15557	30
3985	15205	15295	33
3986	15214	15233	33
3987	15214	15233	33
3988	15214	15233	33
3989	15217	15229	33
3990	15217	15241	33
3991	15217	15503	30
3992	15218	15233	33
3993	15221	15314	33
3994	15224	15416	33
3995	15224	15438	33
3996	15226	15237	33
3997	15241	15297	66
3998	15251	15840	33
3999	15252	15272	33
4000	15258	15421	66
4001	15297	15330	33
4002	15301	15405	33
4003	15304	15373	33
4004	15305	15333	33
4005	15306	15324	33
4006	15306	15331	33
4007	15306	15376	33
4008	15306	15379	33
4009	15320	15802	30
4010	15329	15340	33
4011	15337	15408	50
4012	15338	15434	33
4013	15347	15351	33
4014	15348	15387	66
4015	15361	15405	33
4016	15367	15435	50
4017	15371	15501	33
4018	15371	15501	33
4019	15377	15474	33
4020	15377	15480	33
4021	15382	15399	33
4022	15383	15402	33
4023	15383	16328	66
4024	15384	15399	33
4025	15384	15402	33
4026	15384	15402	33
4027	15384	15402	33
4028	15384	15402	33
4029	15385	15420	33
4030	15395	15434	33
4031	15395	15452	66
4032	15396	15484	50
4033	15398	15409	66
4034	15398	15410	66
4035	15421	15468	33
4036	15421	15468	33
4037	15421	15484	33
4038	15421	15518	33
4039	15424	16464	33
4040	15431	15706	33
4041	15432	15645	33
4042	15438	15468	66
4043	15448	15459	33
4044	15454	15510	33
4045	15481	15509	66
4046	15481	15674	33
4047	15481	15676	33
4048	15492	16172	33
4049	15505	15528	33
4050	15530	15562	66
4051	15541	15595	66
4052	15547	15583	25
4053	15551	15706	33
4054	15562	15568	30
4055	15563	15700	33
4056	15565	15585	33
4057	15568	15579	33
4058	15606	15893	33
4059	15607	15722	33
4060	15608	16632	66
4061	15625	15645	33
4062	15630	15886	33
4063	15631	15761	66
4064	15634	15718	30
4065	15642	15648	30
4066	15643	15665	33
4067	15643	15665	33
4068	15643	15665	33
4069	15643	15665	33
4070	15643	15743	66
4071	15644	15662	33
4072	15645	15662	33
4073	15645	15662	33
4074	15648	15675	66
4075	15664	15724	66
4076	15676	15724	25
4077	15677	15983	33
4078	15693	15694	33
4079	15703	15775	33
4080	15720	16152	30
4081	15745	15765	33
4082	15745	15776	33
4083	15776	16660	66
4084	15781	16506	33
4085	15782	15839	33
4086	15785	15896	33
4087	15786	15800	33
4088	15786	15820	66
4089	15787	15800	33
4090	15790	15921	33
4091	15791	15827	33
4092	15791	15911	33
4093	15792	15816	33
4094	15792	15890	33
4095	15801	15816	33
4096	15801	15880	33
4097	15850	15953	33
4098	15856	15904	33
4099	15856	15904	33
4100	15858	15919	66
4101	15883	15949	66
4102	15895	15981	30
4103	15901	16441	66
4104	15906	15915	33
4105	15907	16046	33
4106	15915	15966	33
4107	15916	16224	33
4108	15916	16354	33
4109	15966	16025	33
4110	15967	15991	66
4111	15967	16007	50
4112	15967	16034	25
4113	15968	15976	33
4114	15989	16000	33
4115	16021	16040	33
4116	16021	16065	66
4117	16025	16078	33
4118	16026	16251	25
4119	16027	16540	33
4120	16067	16077	33
4121	16067	16465	66
4122	16072	16089	33
4123	16081	16157	33
4124	16087	16540	33
4125	16090	16110	25
4126	16090	16165	25
4127	16105	16125	33
4128	16105	16125	33
4129	16140	16175	66
4130	16140	16241	33
4131	16144	16211	33
4132	16150	16208	33
4133	16151	16211	33
4134	16154	16342	33
4135	16156	16177	33
4136	16157	16187	33
4137	16157	16208	33
4138	16159	16214	33
4139	16164	16515	33
4140	16165	16418	66
4141	16168	16180	33
4142	16201	16299	66
4143	16201	17282	33
4144	16210	16295	30
4145	16214	17034	33
4146	16215	16493	33
4147	16217	16223	30
4148	16222	16288	66
4149	16225	16245	33
4150	16251	16364	33
4151	16254	16307	33
4152	16261	16332	66
4153	16263	16392	66
4154	16268	16339	33
4155	16270	16282	33
4156	16272	16372	66
4157	16273	16755	33
4158	16288	16300	33
4159	16295	16361	66
4160	16295	16451	66
4161	16297	16366	33
4162	16299	16355	33
4163	16304	16431	66
4164	16316	16492	33
4165	16317	16357	33
4166	16317	16457	33
4167	16322	16432	66
4168	16334	16364	66
4169	16335	16508	66
4170	16351	16370	50
4171	16355	16686	66
4172	16358	16377	33
4173	16368	16386	33
4174	16386	16498	33
4175	16396	16424	66
4176	16400	16421	33
4177	16400	16437	33
4178	16400	16437	33
4179	16400	16457	33
4180	16400	16498	33
4181	16402	16486	33
4182	16403	16496	33
4183	16403	16573	33
4184	16406	16458	50
4185	16443	16529	33
4186	16446	16498	33
4187	16446	16602	66
4188	16464	16473	33
4189	16464	16480	33
4190	16464	16498	33
4191	16464	16877	33
4192	16471	16674	66
4193	16475	16485	33
4194	16483	16832	66
4195	16486	16559	33
4196	16504	17886	66
4197	16505	16511	33
4198	16507	16514	33
4199	16523	16543	33
4200	16523	16547	33
4201	16523	16557	33
4202	16523	16570	33
4203	16524	16534	33
4204	16524	16543	33
4205	16524	16543	33
4206	16524	16560	33
4207	16525	16550	33
4208	16535	16566	33
4209	16547	16575	66
4210	16561	17269	66
4211	16561	17269	66
4212	16570	16611	66
4213	16571	16586	33
4214	16575	16587	33
4215	16580	16616	66
4216	16583	16701	66
4217	16585	16607	33
4218	16586	16734	25
4219	16587	16648	66
4220	16591	16649	33
4221	16598	16668	50
4222	16600	17441	66
4223	16624	16734	66
4224	16627	17601	33
4225	16628	16698	33
4226	16630	17324	66
4227	16645	16665	33
4228	16645	16667	33
4229	16646	16664	33
4230	16649	16664	33
4231	16666	16677	33
4232	16668	16670	33
4233	16671	17324	66
4234	16681	16695	66
4235	16681	16736	33
4236	16681	16741	33
4237	16685	16698	33
4238	16688	16817	33
4239	16690	16702	33
4240	16702	16712	33
4241	16702	16715	33
4242	16709	16721	33
4243	16709	16774	66
4244	16725	16731	33
4245	16725	16731	33
4246	16725	16744	33
4247	16741	16803	33
4248	16741	16821	33
4249	16741	16854	33
4250	16741	17554	33
4251	16743	16822	33
4252	16745	16841	33
4253	16749	16816	50
4254	16750	16778	33
4255	16751	16760	33
4256	16754	16829	66
4257	16759	16777	66
4258	16760	16989	33
4259	16763	16789	33
4260	16764	16791	33
4261	16764	16834	66
4262	16768	16782	33
4263	16771	16888	66
4264	16781	16842	33
4265	16801	16814	66
4266	16810	18102	66
4267	16817	16946	66
4268	16823	16833	33
4269	16825	16845	33
4270	16827	16828	33
4271	16830	16932	33
4272	16846	16889	33
4273	16854	16859	33
4274	16858	17447	40
4275	16860	16898	33
4276	16861	17035	33
4277	16862	16890	33
4278	16865	17105	33
4279	16866	16968	33
4280	16872	16878	30
4281	16873	16932	33
4282	16878	17012	33
4283	16879	16925	66
4284	16880	16941	33
4285	16885	16905	33
4286	16885	16906	33
4287	16894	16980	33
4288	16901	18152	33
4289	16910	16926	33
4290	16914	16954	66
4291	16921	17155	66
4292	16922	18024	66
4293	16923	17401	33
4294	16924	17167	33
4295	16928	17296	66
4296	16933	18140	25
4297	16934	17008	66
4298	16947	16950	33
4299	16961	17065	33
4300	16968	17119	66
4301	16973	16996	33
4302	16974	17062	33
4303	16975	17020	33
4304	16978	17010	33
4305	16981	17078	33
4306	16983	17042	33
4307	16983	17215	66
4308	16985	17006	66
4309	16985	17019	66
4310	16985	17019	66
4311	16986	17385	50
4312	16991	17004	33
4313	16995	17056	33
4314	17003	17026	33
4315	17003	17047	66
4316	17003	17056	33
4317	17003	17063	33
4318	17003	17063	33
4319	17006	17053	66
4320	17006	17104	66
4321	17015	17101	33
4322	17021	17069	33
4323	17036	17480	30
4324	17040	17050	66
4325	17045	17155	66
4326	17046	17081	33
4327	17046	17092	33
4328	17046	17103	33
4329	17046	17223	66
4330	17047	17081	33
4331	17047	17081	33
4332	17047	17081	33
4333	17047	17085	33
4334	17047	17138	33
4335	17064	17088	66
4336	17071	17079	66
4337	17072	17180	33
4338	17080	17094	30
4339	17105	17140	66
4340	17106	17107	25
4341	17106	17112	33
4342	17107	17267	66
4343	17115	17178	66
4344	17119	17352	25
4345	17134	17232	33
4346	17147	17225	66
4347	17149	17243	66
4348	17161	17199	66
4349	17161	17206	33
4350	17162	17279	33
4351	17173	17870	33
4352	17179	17189	33
4353	17188	17200	33
4354	17191	17297	66
4355	17193	17201	66
4356	17198	17227	33
4357	17207	17401	30
4358	17226	17596	33
4359	17228	17279	33
4360	17236	17245	66
4361	17252	17320	33
4362	17252	17393	33
4363	17252	17451	33
4364	17253	17342	33
4365	17256	17334	33
4366	17257	17342	33
4367	17257	17342	33
4368	17257	17342	33
4369	17262	17278	66
4370	17262	17304	66
4371	17263	17428	66
4372	17271	17299	33
4373	17281	17283	33
4374	17286	17385	33
4375	17296	17497	33
4376	17308	17319	33
4377	17308	17319	33
4378	17312	17394	30
4379	17325	17388	66
4380	17326	17357	33
4381	17331	17348	33
4382	17333	17429	66
4383	17350	17641	33
4384	17350	17641	33
4385	17352	17416	33
4386	17355	17365	33
4387	17355	17369	33
4388	17355	17369	33
4389	17362	18242	33
4390	17365	17386	33
4391	17371	17400	33
4392	17396	17713	33
4393	17401	17484	66
4394	17407	17447	33
4395	17407	17447	33
4396	17407	17778	33
4397	17408	17506	33
4398	17409	17432	33
4399	17410	17428	33
4400	17415	17460	33
4401	17419	17485	66
4402	17420	17531	66
4403	17425	17445	33
4404	17430	17796	33
4405	17431	17835	33
4406	17438	17455	33
4407	17438	17507	50
4408	17438	17509	50
4409	17441	17476	25
4410	17450	17484	33
4411	17455	17568	66
4412	17460	17526	33
4413	17461	17497	33
4414	17461	17508	33
4415	17462	17463	25
4416	17463	17567	66
4417	17464	17503	33
4418	17465	17560	66
4419	17467	17497	33
4420	17470	17481	33
4421	17470	17514	33
4422	17470	17546	33
4423	17471	18782	50
4424	17476	17491	66
4425	17479	17515	33
4426	17481	18231	33
4427	17491	17581	66
4428	17511	17557	25
4429	17521	17615	33
4430	17521	18113	66
4431	17525	18113	66
4432	17526	17621	66
4433	17538	17606	33
4434	17545	17567	33
4435	17591	17599	33
4436	17595	17666	66
4437	17596	17665	66
4438	17597	17610	33
4439	17597	18171	33
4440	17603	18183	33
4441	17605	17625	33
4442	17607	18183	33
4443	17611	17678	33
4444	17611	17685	66
4445	17619	18001	33
4446	17621	17645	33
4447	17622	17637	33
4448	17638	17658	66
4449	17641	17705	66
4450	17649	17662	33
4451	17654	17662	33
4452	17658	17819	66
4453	17665	17718	66
4454	17668	17680	33
4455	17676	18193	33
4456	17677	17694	66
4457	17682	17718	66
4458	17683	17690	33
4459	17690	17970	33
4460	17692	17728	66
4461	17705	18023	33
4462	17715	17764	66
4463	17731	17856	33
4464	17741	17759	50
4465	17759	17868	66
4466	17764	17798	50
4467	17765	17795	33
4468	17771	17811	33
4469	17771	17811	33
4470	17771	17839	33
4471	17771	17855	33
4472	17772	17839	33
4473	17776	17906	33
4474	17783	17936	33
4475	17784	17861	33
4476	17784	17944	33
4477	17829	17870	33
4478	17841	18182	33
4479	17842	17855	33
4480	17845	17865	33
4481	17847	17944	33
4482	17867	17903	33
4483	17868	17898	33
4484	17869	17891	33
4485	17869	17898	33
4486	17872	17880	33
4487	17887	17944	50
4488	17893	18560	33
4489	17907	17951	33
4490	17909	17920	33
4491	17909	17921	33
4492	17921	18203	33
4493	17925	17989	66
4494	17935	17939	66
4495	17935	17940	66
4496	17935	17944	66
4497	17935	17989	66
4498	17935	17989	66
4499	17935	17994	66
4500	17945	18000	33
4501	17946	17985	33
4502	17955	18034	66
4503	17956	18155	66
4504	17956	18160	66
4505	17957	18019	33
4506	17980	18008	66
4507	17986	17995	66
4508	17991	18007	66
4509	17994	18135	66
4510	18004	19144	66
4511	18014	18588	33
4512	18018	18054	33
4513	18018	18056	33
4514	18024	18055	33
4515	18025	18045	33
4516	18027	18039	33
4517	18030	18051	33
4518	18040	18053	33
4519	18041	18076	33
4520	18048	18280	66
4521	18050	18439	66
4522	18061	18078	66
4523	18061	18125	50
4524	18066	19409	33
4525	18071	18700	33
4526	18077	18191	33
4527	18077	18253	33
4528	18079	18762	33
4529	18079	18785	66
4530	18087	18658	66
4531	18105	18114	66
4532	18105	18114	66
4533	18106	18113	33
4534	18121	18135	33
4535	18124	18125	33
4536	18127	18205	33
4537	18136	18137	25
4538	18137	18196	25
4539	18140	19059	33
4540	18140	19089	33
4541	18148	18159	33
4542	18148	18160	33
4543	18155	18162	33
4544	18179	18229	33
4545	18181	18227	66
4546	18183	18229	33
4547	18185	18369	25
4548	18187	18192	30
4549	18187	18267	33
4550	18194	18218	66
4551	18194	18250	33
4552	18194	18265	66
4553	18196	18197	33
4554	18199	18225	33
4555	18204	18310	33
4556	18208	18212	33
4557	18209	18380	66
4558	18230	18231	33
4559	18232	18873	33
4560	18239	18439	66
4561	18239	18441	66
4562	18243	18255	66
4563	18248	18502	33
4564	18250	18558	33
4565	18250	18680	66
4566	18254	18277	33
4567	18254	18277	33
4568	18255	18561	33
4569	18256	18305	66
4570	18264	18285	33
4571	18265	18275	33
4572	18265	18290	33
4573	18265	18300	33
4574	18270	18319	33
4575	18270	18331	33
4576	18270	18360	33
4577	18270	18360	33
4578	18270	18368	33
4579	18271	18346	66
4580	18272	18298	33
4581	18275	18345	33
4582	18276	18298	33
4583	18277	18286	33
4584	18291	18310	33
4585	18293	18304	66
4586	18294	18311	33
4587	18301	18339	66
4588	18304	18421	33
4589	18305	18386	66
4590	18310	18334	50
4591	18310	18334	50
4592	18310	18736	50
4593	18311	18319	33
4594	18316	18367	66
4595	18317	18403	66
4596	18325	18360	33
4597	18335	18399	66
4598	18337	18347	66
4599	18341	18421	33
4600	18342	18358	33
4601	18342	18432	33
4602	18351	18384	66
4603	18351	18384	66
4604	18356	18437	33
4605	18365	18499	33
4606	18375	18400	33
4607	18375	18445	33
4608	18375	18451	33
4609	18376	18568	33
4610	18377	18446	33
4611	18377	18446	33
4612	18377	18547	33
4613	18377	18569	33
4614	18380	18558	33
4615	18383	18419	33
4616	18396	18406	33
4617	18402	18415	33
4618	18411	18426	66
4619	18411	18427	66
4620	18411	18429	66
4621	18411	18429	66
4622	18413	18802	66
4623	18421	18556	66
4624	18421	18557	33
4625	18422	18428	33
4626	18424	18436	66
4627	18425	18455	66
4628	18425	18478	66
4629	18425	18489	66
4630	18428	18450	33
4631	18432	18461	33
4632	18432	18469	66
4633	18451	18454	33
4634	18455	18481	33
4635	18456	18464	33
4636	18465	18482	33
4637	18465	18549	33
4638	18468	18469	66
4639	18468	18532	33
4640	18474	18488	33
4641	18474	18488	33
4642	18481	18517	33
4643	18486	18618	33
4644	18489	18567	33
4645	18490	18592	66
4646	18492	18557	33
4647	18500	18567	66
4648	18509	18544	33
4649	18510	18515	33
4650	18518	18752	33
4651	18541	18583	66
4652	18542	18587	25
4653	18542	18632	33
4654	18556	18565	66
4655	18566	18573	33
4656	18568	19369	66
4657	18575	18582	33
4658	18584	18608	33
4659	18588	18622	33
4660	18595	18746	66
4661	18598	18604	66
4662	18599	18629	33
4663	18601	18777	66
4664	18602	18603	33
4665	18603	18729	66
4666	18610	18619	66
4667	18617	18624	33
4668	18617	18682	66
4669	18618	19029	33
4670	18619	18740	66
4671	18623	18656	33
4672	18628	18939	66
4673	18637	18645	30
4674	18639	19029	33
4675	18646	18654	66
4676	18655	18734	30
4677	18663	18679	66
4678	18665	18746	25
4679	18666	18784	66
4680	18667	18762	33
4681	18679	18686	33
4682	18684	18711	33
4683	18686	18705	33
4684	18697	18722	33
4685	18704	18712	33
4686	18713	18777	66
4687	18721	18832	66
4688	18733	18736	66
4689	18736	18978	33
4690	18745	18765	33
4691	18745	18766	33
4692	18757	18773	33
4693	18758	18830	50
4694	18776	18879	66
4695	18783	19014	33
4696	18784	18869	33
4697	18790	19487	33
4698	18790	19487	33
4699	18790	19487	33
4700	18791	19487	33
4701	18791	19487	33
4702	18791	19487	33
4703	18791	19487	33
4704	18794	18803	66
4705	18796	19136	66
4706	18796	19136	66
4707	18796	19136	66
4708	18800	18835	66
4709	18822	20160	33
4710	18837	18859	33
4711	18866	18885	33
4712	18870	18881	33
4713	18878	19068	66
4714	18884	18936	66
4715	18884	18936	66
4716	18893	19487	33
4717	18900	19019	66
4718	18917	19646	33
4719	18920	19053	66
4720	18921	18947	33
4721	18935	19006	33
4722	18944	18965	66
4723	18944	18965	66
4724	18944	18987	33
4725	18946	19615	33
4726	18947	19806	33
4727	18947	19806	33
4728	18947	20160	33
4729	18947	20160	33
4730	18947	20160	33
4731	18947	20160	33
4732	18947	20160	33
4733	18947	20160	33
4734	18948	18975	66
4735	18948	20160	33
4736	18948	20160	33
4737	18961	19072	66
4738	18961	19121	66
4739	18961	19923	33
4740	18963	20160	33
4741	18965	19046	33
4742	18971	19002	66
4743	18971	19102	66
4744	18971	19108	25
4745	18977	19005	33
4746	18985	19017	33
4747	19013	19030	33
4748	19023	19131	33
4749	19045	19071	33
4750	19061	19147	33
4751	19104	19131	33
4752	19104	19135	33
4753	19105	19341	33
4754	19105	19341	33
4755	19107	19112	33
4756	19107	19236	33
4757	19111	19169	50
4758	19111	19390	66
4759	19118	19164	33
4760	19127	19188	66
4761	19142	19213	66
4762	19142	19213	66
4763	19143	19152	33
4764	19143	19429	66
4765	19146	19219	66
4766	19146	19264	66
4767	19149	19260	66
4768	19150	19173	33
4769	19164	19195	33
4770	19164	19195	33
4771	19177	19182	30
4772	19177	19247	33
4773	19187	19193	30
4774	19195	19212	33
4775	19195	19246	50
4776	19212	19400	66
4777	19218	19284	33
4778	19227	19239	33
4779	19231	20160	33
4780	19236	19267	66
4781	19236	19390	66
4782	19236	19908	66
4783	19264	19265	50
4784	19266	19360	33
4785	19266	19429	66
4786	19267	19268	33
4787	19277	19288	33
4788	19277	19425	66
4789	19280	19357	33
4790	19281	19480	33
4791	19285	19305	33
4792	19285	19308	33
4793	19285	19310	33
4794	19285	19317	33
4795	19285	19330	33
4796	19288	19300	33
4797	19302	19391	30
4798	19308	20144	33
4799	19320	19337	33
4800	19322	20101	33
4801	19326	19360	33
4802	19330	19335	25
4803	19332	20002	33
4804	19334	20160	33
4805	19338	20160	33
4806	19341	19420	66
4807	19345	19365	33
4808	19345	19367	33
4809	19345	19371	33
4810	19376	20160	33
4811	19381	19451	66
4812	19381	19468	66
4813	19383	19427	33
4814	19384	20160	66
4815	19386	19445	66
4816	19386	19460	33
4817	19397	19645	66
4818	19405	19425	33
4819	19405	19425	33
4820	19405	19430	33
4821	19427	19433	30
4822	19431	19865	66
4823	19436	20028	30
4824	19441	19599	66
4825	19441	19915	66
4826	19441	19918	66
4827	19442	19520	33
4828	19443	20160	33
4829	19446	19546	33
4830	19448	19456	25
4831	19449	20160	33
4832	19452	19531	33
4833	19453	19504	33
4834	19456	19471	66
4835	19458	19661	66
4836	19465	19485	33
4837	19465	19500	33
4838	19466	19468	33
4839	19470	20160	66
4840	19472	19473	66
4841	19472	19483	33
4842	19477	19483	30
4843	19487	19505	33
4844	19491	19500	33
4845	19492	19500	33
4846	19495	19529	33
4847	19500	19536	66
4848	19500	19570	66
4849	19500	19570	66
4850	19501	19576	66
4851	19501	20160	33
4852	19505	19519	66
4853	19506	19604	33
4854	19511	19527	33
4855	19511	19529	33
4856	19523	19639	33
4857	19524	20124	33
4858	19524	20160	33
4859	19524	20160	33
4860	19524	20160	33
4861	19524	20160	33
4862	19525	19545	33
4863	19528	19686	66
4864	19545	19774	30
4865	19548	19842	66
4866	19550	20160	33
4867	19551	19573	33
4868	19561	19649	33
4869	19564	20160	33
4870	19565	19839	66
4871	19567	19664	33
4872	19585	19605	33
4873	19585	19605	33
4874	19588	19601	33
4875	19609	19615	66
4876	19613	19639	33
4877	19615	20160	33
4878	19615	20160	33
4879	19621	19685	33
4880	19621	19705	33
4881	19632	19789	33
4882	19638	20160	33
4883	19645	19675	33
4884	19651	19855	66
4885	19666	19672	66
4886	19675	19676	66
4887	19683	19689	33
4888	19685	20119	66
4889	19685	20119	66
4890	19688	19925	33
4891	19690	19722	66
4892	19694	19770	66
4893	19717	20160	33
4894	19721	20160	33
4895	19723	19765	33
4896	19728	19740	66
4897	19728	19741	66
4898	19728	19741	66
4899	19734	19945	50
4900	19735	19856	66
4901	19741	20129	33
4902	19743	19775	33
4903	19747	20043	33
4904	19750	19837	33
4905	19764	19775	66
4906	19768	19861	33
4907	19786	20000	66
4908	19798	20160	33
4909	19801	19961	33
4910	19805	19848	66
4911	19805	20160	66
4912	19806	20160	66
4913	19807	19808	66
4914	19808	20160	66
4915	19809	19817	33
4916	19809	20160	66
4917	19809	20160	66
4918	19809	20160	66
4919	19809	20160	66
4920	19809	20160	66
4921	19810	20035	66
4922	19810	20160	66
4923	19810	20160	66
4924	19810	20160	66
4925	19810	20160	66
4926	19810	20160	66
4927	19810	20160	66
4928	19817	19842	33
4929	19829	20083	25
4930	19830	19893	66
4931	19835	19865	66
4932	19840	19860	33
4933	19859	20160	33
4934	19861	20056	66
4935	19864	20160	33
4936	19869	19899	66
4937	19877	19956	66
4938	19890	19910	33
4939	19908	20160	33
4940	19909	19962	25
4941	19924	20160	66
4942	19928	20160	33
4943	19930	20010	66
4944	19930	20010	66
4945	19930	20160	33
4946	19935	20021	66
4947	19940	19975	66
4948	19944	20160	66
4949	19945	19973	33
4950	19945	19980	33
4951	19945	20005	66
4952	19945	20021	66
4953	19945	20107	66
4954	19951	20025	66
4955	19958	19992	66
4956	19958	20025	66
4957	19964	20010	66
4958	19975	19999	33
4959	19978	19982	33
4960	19979	19997	33
4961	19980	20080	33
4962	19982	19987	66
4963	19991	20160	66
4964	19992	20000	33
4965	19993	20160	66
4966	19994	20160	66
4967	19996	20014	66
4968	19997	20015	66
4969	20005	20025	33
4970	20009	20052	66
4971	20009	20052	66
4972	20018	20160	33
4973	20023	20025	33
4974	20030	20130	66
4975	20040	20050	33
4976	20058	20073	33
4977	20059	20160	66
4978	20060	20080	33
4979	20060	20090	33
4980	20063	20105	33
4981	20068	20113	66
4982	20068	20141	33
4983	20070	20090	66
4984	20071	20081	66
4985	20071	20152	66
4986	20071	20160	66
4987	20075	20084	66
4988	20075	20084	66
4989	20082	20144	33
4990	20084	20160	33
4991	20105	20160	25
4992	20105	20160	25
4993	20119	20132	66
4994	20127	20159	66
4995	20148	20160	33
4996	20150	20160	66
4997	20152	20160	30
4998	20153	20156	25
4999	20155	20160	25
