5000	100	0	0
0	0	61	33
1	0	62	33
2	0	67	66
3	0	69	33
4	0	69	33
5	0	70	33
6	0	71	33
7	0	75	33
8	0	75	33
9	0	82	33
10	0	85	33
11	0	86	66
12	0	86	66
13	0	86	66
14	0	86	66
15	0	86	66
16	0	86	66
17	0	86	66
18	0	86	66
19	0	86	66
20	0	86	66
21	0	86	66
22	0	88	30
23	0	90	66
24	0	92	25
25	0	96	33
26	0	96	33
27	0	96	33
28	0	96	33
29	0	96	33
30	0	96	33
31	0	96	33
32	0	96	33
33	0	96	33
34	0	96	33
35	0	96	33
36	0	96	33
37	0	96	33
38	0	96	33
39	0	96	33
40	0	96	33
41	0	96	33
42	0	96	33
43	0	96	33
44	0	97	33
45	0	97	33
46	0	97	33
47	0	97	33
48	0	97	33
49	0	97	33
50	0	97	33
51	0	97	33
52	0	97	33
53	0	98	33
54	0	98	33
55	0	100	33
56	0	101	33
57	0	102	33
58	0	105	33
59	0	111	33
60	0	111	33
61	0	115	33
62	0	116	66
63	0	123	33
64	0	128	33
65	0	130	33
66	0	130	33
67	0	133	66
68	0	133	66
69	0	133	66
70	0	133	33
71	0	133	33
72	0	133	66
73	0	133	66
74	0	133	66
75	0	133	66
76	0	148	33
77	0	152	66
78	0	153	66
79	0	154	61
80	0	156	33
81	0	158	61
82	0	166	66
83	0	166	66
84	0	166	66
85	0	166	66
86	0	166	66
87	0	187	33
88	0	188	33
89	0	188	33
90	0	188	33
91	0	188	33
92	0	188	33
93	0	188	33
94	0	188	33
95	0	188	33
96	0	188	33
97	0	188	33
98	0	188	33
99	0	188	33
100	0	188	33
101	0	188	33
102	0	188	33
103	0	188	33
104	0	188	33
105	0	188	33
106	0	188	33
107	0	188	33
108	0	188	33
109	0	188	33
110	0	200	33
111	0	200	33
112	0	200	33
113	0	200	33
114	0	200	33
115	0	200	33
116	0	200	33
117	0	215	33
118	0	215	33
119	0	215	33
120	0	215	33
121	0	215	33
122	0	215	33
123	0	215	33
124	0	215	66
125	0	215	66
126	0	215	66
127	0	215	66
128	0	215	66
129	0	215	66
130	0	215	33
131	0	215	33
132	0	215	33
133	0	215	33
134	0	215	33
135	0	229	33
136	0	250	33
137	0	253	33
138	0	253	33
139	0	253	33
140	0	253	33
141	0	253	33
142	0	253	33
143	0	253	33
144	0	254	33
145	0	254	33
146	0	254	33
147	0	254	33
148	0	254	33
149	0	254	33
150	0	254	33
151	0	254	33
152	0	254	33
153	0	254	33
154	0	254	33
155	0	254	33
156	0	254	33
157	0	255	33
158	0	255	33
159	0	255	33
160	0	255	33
161	0	258	66
162	0	258	66
163	0	258	33
164	0	258	66
165	0	259	61
166	0	268	33
167	0	268	33
168	0	268	33
169	0	268	33
170	0	268	33
171	0	268	33
172	0	268	33
173	0	268	33
174	0	268	33
175	0	268	33
176	0	269	33
177	0	269	33
178	0	269	33
179	0	269	33
180	0	269	33
181	0	272	33
182	0	279	33
183	0	279	33
184	0	279	33
185	0	279	33
186	0	279	33
187	0	279	33
188	0	280	33
189	0	280	33
190	0	280	33
191	0	280	33
192	0	297	25
193	0	297	25
194	0	299	66
195	0	302	33
196	0	302	33
197	0	303	33
198	0	308	33
199	0	308	33
200	0	310	33
201	0	314	33
202	0	332	33
203	0	361	33
204	0	367	33
205	0	378	33
206	0	404	30
207	0	407	66
208	0	408	66
209	0	419	33
210	0	419	33
211	0	420	33
212	0	420	33
213	0	420	33
214	0	420	33
215	0	421	66
216	0	423	33
217	0	426	66
218	0	458	66
219	0	458	66
220	0	458	66
221	0	477	33
222	0	477	33
223	0	484	33
224	0	506	33
225	0	506	33
226	0	506	33
227	0	506	33
228	0	507	33
229	0	507	33
230	0	507	33
231	0	507	33
232	0	507	33
233	0	509	33
234	0	509	33
235	0	509	33
236	0	509	33
237	0	509	33
238	0	509	33
239	0	509	33
240	0	509	33
241	0	509	33
242	0	513	66
243	0	513	66
244	0	513	66
245	0	513	66
246	0	513	66
247	0	513	66
248	0	513	66
249	0	513	66
250	0	513	66
251	0	514	61
252	0	515	66
253	0	515	66
254	0	516	66
255	0	520	66
256	0	520	66
257	0	528	33
258	0	528	33
259	0	528	66
260	0	534	33
261	0	534	33
262	0	537	33
263	0	538	33
264	0	538	33
265	0	538	33
266	0	538	33
267	0	539	33
268	0	542	33
269	0	542	33
270	0	545	33
271	0	550	33
272	0	550	33
273	0	550	33
274	0	550	33
275	0	550	33
276	0	550	33
277	0	550	33
278	0	550	33
279	0	550	33
280	0	550	33
281	0	550	33
282	0	550	33
283	0	552	33
284	0	552	33
285	0	552	33
286	0	552	33
287	0	552	33
288	0	552	33
289	0	552	33
290	0	552	33
291	0	552	33
292	0	552	33
293	0	555	33
294	0	576	66
295	0	576	66
296	0	576	66
297	0	576	33
298	0	577	33
299	0	577	33
300	0	577	33
301	0	577	33
302	0	577	33
303	0	579	33
304	0	579	33
305	0	579	33
306	0	580	33
307	0	580	33
308	0	580	33
309	0	580	33
310	0	580	33
311	0	580	33
312	0	580	33
313	0	580	33
314	0	580	33
315	0	580	33
316	0	580	33
317	0	580	33
318	0	580	33
319	0	580	33
320	0	580	33
321	0	580	33
322	0	580	33
323	0	580	33
324	0	580	33
325	0	580	33
326	0	580	33
327	0	598	33
328	0	605	33
329	0	605	33
330	0	605	33
331	0	605	33
332	0	615	33
333	0	618	33
334	0	618	33
335	0	626	33
336	0	627	33
337	0	627	33
338	0	627	33
339	0	632	33
340	0	632	33
341	0	635	33
342	0	637	33
343	0	637	33
344	0	637	33
345	0	640	33
346	0	640	33
347	0	640	33
348	0	640	33
349	0	640	33
350	0	640	33
351	0	640	33
352	0	640	33
353	0	640	33
354	0	640	33
355	0	640	33
356	0	654	33
357	0	662	33
358	0	697	33
359	0	743	33
360	0	747	33
361	0	755	33
362	0	755	33
363	0	755	33
364	0	755	33
365	0	755	33
366	0	755	33
367	0	755	33
368	0	755	33
369	0	755	33
370	0	755	33
371	0	755	33
372	0	755	33
373	0	833	66
374	0	851	30
375	0	872	33
376	0	899	33
377	0	1026	66
378	0	1052	33
379	0	1140	33
380	0	1141	33
381	0	1141	33
382	0	1141	33
383	0	1142	33
384	0	1157	33
385	0	1157	33
386	0	1158	33
387	0	1158	33
388	0	1293	66
389	0	1330	33
390	0	1390	30
391	0	1391	66
392	0	1418	66
393	3	70	33
394	15	131	33
395	18	100	33
396	25	135	33
397	31	131	66
398	34	151	50
399	45	351	30
400	47	190	33
401	58	146	33
402	61	188	33
403	66	221	66
404	73	179	33
405	75	183	66
406	92	198	66
407	100	303	33
408	118	186	66
409	120	186	66
410	121	198	66
411	121	215	66
412	121	878	33
413	122	195	66
414	122	205	66
415	122	1380	66
416	125	198	66
417	125	516	66
418	125	516	66
419	125	516	66
420	125	517	66
421	125	517	66
422	125	878	33
423	127	368	66
424	127	481	66
425	127	516	66
426	127	516	66
427	131	516	66
428	134	218	33
429	135	361	66
430	136	209	66
431	136	302	66
432	138	1563	33
433	138	1563	33
434	144	236	33
435	151	214	33
436	154	306	33
437	161	1030	66
438	162	578	33
439	162	755	66
440	173	250	66
441	179	469	33
442	180	315	33
443	180	397	66
444	181	298	66
445	185	344	66
446	196	270	25
447	196	298	66
448	196	324	66
449	200	825	66
450	201	364	66
451	201	421	66
452	204	961	33
453	207	367	66
454	207	456	66
455	215	781	66
456	216	586	66
457	216	1141	66
458	218	469	66
459	223	419	66
460	225	490	33
461	230	1072	33
462	242	341	33
463	245	341	66
464	245	671	66
465	252	406	33
466	252	460	33
467	253	316	33
468	253	764	33
469	253	1161	33
470	253	1161	33
471	254	1168	33
472	255	367	33
473	255	433	66
474	257	327	25
475	261	331	33
476	261	357	33
477	261	358	33
478	261	378	33
479	261	424	33
480	261	1142	33
481	261	1142	33
482	261	1395	33
483	265	1411	33
484	271	340	66
485	271	357	66
486	271	359	50
487	271	541	66
488	272	359	50
489	276	341	66
490	282	422	33
491	282	424	33
492	282	1142	33
493	282	1142	33
494	285	408	33
495	285	460	33
496	285	460	33
497	301	369	66
498	301	774	25
499	314	787	66
500	317	377	66
501	327	1376	33
502	332	492	66
503	339	405	25
504	341	422	33
505	353	438	33
506	359	419	25
507	359	479	33
508	364	449	33
509	368	443	66
510	368	591	33
511	376	679	33
512	377	526	33
513	377	1157	33
514	378	462	66
515	387	885	66
516	391	514	66
517	391	564	66
518	391	616	66
519	391	636	66
520	398	498	33
521	403	468	40
522	408	515	33
523	415	500	66
524	415	556	33
525	415	993	33
526	415	1043	33
527	415	1043	33
528	416	576	66
529	417	487	33
530	417	764	33
531	417	1142	33
532	419	630	50
533	420	581	33
534	425	492	33
535	426	561	66
536	426	571	66
537	427	905	33
538	427	1157	33
539	427	1158	33
540	427	1158	33
541	429	527	33
542	433	936	30
543	434	1443	33
544	435	529	33
545	438	658	25
546	440	1222	66
547	447	1158	33
548	451	542	33
549	451	842	33
550	452	596	33
551	453	527	66
552	453	531	66
553	458	841	33
554	458	1060	33
555	464	1338	33
556	466	822	66
557	481	581	66
558	481	584	66
559	481	740	33
560	482	722	33
561	484	909	33
562	491	575	40
563	495	603	33
564	496	556	25
565	498	591	33
566	499	815	66
567	501	1272	33
568	518	668	66
569	518	1141	66
570	518	1141	66
571	518	1142	66
572	524	799	33
573	526	599	33
574	531	630	33
575	531	1408	25
576	532	1408	25
577	533	1408	25
578	535	1043	30
579	536	682	66
580	538	604	33
581	538	862	33
582	538	1141	33
583	538	1181	33
584	538	1738	33
585	541	709	66
586	544	856	30
587	555	686	33
588	559	1465	33
589	571	742	33
590	572	796	33
591	572	1326	33
592	587	1157	33
593	590	1052	66
594	590	1142	66
595	600	702	33
596	600	702	33
597	600	702	33
598	600	702	33
599	600	765	66
600	600	1155	66
601	601	673	66
602	601	702	33
603	601	702	33
604	603	702	33
605	603	1516	25
606	604	782	33
607	609	1868	33
608	614	1144	33
609	614	1157	33
610	614	1157	33
611	617	1157	33
612	617	1321	33
613	619	1142	33
614	623	1434	33
615	627	734	33
616	627	1157	33
617	627	1945	33
618	631	999	66
619	658	735	33
620	661	722	33
621	661	730	33
622	661	730	33
623	661	730	33
624	661	733	33
625	661	737	33
626	666	726	33
627	666	730	33
628	666	730	33
629	666	733	33
630	666	733	33
631	666	736	33
632	667	1052	66
633	668	1516	33
634	675	737	33
635	680	916	66
636	696	770	33
637	715	879	66
638	718	778	61
639	719	815	33
640	722	782	33
641	722	1562	25
642	730	940	33
643	735	928	25
644	741	1672	33
645	748	1910	66
646	751	875	66
647	751	879	66
648	759	1034	66
649	759	1142	66
650	781	876	25
651	784	1449	33
652	786	910	33
653	786	1206	66
654	798	892	66
655	805	1564	66
656	811	884	66
657	811	886	66
658	816	944	33
659	816	1901	33
660	816	1901	33
661	816	1901	33
662	816	1905	33
663	817	941	33
664	817	1901	33
665	817	1901	33
666	818	949	33
667	819	948	33
668	819	1901	33
669	819	1901	33
670	819	1901	33
671	820	936	33
672	820	1901	33
673	821	1901	33
674	821	1901	33
675	824	913	66
676	841	979	66
677	844	936	33
678	845	1634	33
679	851	939	33
680	851	1111	33
681	852	943	30
682	852	1026	66
683	854	1001	66
684	855	1026	66
685	857	939	66
686	857	1027	66
687	858	1001	66
688	859	1001	66
689	863	1001	66
690	887	1751	33
691	899	1026	66
692	905	996	66
693	905	1026	66
694	907	997	33
695	910	983	66
696	911	988	66
697	911	1566	33
698	923	999	30
699	926	1781	66
700	926	2026	66
701	931	999	66
702	933	1901	33
703	934	1046	33
704	937	1005	33
705	938	1084	33
706	938	1402	33
707	939	1150	25
708	943	1027	66
709	943	1027	66
710	945	1072	25
711	951	1061	33
712	952	1055	33
713	952	1056	33
714	954	1738	33
715	957	1043	33
716	957	1091	33
717	958	1027	33
718	958	1862	33
719	959	1474	25
720	960	1042	33
721	961	1058	33
722	965	1728	33
723	966	1141	33
724	966	1141	33
725	967	1948	33
726	969	1186	33
727	971	1103	33
728	971	1322	33
729	981	1187	66
730	983	1293	30
731	987	1142	33
732	987	1142	33
733	989	1142	33
734	991	1060	33
735	992	1171	25
736	994	1135	33
737	998	1310	30
738	1005	1143	33
739	1007	1569	66
740	1018	1303	66
741	1021	1093	33
742	1021	1123	33
743	1037	1108	66
744	1039	1313	66
745	1040	1312	66
746	1051	1127	66
747	1051	1252	66
748	1051	1267	66
749	1055	1887	33
750	1070	1156	66
751	1070	1216	66
752	1072	1161	66
753	1075	1267	66
754	1081	1149	66
755	1085	1145	66
756	1095	1174	33
757	1097	1804	33
758	1106	1543	50
759	1115	1323	66
760	1126	1199	33
761	1127	1203	66
762	1133	1197	66
763	1137	1199	25
764	1139	1199	25
765	1139	1199	25
766	1140	1320	66
767	1140	1373	66
768	1142	1666	33
769	1152	1276	33
770	1155	1250	66
771	1155	1269	33
772	1156	1247	33
773	1156	1538	33
774	1157	1290	25
775	1157	1379	25
776	1157	2204	33
777	1158	1243	66
778	1159	1236	33
779	1159	1269	33
780	1159	1276	33
781	1170	1412	30
782	1173	1241	66
783	1177	1901	33
784	1178	1901	33
785	1179	1901	33
786	1180	1901	33
787	1187	1715	33
788	1191	1528	33
789	1208	1275	66
790	1210	1603	33
791	1210	1606	33
792	1210	1606	33
793	1211	1639	33
794	1211	1639	33
795	1215	1285	66
796	1215	1355	66
797	1219	1323	66
798	1222	1385	66
799	1222	1898	66
800	1222	1898	66
801	1222	2353	66
802	1227	1328	33
803	1231	1639	33
804	1237	1312	33
805	1238	1395	33
806	1242	2044	66
807	1242	2044	66
808	1244	1388	66
809	1244	1866	66
810	1254	1366	66
811	1261	1519	33
812	1265	1401	33
813	1267	1401	33
814	1267	1402	33
815	1267	1404	33
816	1267	1468	33
817	1267	1468	33
818	1267	1477	33
819	1271	1484	50
820	1276	1339	66
821	1280	1346	66
822	1299	1359	33
823	1299	1389	33
824	1299	1514	33
825	1299	1528	33
826	1306	1432	33
827	1311	2270	66
828	1311	2270	66
829	1311	2717	33
830	1313	1386	66
831	1313	2270	66
832	1313	2270	66
833	1321	1396	33
834	1321	1396	33
835	1321	1425	66
836	1322	1545	66
837	1322	2062	66
838	1322	2062	66
839	1322	2062	66
840	1322	2062	66
841	1322	2063	66
842	1322	2063	66
843	1322	2063	66
844	1323	2158	33
845	1327	2270	66
846	1330	2270	66
847	1335	1439	33
848	1335	2271	66
849	1337	1397	33
850	1338	1419	66
851	1342	2270	66
852	1353	2272	66
853	1354	1580	66
854	1366	1468	33
855	1367	1477	33
856	1378	1441	33
857	1378	1458	33
858	1378	1458	33
859	1378	1484	33
860	1379	1452	33
861	1379	1458	33
862	1379	1473	33
863	1379	1508	33
864	1381	1479	33
865	1381	1508	33
866	1381	1522	66
867	1396	1783	33
868	1400	1681	33
869	1402	1481	66
870	1411	1595	66
871	1415	1495	66
872	1430	1937	25
873	1437	2359	33
874	1446	1538	66
875	1447	1542	25
876	1449	1516	66
877	1453	2119	33
878	1471	1592	66
879	1488	2064	33
880	1501	1614	33
881	1501	1649	66
882	1501	1760	66
883	1501	1911	33
884	1502	1595	50
885	1502	1606	33
886	1503	1646	66
887	1506	1576	33
888	1506	1617	25
889	1517	1771	33
890	1524	1685	33
891	1525	1684	33
892	1541	1740	33
893	1546	1903	33
894	1549	2975	33
895	1560	1620	33
896	1560	1675	33
897	1560	1696	33
898	1560	1696	33
899	1561	1674	33
900	1561	1718	33
901	1561	2119	33
902	1561	2129	33
903	1562	1630	33
904	1562	1664	33
905	1562	1664	33
906	1562	1675	33
907	1562	1730	33
908	1562	1730	33
909	1562	1740	33
910	1562	1752	33
911	1562	2286	66
912	1563	2820	66
913	1566	1683	33
914	1570	2591	66
915	1588	1767	66
916	1591	2144	33
917	1593	1715	33
918	1593	2119	33
919	1601	1733	33
920	1614	1674	33
921	1628	1818	66
922	1634	2814	33
923	1635	2068	25
924	1636	1717	33
925	1636	1731	33
926	1636	1743	33
927	1636	1776	33
928	1641	1718	33
929	1641	1730	33
930	1641	1740	33
931	1641	1740	33
932	1645	1738	33
933	1645	1738	33
934	1645	1738	33
935	1645	1863	33
936	1645	2741	33
937	1645	2762	33
938	1650	1743	33
939	1650	1758	33
940	1650	1784	33
941	1658	1739	33
942	1658	2489	66
943	1669	2941	33
944	1679	1739	33
945	1684	1862	33
946	1684	1898	33
947	1684	1982	33
948	1684	2023	33
949	1684	2717	33
950	1695	1761	50
951	1700	1795	50
952	1726	1943	33
953	1726	2367	33
954	1727	2262	33
955	1730	2824	33
956	1738	1926	33
957	1740	1986	33
958	1749	2915	66
959	1757	1858	33
960	1764	1841	33
961	1764	2076	33
962	1765	1826	33
963	1765	1846	33
964	1766	1826	33
965	1766	2091	33
966	1771	1858	66
967	1771	1858	66
968	1771	1858	66
969	1775	1837	33
970	1775	1837	33
971	1779	2485	33
972	1793	3069	33
973	1794	1884	66
974	1798	1996	33
975	1799	1862	33
976	1799	2049	33
977	1799	2161	33
978	1799	2291	33
979	1801	1865	33
980	1801	1895	66
981	1801	1909	66
982	1801	2224	66
983	1806	1926	66
984	1810	2020	33
985	1810	2217	33
986	1810	2222	33
987	1816	2146	33
988	1816	2163	33
989	1818	1935	33
990	1818	1940	33
991	1818	1955	33
992	1823	2224	33
993	1832	1902	66
994	1832	2179	66
995	1834	2119	33
996	1836	2454	33
997	1837	2148	30
998	1839	1957	33
999	1839	2221	33
1000	1840	2227	33
1001	1843	3127	40
1002	1855	1920	33
1003	1855	2057	33
1004	1855	2119	33
1005	1856	2066	33
1006	1857	2013	33
1007	1857	2039	33
1008	1861	1961	66
1009	1862	1970	66
1010	1865	1998	33
1011	1866	2162	33
1012	1867	2039	33
1013	1867	2146	33
1014	1872	1982	33
1015	1875	1973	33
1016	1877	1939	33
1017	1877	2042	33
1018	1877	2933	33
1019	1888	1984	33
1020	1898	1992	66
1021	1899	2368	33
1022	1900	1962	66
1023	1906	2138	66
1024	1908	1969	33
1025	1915	2762	33
1026	1915	3084	33
1027	1918	2257	33
1028	1921	2056	50
1029	1924	1998	66
1030	1927	2093	50
1031	1932	2000	66
1032	1933	1995	33
1033	1933	1995	33
1034	1933	2017	33
1035	1935	2926	33
1036	1936	2069	25
1037	1938	2037	33
1038	1945	2411	66
1039	1946	2016	33
1040	1950	2112	33
1041	1956	2034	33
1042	1963	2221	33
1043	1981	2078	33
1044	1982	2147	66
1045	1985	2224	66
1046	1994	2119	66
1047	1995	2062	33
1048	1996	2056	66
1049	2007	3441	33
1050	2009	2108	50
1051	2010	2098	33
1052	2010	2140	33
1053	2019	2181	33
1054	2021	2123	33
1055	2040	2118	33
1056	2041	2136	33
1057	2042	2124	33
1058	2045	2138	33
1059	2048	2129	33
1060	2056	2116	33
1061	2056	2146	40
1062	2058	2483	33
1063	2069	2833	33
1064	2071	2161	33
1065	2075	2282	66
1066	2075	2342	66
1067	2088	2170	33
1068	2088	2324	66
1069	2090	2175	33
1070	2090	2346	33
1071	2101	2191	66
1072	2136	2235	33
1073	2148	2942	33
1074	2151	2217	33
1075	2151	2230	33
1076	2151	2230	33
1077	2152	2226	33
1078	2152	2226	33
1079	2152	2236	33
1080	2152	2236	33
1081	2153	2226	33
1082	2160	2308	50
1083	2160	2308	50
1084	2160	2316	50
1085	2161	2271	66
1086	2162	3123	33
1087	2165	2886	25
1088	2170	2710	66
1089	2174	2273	33
1090	2174	2710	33
1091	2185	2342	66
1092	2185	2478	66
1093	2185	2498	66
1094	2187	2282	66
1095	2187	2497	66
1096	2187	2504	66
1097	2193	2295	66
1098	2193	2319	66
1099	2220	2323	66
1100	2220	2581	33
1101	2221	2425	66
1102	2221	3529	33
1103	2222	2290	66
1104	2222	2317	66
1105	2224	2943	50
1106	2247	2622	66
1107	2247	2622	66
1108	2250	2537	30
1109	2252	2335	30
1110	2254	2410	33
1111	2255	2566	30
1112	2260	2340	33
1113	2262	2375	50
1114	2262	2375	50
1115	2280	2440	66
1116	2280	2473	66
1117	2283	2370	66
1118	2286	2403	33
1119	2291	2359	33
1120	2293	2368	66
1121	2302	2370	33
1122	2307	3353	33
1123	2316	2394	33
1124	2318	2383	33
1125	2318	2414	33
1126	2319	2383	33
1127	2319	2425	33
1128	2321	2383	33
1129	2321	2394	33
1130	2322	2383	33
1131	2326	2420	33
1132	2327	2439	33
1133	2327	2495	33
1134	2327	2896	33
1135	2341	2447	66
1136	2342	2435	50
1137	2344	2449	33
1138	2345	2800	50
1139	2346	2406	33
1140	2354	2452	25
1141	2354	2590	33
1142	2356	2452	33
1143	2361	2459	33
1144	2371	2514	66
1145	2380	2460	25
1146	2384	2809	33
1147	2388	2543	66
1148	2388	3425	33
1149	2392	2680	33
1150	2409	2548	33
1151	2412	2481	33
1152	2412	2507	33
1153	2428	2504	33
1154	2428	2536	33
1155	2428	2569	33
1156	2429	2499	33
1157	2429	2500	33
1158	2429	2519	33
1159	2429	2519	33
1160	2429	2542	33
1161	2429	2548	33
1162	2429	2602	33
1163	2433	2504	33
1164	2433	2519	33
1165	2436	2557	25
1166	2450	2559	66
1167	2454	3856	33
1168	2461	2530	66
1169	2461	2558	33
1170	2462	2569	33
1171	2462	3058	33
1172	2470	3071	66
1173	2472	2657	33
1174	2472	2991	66
1175	2483	2730	30
1176	2484	2599	66
1177	2484	2599	66
1178	2487	2931	33
1179	2487	3143	33
1180	2508	2580	25
1181	2508	2580	33
1182	2508	2581	33
1183	2512	2580	66
1184	2520	2605	50
1185	2521	2637	33
1186	2522	2697	33
1187	2522	2720	33
1188	2522	3310	66
1189	2530	2808	33
1190	2532	2641	33
1191	2534	2624	33
1192	2535	2624	33
1193	2535	2641	33
1194	2553	3351	50
1195	2565	2673	66
1196	2569	3398	66
1197	2576	2881	66
1198	2582	2681	50
1199	2582	2716	50
1200	2584	2691	33
1201	2590	2776	33
1202	2596	2689	66
1203	2596	2908	25
1204	2597	2658	66
1205	2597	2658	66
1206	2597	3210	66
1207	2598	2791	66
1208	2598	2794	66
1209	2600	2687	66
1210	2611	2743	33
1211	2612	3198	66
1212	2626	2743	33
1213	2636	2728	33
1214	2638	2753	33
1215	2643	3449	66
1216	2644	3449	66
1217	2648	3024	33
1218	2650	3448	66
1219	2650	3448	66
1220	2650	3448	66
1221	2650	3449	66
1222	2650	3449	66
1223	2650	3449	66
1224	2650	3449	66
1225	2651	3448	66
1226	2651	3448	66
1227	2652	2869	33
1228	2652	2871	33
1229	2653	3449	66
1230	2655	2773	66
1231	2655	2901	33
1232	2655	2902	33
1233	2660	2735	33
1234	2661	2726	33
1235	2661	2735	33
1236	2661	2753	33
1237	2661	2755	33
1238	2662	2732	33
1239	2662	2742	33
1240	2664	2740	33
1241	2664	2740	33
1242	2664	2742	33
1243	2664	2753	33
1244	2664	2755	33
1245	2680	3444	66
1246	2681	2760	33
1247	2682	3445	66
1248	2686	2774	33
1249	2686	2796	66
1250	2691	2789	33
1251	2691	2790	33
1252	2697	2788	66
1253	2701	2817	33
1254	2716	2776	66
1255	2716	2776	66
1256	2716	2800	33
1257	2718	2844	66
1258	2719	2844	66
1259	2721	2904	25
1260	2760	2899	66
1261	2761	2854	66
1262	2761	2937	66
1263	2781	2940	33
1264	2781	2969	33
1265	2781	2969	33
1266	2787	2929	33
1267	2787	2974	33
1268	2787	2977	33
1269	2788	2975	33
1270	2790	2961	33
1271	2790	2984	33
1272	2791	2878	33
1273	2791	2878	33
1274	2793	2912	33
1275	2793	2950	33
1276	2793	2974	33
1277	2793	2988	33
1278	2799	3001	66
1279	2810	2889	66
1280	2820	2880	66
1281	2821	2885	66
1282	2824	2917	33
1283	2824	2933	33
1284	2826	2926	33
1285	2835	3212	66
1286	2865	3093	66
1287	2869	2954	66
1288	2871	3184	30
1289	2880	3352	66
1290	2883	3352	66
1291	2896	2989	66
1292	2932	3319	33
1293	2936	3007	66
1294	2941	3032	66
1295	2942	3017	25
1296	2945	3020	66
1297	2950	3349	66
1298	2951	3033	66
1299	2977	3062	33
1300	2977	3076	33
1301	2978	3109	66
1302	2980	3676	33
1303	2980	3724	33
1304	2981	3086	33
1305	2981	3138	33
1306	2987	3557	33
1307	2988	3306	33
1308	2988	3864	33
1309	2992	3109	66
1310	2998	3241	66
1311	2998	3858	66
1312	2999	3062	33
1313	2999	3481	33
1314	3001	3073	66
1315	3003	3427	33
1316	3003	3427	33
1317	3004	3113	33
1318	3004	4388	33
1319	3005	3113	33
1320	3005	3123	66
1321	3005	3258	33
1322	3007	3209	33
1323	3008	3118	33
1324	3008	3118	33
1325	3008	3681	33
1326	3008	3876	33
1327	3008	3979	33
1328	3016	3405	33
1329	3020	3086	33
1330	3024	3457	33
1331	3029	3096	33
1332	3029	3096	33
1333	3029	3191	33
1334	3030	3091	33
1335	3030	3091	33
1336	3030	3096	33
1337	3030	3101	33
1338	3030	3108	33
1339	3030	3206	33
1340	3031	3091	33
1341	3031	3096	33
1342	3038	3109	66
1343	3039	3136	33
1344	3039	3144	33
1345	3039	3362	33
1346	3039	3423	33
1347	3039	3428	33
1348	3040	3346	30
1349	3049	3734	33
1350	3050	3277	66
1351	3051	3658	33
1352	3051	3690	33
1353	3051	3849	33
1354	3058	3130	66
1355	3061	3157	33
1356	3061	3943	33
1357	3077	3553	66
1358	3093	3568	66
1359	3094	3205	33
1360	3097	3167	33
1361	3116	4054	66
1362	3117	3189	33
1363	3118	4089	33
1364	3126	4502	33
1365	3127	3189	33
1366	3127	3189	33
1367	3136	3227	33
1368	3136	3227	33
1369	3150	3779	66
1370	3151	3219	66
1371	3153	3724	66
1372	3160	3262	33
1373	3160	3262	33
1374	3160	3262	33
1375	3160	3325	66
1376	3160	4065	33
1377	3161	3262	33
1378	3161	3262	33
1379	3161	3262	33
1380	3188	3343	66
1381	3189	3308	66
1382	3200	3510	30
1383	3207	3691	33
1384	3208	3691	33
1385	3208	3691	33
1386	3211	3319	66
1387	3217	3385	66
1388	3217	3479	66
1389	3248	3358	33
1390	3254	3593	33
1391	3256	3473	50
1392	3256	3473	50
1393	3261	3423	33
1394	3261	3480	33
1395	3261	3857	33
1396	3261	4291	33
1397	3261	4388	33
1398	3271	3590	66
1399	3278	3340	33
1400	3278	3376	33
1401	3285	3365	33
1402	3308	3433	25
1403	3311	3491	66
1404	3313	3386	33
1405	3314	3384	66
1406	3316	3399	66
1407	3332	4127	33
1408	3335	3856	33
1409	3361	3432	33
1410	3365	3521	25
1411	3366	3431	33
1412	3369	3435	33
1413	3369	3467	33
1414	3373	3444	66
1415	3375	3448	33
1416	3375	3448	33
1417	3375	3452	33
1418	3375	3465	33
1419	3375	3467	33
1420	3376	3443	33
1421	3376	3443	33
1422	3376	3448	33
1423	3376	3465	33
1424	3376	3511	33
1425	3376	3519	33
1426	3376	3531	66
1427	3377	3448	33
1428	3377	3448	33
1429	3397	3648	66
1430	3397	3648	66
1431	3404	3537	33
1432	3404	3537	33
1433	3415	3577	33
1434	3417	3856	33
1435	3418	4233	33
1436	3419	3849	33
1437	3421	3850	66
1438	3425	3492	33
1439	3426	3519	33
1440	3426	3611	66
1441	3437	3550	33
1442	3438	4470	33
1443	3443	3751	30
1444	3450	3523	66
1445	3459	3552	33
1446	3464	3856	33
1447	3464	3878	33
1448	3464	3906	33
1449	3465	3565	33
1450	3465	3565	33
1451	3482	3676	33
1452	3483	3558	33
1453	3494	3558	33
1454	3499	3633	33
1455	3506	3628	33
1456	3511	3640	33
1457	3513	3906	33
1458	3513	3906	33
1459	3513	3906	33
1460	3530	3622	33
1461	3537	3858	66
1462	3540	3624	66
1463	3541	3710	50
1464	3556	3616	66
1465	3556	3616	66
1466	3570	4501	66
1467	3599	3681	33
1468	3599	3681	33
1469	3599	3723	33
1470	3600	3723	33
1471	3601	3735	66
1472	3602	3733	33
1473	3603	3668	33
1474	3629	4718	33
1475	3631	3798	66
1476	3631	3934	33
1477	3653	3745	66
1478	3661	3728	50
1479	3661	3732	66
1480	3663	3905	66
1481	3676	3856	33
1482	3678	3786	33
1483	3685	4017	66
1484	3685	4017	66
1485	3692	4673	33
1486	3740	3821	66
1487	3770	3857	33
1488	3770	3857	33
1489	3778	3871	33
1490	3780	5209	33
1491	3786	3859	33
1492	3786	3882	33
1493	3789	3854	33
1494	3789	3908	25
1495	3790	3850	33
1496	3790	3877	33
1497	3792	3857	33
1498	3792	3955	33
1499	3804	3901	33
1500	3804	3947	33
1501	3811	4312	66
1502	3817	3947	33
1503	3818	4005	66
1504	3841	3980	66
1505	3848	4167	66
1506	3848	4639	66
1507	3849	4021	33
1508	3851	4621	33
1509	3856	3947	33
1510	3859	4254	66
1511	3867	3937	33
1512	3869	3971	33
1513	3869	4157	33
1514	3870	3971	33
1515	3873	3939	33
1516	3882	4082	33
1517	3884	3989	33
1518	3890	4031	33
1519	3892	4027	33
1520	3892	4522	33
1521	3901	4142	66
1522	3910	3991	33
1523	3915	4816	33
1524	3917	4030	33
1525	3917	4030	33
1526	3917	4030	33
1527	3917	4381	33
1528	3917	4545	33
1529	3923	4021	33
1530	3924	4031	33
1531	3924	4031	33
1532	3924	5283	33
1533	3925	4081	33
1534	3925	4325	33
1535	3940	4031	33
1536	3941	4055	66
1537	3941	4139	33
1538	3960	4067	66
1539	3969	4060	25
1540	3975	4165	33
1541	3975	4623	33
1542	3975	4987	33
1543	3976	4472	33
1544	3976	4732	33
1545	3985	4067	66
1546	3987	4067	66
1547	3992	4067	66
1548	3992	4067	66
1549	3992	4067	66
1550	3996	4086	33
1551	4000	4348	33
1552	4006	4120	33
1553	4007	4116	33
1554	4010	5449	33
1555	4021	4145	66
1556	4021	4255	25
1557	4025	4536	30
1558	4031	4105	66
1559	4036	4149	33
1560	4037	4170	33
1561	4037	4170	33
1562	4037	4170	33
1563	4038	4344	33
1564	4039	4124	33
1565	4043	4321	33
1566	4044	5045	33
1567	4045	4275	33
1568	4045	4409	33
1569	4045	4811	33
1570	4045	4811	33
1571	4051	4153	33
1572	4059	4503	33
1573	4060	4148	33
1574	4065	4201	33
1575	4065	4234	33
1576	4083	4148	33
1577	4084	4154	33
1578	4092	5488	33
1579	4095	4349	33
1580	4095	5519	33
1581	4097	4184	66
1582	4097	4184	66
1583	4110	4182	33
1584	4128	4234	66
1585	4148	4313	50
1586	4156	4293	66
1587	4195	4634	66
1588	4195	4634	66
1589	4201	4285	66
1590	4201	4308	66
1591	4226	4313	66
1592	4238	4309	50
1593	4251	4810	33
1594	4253	4321	33
1595	4253	5477	33
1596	4254	4321	33
1597	4254	4325	33
1598	4256	5127	33
1599	4259	4321	33
1600	4263	4336	33
1601	4281	4354	33
1602	4297	5311	33
1603	4301	4440	33
1604	4334	4459	33
1605	4335	4484	33
1606	4335	5043	33
1607	4342	4507	66
1608	4365	4689	66
1609	4365	4689	66
1610	4381	4774	66
1611	4390	4776	33
1612	4395	4479	66
1613	4399	4498	33
1614	4403	4476	33
1615	4419	4613	66
1616	4441	4677	50
1617	4454	4535	33
1618	4460	4775	33
1619	4460	4835	33
1620	4461	4773	30
1621	4466	4585	25
1622	4472	4831	33
1623	4478	4547	50
1624	4489	4681	33
1625	4490	4811	33
1626	4501	4568	33
1627	4501	4594	33
1628	4501	4688	66
1629	4502	5255	33
1630	4502	5383	33
1631	4511	4619	66
1632	4521	5945	33
1633	4532	4692	66
1634	4533	4609	33
1635	4533	4636	33
1636	4534	4601	66
1637	4536	4605	33
1638	4536	4811	33
1639	4540	4637	33
1640	4540	4637	33
1641	4540	4637	33
1642	4540	4637	33
1643	4545	5223	33
1644	4561	4671	33
1645	4576	5944	33
1646	4597	4680	66
1647	4621	4713	66
1648	4622	4937	66
1649	4626	5101	33
1650	4628	4970	50
1651	4629	4713	66
1652	4636	5101	33
1653	4645	4753	33
1654	4680	4813	66
1655	4681	4748	66
1656	4688	6124	33
1657	4693	5028	66
1658	4696	4765	66
1659	4697	4783	66
1660	4699	4798	33
1661	4701	4762	66
1662	4702	5232	33
1663	4713	4818	33
1664	4721	5046	33
1665	4721	5118	33
1666	4728	5028	66
1667	4736	4889	33
1668	4741	4808	33
1669	4741	5411	33
1670	4749	4840	33
1671	4756	4826	66
1672	4774	5087	30
1673	4779	4927	33
1674	4801	4888	33
1675	4801	4917	66
1676	4811	4989	66
1677	4816	4876	25
1678	4828	4907	33
1679	4829	4991	33
1680	4832	4926	33
1681	4841	5017	33
1682	4849	4947	33
1683	4849	4966	33
1684	4850	4947	33
1685	4850	4958	33
1686	4856	4979	33
1687	4861	5095	33
1688	4876	5285	66
1689	4887	6316	33
1690	4891	5141	66
1691	4904	5388	33
1692	4907	5388	33
1693	4908	5014	25
1694	4908	5115	66
1695	4909	5388	33
1696	4909	5388	33
1697	4921	5019	66
1698	4936	5049	33
1699	4942	6229	33
1700	4945	5874	33
1701	4951	5056	66
1702	4953	5073	66
1703	4968	5128	66
1704	4987	5082	33
1705	4988	5172	66
1706	4989	5099	33
1707	4989	5146	33
1708	5012	5079	33
1709	5014	5094	66
1710	5014	5123	66
1711	5014	5123	66
1712	5016	5076	33
1713	5016	5079	33
1714	5017	5079	33
1715	5031	5115	33
1716	5034	5114	33
1717	5040	5108	66
1718	5050	5111	33
1719	5055	5180	33
1720	5071	5199	66
1721	5071	5199	66
1722	5076	5387	30
1723	5078	5184	66
1724	5088	5340	66
1725	5090	5291	33
1726	5090	5340	66
1727	5098	5166	33
1728	5098	5166	33
1729	5098	5166	33
1730	5098	5172	33
1731	5099	5340	66
1732	5100	5339	66
1733	5100	5339	66
1734	5101	5169	66
1735	5101	5260	66
1736	5103	5340	66
1737	5104	5209	33
1738	5108	5190	50
1739	5116	5294	33
1740	5116	6543	33
1741	5118	5278	66
1742	5119	5340	66
1743	5119	5340	66
1744	5121	5185	33
1745	5127	5391	66
1746	5131	5203	66
1747	5133	5334	66
1748	5133	5334	66
1749	5135	5333	66
1750	5136	5334	66
1751	5136	5334	66
1752	5138	5334	66
1753	5140	5371	33
1754	5146	5334	66
1755	5147	5334	66
1756	5147	5334	66
1757	5148	5334	66
1758	5157	5471	33
1759	5194	5337	66
1760	5195	5263	66
1761	5197	5337	66
1762	5198	5337	66
1763	5201	5337	66
1764	5205	5337	66
1765	5205	5337	66
1766	5209	5337	66
1767	5209	5337	66
1768	5213	5674	33
1769	5219	5337	66
1770	5221	5803	66
1771	5234	5539	30
1772	5236	5307	33
1773	5236	5391	66
1774	5243	5950	66
1775	5251	5311	66
1776	5253	5457	66
1777	5279	5383	66
1778	5281	5352	66
1779	5281	5356	33
1780	5290	5393	33
1781	5297	5590	33
1782	5297	5999	66
1783	5300	5409	33
1784	5300	5410	33
1785	5303	5390	33
1786	5304	6379	33
1787	5305	6426	33
1788	5305	6485	33
1789	5306	5401	33
1790	5310	5426	33
1791	5313	5405	33
1792	5313	5412	33
1793	5313	6410	66
1794	5315	5438	66
1795	5316	5435	33
1796	5317	5434	33
1797	5317	5449	33
1798	5344	5415	33
1799	5344	5426	33
1800	5356	5428	66
1801	5356	5428	66
1802	5371	5438	66
1803	5375	5546	66
1804	5378	5449	66
1805	5382	5473	33
1806	5401	5523	33
1807	5407	5505	66
1808	5417	5646	66
1809	5440	6288	30
1810	5440	6302	66
1811	5444	6696	33
1812	5447	5584	33
1813	5447	5910	33
1814	5447	6646	33
1815	5447	6845	33
1816	5450	5548	66
1817	5452	5574	33
1818	5471	5566	33
1819	5477	5559	66
1820	5487	6257	33
1821	5487	6257	33
1822	5514	6550	33
1823	5515	6845	33
1824	5516	5584	33
1825	5516	5596	33
1826	5516	5735	33
1827	5516	5735	33
1828	5516	5735	33
1829	5516	5763	33
1830	5516	5767	33
1831	5516	5886	33
1832	5516	5941	33
1833	5516	6197	33
1834	5516	6437	33
1835	5516	6922	33
1836	5516	6922	33
1837	5520	6670	33
1838	5520	6671	33
1839	5520	6956	33
1840	5520	6956	33
1841	5520	6956	33
1842	5520	6956	33
1843	5520	6956	33
1844	5520	6956	33
1845	5520	6956	33
1846	5520	6956	33
1847	5520	6956	33
1848	5520	6956	33
1849	5520	6956	33
1850	5520	6957	33
1851	5520	6957	33
1852	5520	6957	33
1853	5520	6957	33
1854	5526	6957	33
1855	5526	6957	33
1856	5538	5698	66
1857	5551	5694	66
1858	5552	5802	33
1859	5552	5802	33
1860	5553	5705	33
1861	5553	5802	33
1862	5553	5802	33
1863	5553	5802	33
1864	5553	5802	33
1865	5553	5802	33
1866	5554	5802	33
1867	5554	5802	33
1868	5554	5802	33
1869	5554	5802	33
1870	5554	5802	33
1871	5554	5802	33
1872	5554	5802	33
1873	5554	5802	33
1874	5554	5802	33
1875	5554	5802	33
1876	5554	5802	33
1877	5554	5802	33
1878	5554	5802	33
1879	5554	5802	33
1880	5554	5802	33
1881	5555	5802	33
1882	5555	5802	33
1883	5555	5804	33
1884	5555	5804	33
1885	5556	5802	33
1886	5557	5756	66
1887	5558	5802	33
1888	5558	5802	33
1889	5558	5802	33
1890	5558	5802	33
1891	5558	5802	33
1892	5558	5802	33
1893	5558	5802	33
1894	5558	5802	33
1895	5558	5802	33
1896	5558	5804	33
1897	5559	5802	33
1898	5559	5802	33
1899	5559	5802	33
1900	5559	5802	33
1901	5559	5802	33
1902	5559	5802	33
1903	5559	5802	33
1904	5559	5804	33
1905	5559	5804	33
1906	5559	5804	33
1907	5559	5805	33
1908	5562	5802	33
1909	5563	5802	33
1910	5563	5802	33
1911	5563	5802	33
1912	5563	5802	33
1913	5563	5802	33
1914	5566	5802	33
1915	5566	5802	33
1916	5574	5649	66
1917	5578	5711	66
1918	5579	5711	66
1919	5579	5711	66
1920	5579	5711	66
1921	5581	5802	33
1922	5583	5802	33
1923	5584	5719	33
1924	5584	5802	33
1925	5587	5711	66
1926	5587	5711	66
1927	5590	5802	33
1928	5590	5802	33
1929	5592	5711	66
1930	5593	5801	66
1931	5594	5801	66
1932	5594	5801	66
1933	5594	5801	66
1934	5595	5801	66
1935	5604	7027	33
1936	5607	7027	33
1937	5608	5684	33
1938	5612	5711	66
1939	5612	5711	66
1940	5612	5802	33
1941	5613	5802	33
1942	5616	5801	66
1943	5616	5801	66
1944	5656	6206	33
1945	5684	5802	33
1946	5685	5764	33
1947	5685	5802	33
1948	5712	5824	33
1949	5714	5802	33
1950	5714	5802	33
1951	5731	5864	33
1952	5731	6475	66
1953	5734	6046	30
1954	5734	6475	66
1955	5735	5853	66
1956	5736	6476	66
1957	5743	6476	66
1958	5744	6475	66
1959	5744	6475	66
1960	5750	6476	66
1961	5761	5834	33
1962	5761	5849	33
1963	5763	5823	33
1964	5763	5869	33
1965	5776	5864	66
1966	5776	6946	33
1967	5777	5910	66
1968	5777	5937	66
1969	5777	6476	66
1970	5777	6476	66
1971	5788	6084	33
1972	5788	6095	33
1973	5824	5928	33
1974	5827	5912	66
1975	5836	5914	66
1976	5838	6058	66
1977	5856	6736	30
1978	5867	5928	66
1979	5868	6586	66
1980	5870	6156	33
1981	5870	6218	66
1982	5875	5984	33
1983	5876	5954	33
1984	5876	5995	33
1985	5876	6002	33
1986	5881	6210	33
1987	5881	6210	33
1988	5882	6210	33
1989	5882	7142	66
1990	5886	6279	66
1991	5886	6279	66
1992	5886	6279	66
1993	5895	6131	33
1994	5895	6474	33
1995	5895	7175	33
1996	5896	7174	33
1997	5896	7175	33
1998	5896	7332	33
1999	5897	5983	33
2000	5897	5994	33
2001	5897	6922	33
2002	5897	6961	33
2003	5897	7175	33
2004	5899	6280	66
2005	5899	6280	66
2006	5900	6279	66
2007	5901	5973	66
2008	5901	7117	33
2009	5901	7174	33
2010	5909	5979	33
2011	5909	6322	33
2012	5911	6248	33
2013	5911	6278	66
2014	5911	6278	66
2015	5911	6278	66
2016	5911	6278	66
2017	5914	6279	66
2018	5918	5988	50
2019	5919	6278	66
2020	5925	6278	66
2021	5930	6278	66
2022	5930	6278	66
2023	5931	6689	33
2024	5932	6278	66
2025	5933	6279	66
2026	5935	6280	66
2027	5941	6031	66
2028	5941	6075	33
2029	5956	6019	66
2030	5968	6271	30
2031	6001	6438	25
2032	6002	6131	33
2033	6006	6505	25
2034	6009	6080	66
2035	6011	6129	25
2036	6013	6327	66
2037	6016	7386	66
2038	6018	6586	66
2039	6039	6345	30
2040	6059	6279	66
2041	6067	6216	66
2042	6077	6297	66
2043	6084	6150	66
2044	6091	6154	66
2045	6091	6469	66
2046	6098	6182	50
2047	6108	6381	66
2048	6111	6190	33
2049	6119	6206	66
2050	6121	6293	25
2051	6121	6469	66
2052	6125	6200	33
2053	6125	6235	33
2054	6129	6304	66
2055	6129	6413	66
2056	6130	6204	33
2057	6152	6232	66
2058	6153	6232	66
2059	6166	6299	66
2060	6168	6269	66
2061	6174	6253	33
2062	6174	6263	33
2063	6174	6403	33
2064	6210	6626	30
2065	6216	6281	66
2066	6226	6377	33
2067	6232	6294	33
2068	6232	6320	33
2069	6234	6737	33
2070	6246	6383	33
2071	6246	6383	33
2072	6248	6349	66
2073	6249	6338	33
2074	6249	6398	33
2075	6250	6326	33
2076	6256	6379	33
2077	6256	6379	33
2078	6266	6376	33
2079	6266	6396	33
2080	6270	6345	66
2081	6271	6404	33
2082	6291	7072	33
2083	6301	6378	66
2084	6302	6461	66
2085	6316	6413	33
2086	6316	6490	66
2087	6317	6438	25
2088	6330	6836	33
2089	6331	6857	33
2090	6333	6393	33
2091	6336	6543	33
2092	6336	6647	30
2093	6336	7151	33
2094	6344	7095	33
2095	6347	6445	50
2096	6351	6484	33
2097	6351	6557	33
2098	6352	7791	33
2099	6352	7791	33
2100	6353	6845	33
2101	6353	7791	33
2102	6353	7791	33
2103	6353	7791	33
2104	6353	7791	33
2105	6353	7791	33
2106	6361	6511	33
2107	6363	7276	50
2108	6365	7038	66
2109	6367	7336	33
2110	6368	6444	33
2111	6376	6445	66
2112	6376	6598	66
2113	6379	6814	33
2114	6386	6744	33
2115	6387	6749	33
2116	6387	6749	33
2117	6390	6749	33
2118	6396	6458	33
2119	6398	6739	33
2120	6402	6649	66
2121	6406	7236	33
2122	6406	7304	33
2123	6408	6495	66
2124	6412	7380	33
2125	6413	6634	33
2126	6424	6587	30
2127	6424	7745	66
2128	6427	6671	66
2129	6437	6500	25
2130	6437	6696	33
2131	6441	6922	33
2132	6442	6924	33
2133	6442	6924	33
2134	6442	6924	33
2135	6442	6924	33
2136	6442	7088	33
2137	6442	7193	33
2138	6443	6505	33
2139	6443	6922	33
2140	6443	6922	33
2141	6443	6924	33
2142	6443	7882	33
2143	6443	7882	33
2144	6443	7882	33
2145	6443	7882	33
2146	6443	7882	33
2147	6443	7882	33
2148	6443	7882	33
2149	6444	6510	33
2150	6444	6751	33
2151	6445	6552	33
2152	6446	7882	33
2153	6446	7882	33
2154	6446	7882	33
2155	6446	7882	33
2156	6446	7882	33
2157	6446	7882	33
2158	6446	7884	33
2159	6447	7882	33
2160	6448	6531	33
2161	6448	6562	33
2162	6450	6528	33
2163	6476	6918	33
2164	6476	6918	33
2165	6477	6923	33
2166	6479	6932	33
2167	6480	7221	25
2168	6481	6924	33
2169	6481	7088	33
2170	6481	7295	33
2171	6483	6796	30
2172	6485	6562	33
2173	6485	6867	33
2174	6485	6922	33
2175	6485	6948	33
2176	6491	6634	66
2177	6491	6634	66
2178	6491	6634	66
2179	6492	6634	66
2180	6492	6634	66
2181	6494	6634	66
2182	6495	6634	66
2183	6498	6632	30
2184	6511	6597	66
2185	6511	6673	66
2186	6511	7262	30
2187	6521	6634	66
2188	6523	6616	66
2189	6532	6852	33
2190	6537	7040	30
2191	6539	6634	66
2192	6539	7200	33
2193	6540	7380	66
2194	6540	7380	66
2195	6541	6639	66
2196	6543	7084	66
2197	6543	7145	66
2198	6544	6614	66
2199	6544	6614	66
2200	6545	7261	33
2201	6548	7060	33
2202	6549	6856	30
2203	6556	6700	66
2204	6560	6716	33
2205	6567	6719	66
2206	6577	7097	33
2207	6585	6670	50
2208	6601	6769	66
2209	6601	7484	66
2210	6602	6797	33
2211	6610	6795	33
2212	6619	6967	66
2213	6619	6967	66
2214	6624	6717	66
2215	6631	7094	33
2216	6642	6952	30
2217	6653	6967	66
2218	6653	6967	66
2219	6653	6967	66
2220	6653	6967	66
2221	6653	7629	33
2222	6662	7263	66
2223	6663	7237	33
2224	6666	6968	66
2225	6666	6968	66
2226	6667	6761	66
2227	6667	6762	66
2228	6668	6967	66
2229	6668	6968	66
2230	6679	6982	66
2231	6693	6982	66
2232	6697	6983	66
2233	6697	6983	66
2234	6711	6802	33
2235	6711	6803	33
2236	6711	6906	33
2237	6712	6968	33
2238	6721	7261	33
2239	6721	7280	66
2240	6722	6897	66
2241	6726	6965	66
2242	6726	7280	66
2243	6727	6824	66
2244	6728	6795	33
2245	6728	6965	66
2246	6728	6965	66
2247	6731	6965	66
2248	6731	7703	66
2249	6734	6985	66
2250	6735	6812	50
2251	6740	6821	66
2252	6740	6983	66
2253	6741	6901	33
2254	6741	6965	66
2255	6743	6841	33
2256	6743	6857	33
2257	6743	6857	33
2258	6743	7177	33
2259	6744	6964	66
2260	6749	6857	33
2261	6749	6895	33
2262	6749	6905	33
2263	6751	7022	66
2264	6752	6859	25
2265	6753	7687	66
2266	6755	6965	66
2267	6755	6965	66
2268	6755	6965	66
2269	6758	6828	50
2270	6761	6857	33
2271	6761	7174	33
2272	6763	6827	33
2273	6765	6920	66
2274	6765	6985	66
2275	6766	6985	66
2276	6767	6986	66
2277	6768	7047	33
2278	6781	6985	66
2279	6781	6985	66
2280	6782	6963	33
2281	6782	6985	66
2282	6782	6986	66
2283	6793	7155	33
2284	6800	6944	33
2285	6832	6930	33
2286	6836	6911	33
2287	6841	6931	66
2288	6845	7003	66
2289	6847	7018	33
2290	6848	7766	66
2291	6851	6940	66
2292	6853	6932	66
2293	6859	6951	66
2294	6859	6992	33
2295	6868	7171	30
2296	6877	6985	33
2297	6878	7174	66
2298	6879	7008	66
2299	6887	6951	33
2300	6887	6961	33
2301	6887	6983	33
2302	6889	6951	33
2303	6889	6961	33
2304	6889	6973	33
2305	6889	7012	33
2306	6889	7025	33
2307	6906	7043	66
2308	6911	7004	33
2309	6916	6982	66
2310	6916	6995	66
2311	6917	7093	66
2312	6918	6983	33
2313	6918	6983	33
2314	6918	6983	33
2315	6918	6994	33
2316	6918	7012	33
2317	6919	6982	66
2318	6920	6982	66
2319	6920	7352	33
2320	6921	7011	33
2321	6921	7013	33
2322	6922	7016	33
2323	6922	7016	33
2324	6922	7016	33
2325	6922	7017	33
2326	6922	7406	33
2327	6923	7004	33
2328	6923	7012	33
2329	6923	7013	33
2330	6923	7016	33
2331	6924	7014	33
2332	6931	7054	66
2333	6956	7075	66
2334	6957	7028	50
2335	6958	7048	33
2336	6960	7153	66
2337	6969	7054	33
2338	6970	7081	33
2339	6976	7064	33
2340	6989	7555	66
2341	6991	7120	33
2342	7000	7065	33
2343	7018	7333	66
2344	7036	7096	50
2345	7036	7134	66
2346	7041	7138	33
2347	7057	7221	30
2348	7057	7376	30
2349	7085	7168	33
2350	7085	7177	33
2351	7085	7178	33
2352	7085	7220	33
2353	7087	7174	33
2354	7087	7179	33
2355	7087	7179	33
2356	7087	7179	33
2357	7087	7200	33
2358	7087	7200	33
2359	7087	7200	33
2360	7088	7177	33
2361	7088	7177	33
2362	7088	7200	33
2363	7089	7177	33
2364	7089	7218	66
2365	7091	7209	33
2366	7098	7252	33
2367	7111	7250	33
2368	7111	7346	33
2369	7114	7352	33
2370	7118	7189	50
2371	7138	7473	33
2372	7142	7568	66
2373	7149	7302	33
2374	7156	7269	25
2375	7159	7233	33
2376	7159	7342	33
2377	7159	7346	33
2378	7159	7349	33
2379	7159	7349	33
2380	7160	7233	33
2381	7165	7229	33
2382	7165	7239	33
2383	7165	7342	33
2384	7166	7239	33
2385	7177	7255	33
2386	7186	7288	50
2387	7195	7306	66
2388	7195	7306	66
2389	7195	7328	66
2390	7209	7325	66
2391	7211	7291	33
2392	7217	7350	25
2393	7233	7338	33
2394	7241	7327	33
2395	7258	7349	33
2396	7259	7324	33
2397	7259	7328	33
2398	7259	7338	33
2399	7260	7324	33
2400	7260	7342	33
2401	7261	7364	66
2402	7266	7327	33
2403	7266	7349	66
2404	7270	7442	25
2405	7272	7345	33
2406	7277	7361	66
2407	7282	7377	66
2408	7285	7401	50
2409	7309	7578	33
2410	7311	7636	66
2411	7321	7551	33
2412	7321	7552	66
2413	7326	7391	33
2414	7336	7455	33
2415	7338	7405	66
2416	7341	7436	66
2417	7346	7406	25
2418	7357	7534	33
2419	7358	7428	50
2420	7358	7455	66
2421	7358	7455	66
2422	7362	7500	33
2423	7362	7512	33
2424	7367	7491	33
2425	7367	7505	33
2426	7367	7505	33
2427	7367	7553	33
2428	7368	7500	33
2429	7368	7509	33
2430	7368	7668	30
2431	7372	7515	33
2432	7375	7491	33
2433	7375	7496	33
2434	7375	7512	33
2435	7375	7512	33
2436	7376	7512	33
2437	7376	7551	66
2438	7376	7551	66
2439	7385	7595	66
2440	7391	7559	33
2441	7392	7494	33
2442	7393	7467	66
2443	7393	7492	66
2444	7395	7541	33
2445	7397	7551	66
2446	7419	7500	33
2447	7421	7516	33
2448	7426	7509	66
2449	7436	7842	66
2450	7437	7595	66
2451	7446	7540	25
2452	7480	7924	33
2453	7500	7635	33
2454	7501	7604	33
2455	7506	7592	66
2456	7511	7695	33
2457	7515	7599	66
2458	7535	7827	66
2459	7540	7846	30
2460	7541	7613	33
2461	7551	7630	33
2462	7561	7632	33
2463	7562	7868	66
2464	7593	8059	25
2465	7608	7706	66
2466	7608	7706	66
2467	7610	7757	33
2468	7636	7856	30
2469	7640	7873	33
2470	7648	7945	33
2471	7651	7972	66
2472	7655	8201	66
2473	7660	8269	33
2474	7681	7742	66
2475	7687	7794	25
2476	7689	7809	33
2477	7689	7897	33
2478	7692	7792	33
2479	7692	7897	33
2480	7693	7758	33
2481	7693	7770	33
2482	7693	7770	33
2483	7693	7908	33
2484	7694	7781	33
2485	7696	7756	25
2486	7696	7880	25
2487	7708	7794	66
2488	7711	7786	33
2489	7732	7792	66
2490	7736	7834	33
2491	7739	7858	33
2492	7741	7829	33
2493	7746	7847	66
2494	7747	7813	33
2495	7748	7815	33
2496	7748	7852	33
2497	7752	7818	33
2498	7774	8317	30
2499	7781	7883	33
2500	7785	7940	33
2501	7794	7872	25
2502	7799	7910	66
2503	7801	7886	66
2504	7801	7903	66
2505	7806	9232	33
2506	7808	7912	33
2507	7811	7902	33
2508	7811	8487	33
2509	7812	7886	66
2510	7816	7889	66
2511	7816	8218	33
2512	7821	7898	33
2513	7831	7892	33
2514	7832	8187	33
2515	7847	7932	33
2516	7856	7925	66
2517	7861	8060	66
2518	7862	7970	66
2519	7863	9126	66
2520	7871	7970	33
2521	7901	8184	33
2522	7902	7978	33
2523	7921	8035	66
2524	7921	8385	66
2525	7921	8386	66
2526	7922	8194	33
2527	7931	8282	25
2528	7932	8000	33
2529	7932	8008	33
2530	7932	8747	33
2531	7937	8082	66
2532	7938	8082	66
2533	7953	8019	66
2534	7958	8028	50
2535	7959	8309	33
2536	7959	8472	33
2537	7965	8703	33
2538	7969	8582	33
2539	7971	8066	33
2540	7974	8046	33
2541	7974	9389	33
2542	7983	8191	33
2543	7984	8525	66
2544	7988	8115	33
2545	7989	9199	33
2546	7991	8233	33
2547	7992	8539	33
2548	7993	8389	33
2549	8003	8311	30
2550	8014	8092	33
2551	8014	8092	33
2552	8014	8103	33
2553	8040	8206	33
2554	8041	8117	66
2555	8046	8356	30
2556	8052	8389	33
2557	8057	8146	66
2558	8064	8371	30
2559	8070	8154	33
2560	8071	8147	66
2561	8078	8147	50
2562	8104	8206	33
2563	8106	8244	66
2564	8106	8244	66
2565	8106	8527	33
2566	8116	8306	66
2567	8120	8188	33
2568	8120	8188	33
2569	8120	8193	33
2570	8120	8193	33
2571	8120	8194	33
2572	8120	8207	33
2573	8121	8192	33
2574	8121	8192	33
2575	8121	8192	33
2576	8121	8192	33
2577	8121	8192	33
2578	8121	8192	33
2579	8121	8192	33
2580	8121	8192	33
2581	8121	8193	33
2582	8121	8193	33
2583	8121	8193	33
2584	8121	8194	33
2585	8121	8195	33
2586	8122	8192	33
2587	8123	8763	33
2588	8131	8214	33
2589	8131	8427	66
2590	8159	8320	66
2591	8161	8228	33
2592	8161	8229	66
2593	8161	8342	66
2594	8161	8427	66
2595	8166	8229	33
2596	8167	8250	33
2597	8167	8455	66
2598	8173	8294	66
2599	8182	8265	66
2600	8189	8380	66
2601	8204	9201	66
2602	8205	8330	33
2603	8206	8272	33
2604	8210	8272	33
2605	8210	8280	33
2606	8210	8280	33
2607	8219	8424	66
2608	8219	9556	66
2609	8224	8399	33
2610	8226	8307	33
2611	8226	8338	50
2612	8230	8291	33
2613	8233	8327	33
2614	8236	8338	50
2615	8236	8354	50
2616	8236	9402	33
2617	8237	8376	33
2618	8240	8306	66
2619	8240	8351	33
2620	8243	8400	66
2621	8244	8335	33
2622	8255	8326	25
2623	8259	8681	66
2624	8264	8381	66
2625	8267	8547	33
2626	8270	8338	33
2627	8273	8353	33
2628	8275	8702	66
2629	8281	8364	33
2630	8285	8366	33
2631	8285	8373	66
2632	8286	8351	33
2633	8286	8355	33
2634	8286	8356	33
2635	8286	8356	33
2636	8286	8356	33
2637	8286	8357	33
2638	8287	8358	33
2639	8289	8353	33
2640	8316	8686	25
2641	8326	8648	50
2642	8327	8681	66
2643	8335	8401	25
2644	8335	8405	25
2645	8335	8746	66
2646	8341	8424	66
2647	8345	8429	33
2648	8350	8426	33
2649	8350	8656	30
2650	8354	8437	33
2651	8359	8431	33
2652	8359	8431	33
2653	8375	8509	66
2654	8405	8501	66
2655	8419	8481	33
2656	8427	8494	33
2657	8427	8495	33
2658	8427	8496	33
2659	8427	8496	33
2660	8427	8499	33
2661	8427	8499	33
2662	8428	8495	33
2663	8428	8496	33
2664	8428	8497	33
2665	8428	8499	33
2666	8428	8499	33
2667	8428	8499	33
2668	8428	8501	33
2669	8428	8504	33
2670	8430	8502	66
2671	8432	8983	66
2672	8446	8623	33
2673	8454	8514	66
2674	8454	8552	66
2675	8454	8560	66
2676	8454	8567	66
2677	8454	8638	66
2678	8493	8569	66
2679	8496	8574	66
2680	8496	8597	50
2681	8498	8568	50
2682	8501	9394	66
2683	8504	8985	33
2684	8516	8750	33
2685	8516	8944	33
2686	8516	8944	33
2687	8516	8948	33
2688	8516	8952	33
2689	8516	8952	33
2690	8516	8963	33
2691	8517	8769	33
2692	8517	8975	33
2693	8521	8588	33
2694	8521	8624	66
2695	8521	8769	33
2696	8521	8948	33
2697	8521	8952	33
2698	8522	9544	33
2699	8527	8952	33
2700	8528	8952	33
2701	8528	8958	33
2702	8551	8696	66
2703	8573	8634	66
2704	8574	8634	50
2705	8574	8634	66
2706	8576	9064	33
2707	8581	8692	66
2708	8601	8686	33
2709	8602	8911	30
2710	8611	9535	33
2711	8618	8686	50
2712	8627	8762	66
2713	8630	8824	66
2714	8630	8824	66
2715	8641	8761	66
2716	8642	8760	66
2717	8644	8705	33
2718	8646	8940	66
2719	8651	8743	33
2720	8671	8731	66
2721	8673	9661	33
2722	8673	9661	33
2723	8678	8748	50
2724	8683	9351	33
2725	8684	9351	33
2726	8687	8763	33
2727	8688	8773	66
2728	8697	8827	33
2729	8701	8798	66
2730	8706	8794	66
2731	8714	8779	33
2732	8721	10144	33
2733	8747	9147	66
2734	8756	8860	33
2735	8756	8970	33
2736	8757	8830	33
2737	8767	8836	33
2738	8773	8874	50
2739	8773	8874	50
2740	8773	8874	50
2741	8776	8959	66
2742	8779	9174	33
2743	8779	9203	33
2744	8791	8890	50
2745	8793	8895	66
2746	8794	8865	66
2747	8816	9054	50
2748	8832	8896	66
2749	8838	8927	66
2750	8849	8920	66
2751	8851	8965	66
2752	8852	10114	33
2753	8857	9521	33
2754	8874	8942	66
2755	8879	9180	30
2756	8881	9039	66
2757	8881	9365	25
2758	8882	10319	33
2759	8890	9020	33
2760	8892	8952	66
2761	8895	8955	33
2762	8956	9032	66
2763	8971	9109	66
2764	8974	9056	66
2765	8978	9054	50
2766	8978	9054	50
2767	9000	9098	33
2768	9001	9109	66
2769	9016	9431	66
2770	9028	9198	33
2771	9028	9200	33
2772	9043	9183	66
2773	9045	9114	33
2774	9054	9119	33
2775	9054	9120	33
2776	9056	9300	33
2777	9061	9166	33
2778	9061	9260	66
2779	9061	9293	33
2780	9061	9312	33
2781	9064	9224	66
2782	9066	9135	25
2783	9071	9188	33
2784	9071	9246	66
2785	9075	9135	25
2786	9075	9141	66
2787	9093	9186	33
2788	9113	9215	50
2789	9129	9438	30
2790	9135	9203	66
2791	9135	9341	66
2792	9135	9504	25
2793	9157	10040	33
2794	9163	9235	33
2795	9207	9281	66
2796	9207	10411	33
2797	9218	9352	66
2798	9218	9396	66
2799	9219	9294	66
2800	9221	9288	33
2801	9221	9554	33
2802	9221	9554	33
2803	9222	9558	33
2804	9222	9560	33
2805	9222	9560	33
2806	9224	9325	33
2807	9228	9408	33
2808	9230	9401	33
2809	9235	9332	66
2810	9241	9332	33
2811	9246	9920	33
2812	9251	9323	33
2813	9256	9920	33
2814	9256	9926	33
2815	9258	9401	33
2816	9269	9620	33
2817	9269	10128	33
2818	9269	10139	33
2819	9278	9669	33
2820	9287	9362	66
2821	9291	9376	33
2822	9295	9355	50
2823	9295	9380	33
2824	9295	9453	33
2825	9301	9378	66
2826	9301	9498	66
2827	9307	9523	25
2828	9313	9383	33
2829	9331	10290	66
2830	9335	9495	66
2831	9342	9957	25
2832	9352	10261	30
2833	9361	9810	66
2834	9361	9810	66
2835	9361	9812	66
2836	9373	9503	33
2837	9373	9976	33
2838	9377	9502	50
2839	9391	9460	66
2840	9391	9711	66
2841	9391	10142	30
2842	9393	9512	66
2843	9401	9479	33
2844	9418	9929	30
2845	9421	9532	33
2846	9437	9512	66
2847	9438	10786	33
2848	9439	9526	66
2849	9459	10867	33
2850	9470	9629	33
2851	9470	9674	33
2852	9481	9632	33
2853	9484	9561	33
2854	9487	10424	33
2855	9488	9589	66
2856	9490	9566	66
2857	9511	9606	66
2858	9517	9594	66
2859	9523	9702	33
2860	9536	9826	66
2861	9540	10202	33
2862	9544	9824	66
2863	9545	9801	66
2864	9545	9806	66
2865	9551	10266	33
2866	9552	9764	66
2867	9555	9621	50
2868	9555	10628	33
2869	9556	9639	66
2870	9574	9851	66
2871	9576	9850	66
2872	9577	9650	66
2873	9577	9850	33
2874	9577	9851	66
2875	9584	10701	66
2876	9586	9681	33
2877	9586	9681	33
2878	9592	10810	66
2879	9601	9670	66
2880	9625	9711	33
2881	9625	9711	33
2882	9625	9772	33
2883	9631	10145	66
2884	9632	9729	33
2885	9634	9809	33
2886	9635	9701	66
2887	9636	9967	33
2888	9636	9967	33
2889	9638	9726	50
2890	9638	9727	50
2891	9641	9762	33
2892	9649	9745	66
2893	9654	9790	33
2894	9662	10262	33
2895	9662	10262	33
2896	9663	9755	33
2897	9670	9779	33
2898	9672	9744	33
2899	9672	10843	33
2900	9674	9744	33
2901	9674	9759	33
2902	9674	9759	33
2903	9675	9744	33
2904	9675	9779	33
2905	9675	9790	33
2906	9675	9790	33
2907	9676	9790	33
2908	9676	10204	33
2909	9678	9764	66
2910	9680	9774	66
2911	9685	9776	66
2912	9688	10337	66
2913	9701	11093	33
2914	9706	9766	66
2915	9707	9767	33
2916	9707	10726	66
2917	9709	9836	66
2918	9712	9834	66
2919	9720	9791	33
2920	9733	9828	66
2921	9739	9958	25
2922	9742	9819	33
2923	9758	10159	66
2924	9766	10033	33
2925	9772	9962	66
2926	9772	10670	66
2927	9775	10060	33
2928	9776	9852	33
2929	9785	9867	66
2930	9787	10096	30
2931	9788	9897	66
2932	9788	9967	33
2933	9805	9875	33
2934	9814	9921	66
2935	9816	9896	33
2936	9816	10363	33
2937	9825	10088	66
2938	9831	9900	33
2939	9840	9910	66
2940	9841	10076	66
2941	9845	10076	66
2942	9849	9936	33
2943	9851	9978	33
2944	9851	10027	66
2945	9856	9938	66
2946	9856	9940	66
2947	9857	9956	33
2948	9857	9963	33
2949	9866	9955	33
2950	9901	9991	33
2951	9901	10005	66
2952	9901	10718	66
2953	9904	10005	66
2954	9904	10718	66
2955	9913	10088	66
2956	9916	9990	25
2957	9921	10014	25
2958	9931	10005	66
2959	9931	10450	33
2960	9934	10035	66
2961	9934	10037	66
2962	9935	10034	66
2963	9935	10036	66
2964	9936	9999	66
2965	9941	10037	66
2966	9953	10103	66
2967	9953	10105	66
2968	9960	10328	33
2969	9961	10055	66
2970	9964	10203	33
2971	9976	10112	66
2972	9977	10069	66
2973	9977	10242	33
2974	9977	10311	33
2975	9977	10324	33
2976	9978	10048	33
2977	9978	10259	33
2978	9978	10301	33
2979	9979	10253	33
2980	9979	10328	33
2981	9980	10045	66
2982	9991	10162	66
2983	9994	10088	33
2984	10009	10135	25
2985	10017	10156	66
2986	10021	10107	33
2987	10037	10311	33
2988	10040	10242	33
2989	10040	10280	33
2990	10050	10143	66
2991	10052	10152	33
2992	10058	10128	50
2993	10061	10195	33
2994	10079	10527	66
2995	10081	10144	66
2996	10088	10374	66
2997	10093	10173	33
2998	10094	10346	66
2999	10095	10359	66
3000	10098	10283	66
3001	10104	10188	33
3002	10129	10191	33
3003	10131	10283	66
3004	10132	10405	33
3005	10135	10195	33
3006	10137	10213	33
3007	10137	10235	66
3008	10137	10245	66
3009	10137	10315	33
3010	10137	10315	33
3011	10137	10321	33
3012	10152	10940	25
3013	10152	10940	25
3014	10156	10232	66
3015	10157	10273	25
3016	10179	10246	66
3017	10195	10312	66
3018	10201	10276	25
3019	10201	10304	66
3020	10201	10459	33
3021	10201	10667	33
3022	10208	10667	33
3023	10212	10329	66
3024	10224	10315	33
3025	10231	10307	66
3026	10237	10546	30
3027	10244	10938	33
3028	10255	10327	33
3029	10257	10370	66
3030	10257	10465	66
3031	10261	10409	33
3032	10261	10789	66
3033	10267	10354	66
3034	10276	10359	66
3035	10281	10358	33
3036	10284	10345	33
3037	10291	10382	33
3038	10295	10378	33
3039	10295	10380	33
3040	10295	10382	33
3041	10295	10387	33
3042	10299	10497	33
3043	10301	10373	66
3044	10301	10376	33
3045	10309	10374	33
3046	10315	11012	66
3047	10321	10420	66
3048	10322	10436	33
3049	10322	10707	66
3050	10324	10453	66
3051	10325	10419	66
3052	10330	10410	33
3053	10333	10397	33
3054	10333	10397	33
3055	10336	10438	33
3056	10337	10409	66
3057	10351	10435	66
3058	10353	10414	33
3059	10353	10414	33
3060	10353	10424	33
3061	10355	10438	66
3062	10365	10943	25
3063	10368	10445	33
3064	10368	10453	33
3065	10369	10444	33
3066	10372	10452	33
3067	10374	10528	66
3068	10380	10488	66
3069	10391	10478	33
3070	10403	10661	66
3071	10408	10889	33
3072	10413	11262	33
3073	10415	10478	66
3074	10423	10576	33
3075	10441	10550	33
3076	10442	10550	33
3077	10451	10546	33
3078	10451	10546	33
3079	10460	10564	33
3080	10465	10545	33
3081	10473	10547	25
3082	10475	10786	30
3083	10497	10560	66
3084	10502	10576	33
3085	10511	11575	33
3086	10551	10997	25
3087	10554	11065	33
3088	10562	10640	33
3089	10562	10641	33
3090	10562	10662	33
3091	10562	10693	33
3092	10563	10662	33
3093	10563	10703	33
3094	10566	10628	33
3095	10566	10651	33
3096	10566	10651	33
3097	10566	10663	33
3098	10566	10683	33
3099	10567	10665	33
3100	10567	10672	33
3101	10567	10672	33
3102	10568	10638	33
3103	10574	10655	33
3104	10576	10698	66
3105	10578	10648	33
3106	10578	10655	33
3107	10578	10662	33
3108	10578	10662	33
3109	10578	10689	33
3110	10579	10669	33
3111	10583	10651	30
3112	10601	11305	33
3113	10623	10748	66
3114	10625	10748	66
3115	10626	10744	33
3116	10629	10732	66
3117	10651	10722	33
3118	10682	11023	33
3119	10685	11659	33
3120	10688	11468	33
3121	10688	11654	33
3122	10688	11672	33
3123	10689	10776	33
3124	10696	10776	66
3125	10696	10935	50
3126	10699	11010	30
3127	10706	12082	33
3128	10708	10825	25
3129	10714	10815	33
3130	10718	10788	50
3131	10737	11772	33
3132	10741	10932	66
3133	10743	10827	33
3134	10743	11825	33
3135	10756	10838	66
3136	10772	10852	33
3137	10773	10841	33
3138	10773	10866	33
3139	10773	10866	33
3140	10774	10869	33
3141	10777	10852	33
3142	10777	10856	33
3143	10779	10884	66
3144	10779	10885	66
3145	10782	10967	66
3146	10783	10854	33
3147	10787	10848	33
3148	10787	10852	33
3149	10787	10852	33
3150	10787	10859	33
3151	10787	10859	33
3152	10787	10862	33
3153	10788	10862	33
3154	10789	10852	33
3155	10789	10852	33
3156	10789	10852	33
3157	10789	10859	33
3158	10790	10861	33
3159	10790	10901	66
3160	10791	10975	66
3161	10793	10880	25
3162	10801	11199	66
3163	10801	11199	66
3164	10801	11616	33
3165	10804	10958	66
3166	10816	10877	33
3167	10825	10905	33
3168	10834	11095	25
3169	10841	10948	33
3170	10855	11526	33
3171	10862	10969	66
3172	10864	11345	66
3173	10865	11255	25
3174	10866	11003	66
3175	10869	10984	33
3176	10871	11389	33
3177	10874	11535	33
3178	10884	11191	30
3179	10890	11060	66
3180	10895	11498	33
3181	10899	11028	33
3182	10900	10978	33
3183	10901	11087	40
3184	10926	11387	33
3185	10930	11197	66
3186	10951	11021	33
3187	10958	11144	33
3188	10960	11055	33
3189	10961	11036	33
3190	10964	11065	50
3191	10968	11676	33
3192	10971	11065	66
3193	10986	11168	66
3194	10987	11062	33
3195	10988	11065	66
3196	10988	11711	33
3197	10996	11098	25
3198	10997	11127	25
3199	11017	11101	33
3200	11017	11133	33
3201	11030	11213	66
3202	11034	11101	33
3203	11034	11113	33
3204	11034	11133	33
3205	11034	11133	33
3206	11035	11124	33
3207	11037	11346	30
3208	11038	11101	33
3209	11038	11133	33
3210	11038	11133	33
3211	11038	11133	33
3212	11038	11133	33
3213	11038	11133	33
3214	11038	11133	33
3215	11039	11101	33
3216	11039	11133	33
3217	11039	11133	33
3218	11041	11156	66
3219	11041	11192	66
3220	11043	11114	33
3221	11057	11127	66
3222	11057	11207	30
3223	11061	11408	66
3224	11061	11639	66
3225	11069	11410	66
3226	11070	11646	33
3227	11073	11356	66
3228	11074	12044	66
3229	11076	11209	66
3230	11079	11512	66
3231	11081	11183	66
3232	11087	11253	33
3233	11087	11631	33
3234	11087	11646	33
3235	11118	11230	66
3236	11121	11262	30
3237	11127	11192	33
3238	11127	11203	66
3239	11127	11207	66
3240	11127	11332	50
3241	11136	11342	33
3242	11137	11235	33
3243	11142	11266	33
3244	11161	11526	33
3245	11169	11384	66
3246	11171	11251	33
3247	11173	11252	66
3248	11174	11245	66
3249	11176	11366	66
3250	11177	11315	66
3251	11181	11254	33
3252	11181	11376	33
3253	11181	11896	33
3254	11182	11243	33
3255	11182	11266	33
3256	11182	11327	33
3257	11182	11366	33
3258	11183	11266	33
3259	11183	11271	33
3260	11183	11359	33
3261	11183	11366	33
3262	11184	11309	33
3263	11184	11348	33
3264	11190	11264	66
3265	11193	11409	66
3266	11198	11686	33
3267	11205	11387	66
3268	11206	11292	33
3269	11215	11305	33
3270	11223	11289	66
3271	11225	11356	40
3272	11245	11330	33
3273	11252	11352	25
3274	11254	11668	33
3275	11266	11487	25
3276	11267	12210	66
3277	11268	11345	33
3278	11276	11376	33
3279	11282	11379	66
3280	11283	11380	33
3281	11302	11394	66
3282	11315	11592	66
3283	11326	11399	66
3284	11340	11940	25
3285	11342	11413	33
3286	11342	11413	33
3287	11346	11446	33
3288	11346	11446	33
3289	11356	11488	66
3290	11357	11515	66
3291	11357	11521	66
3292	11358	11517	66
3293	11385	12382	25
3294	11387	11966	33
3295	11388	11515	66
3296	11388	11884	33
3297	11388	12339	33
3298	11391	11875	33
3299	11391	11890	33
3300	11391	11890	33
3301	11391	12339	33
3302	11391	12339	33
3303	11392	11875	33
3304	11392	11890	33
3305	11392	11896	33
3306	11392	11967	33
3307	11404	11514	66
3308	11404	11857	33
3309	11412	11527	25
3310	11418	11509	33
3311	11420	11514	66
3312	11420	11515	66
3313	11421	11517	66
3314	11461	11534	33
3315	11462	11638	66
3316	11465	11557	50
3317	11466	11585	66
3318	11466	11598	66
3319	11476	12340	33
3320	11477	11875	33
3321	11477	12339	33
3322	11485	11575	33
3323	11491	11590	33
3324	11505	11572	33
3325	11507	11570	33
3326	11507	11864	33
3327	11507	11870	33
3328	11507	11870	33
3329	11507	11876	33
3330	11507	11890	33
3331	11507	12339	33
3332	11507	12341	33
3333	11521	12549	33
3334	11522	11620	66
3335	11522	11867	25
3336	11539	11732	25
3337	11545	11630	33
3338	11551	11611	66
3339	11557	11650	33
3340	11562	11704	33
3341	11576	11982	33
3342	11580	11645	50
3343	11632	11778	33
3344	11635	11788	33
3345	11641	11811	66
3346	11642	11825	50
3347	11646	12091	33
3348	11651	11852	33
3349	11671	11762	50
3350	11671	11774	33
3351	11691	11762	33
3352	11698	11762	33
3353	11700	11804	66
3354	11704	12091	33
3355	11715	11953	25
3356	11716	11837	66
3357	11741	11843	33
3358	11744	12154	33
3359	11761	11829	66
3360	11762	11862	33
3361	11764	12973	33
3362	11764	12973	33
3363	11764	12973	33
3364	11765	11955	25
3365	11773	11845	66
3366	11776	11864	66
3367	11782	12453	30
3368	11795	11903	66
3369	11809	12245	33
3370	11857	11919	66
3371	11859	12963	33
3372	11881	11946	33
3373	11881	11961	50
3374	11883	11989	33
3375	11884	11959	33
3376	11893	11966	66
3377	11910	12024	33
3378	11913	11986	66
3379	11941	12184	66
3380	11943	12114	66
3381	11943	12148	66
3382	11944	12085	66
3383	11945	12007	66
3384	11946	12039	25
3385	11952	12109	66
3386	11965	12945	33
3387	12002	12262	66
3388	12004	12168	33
3389	12006	12124	33
3390	12007	12432	33
3391	12007	12483	30
3392	12009	12080	33
3393	12010	12072	66
3394	12012	12120	33
3395	12051	12217	33
3396	12061	12137	66
3397	12061	12165	66
3398	12061	12172	66
3399	12063	12123	33
3400	12064	12173	33
3401	12064	12173	33
3402	12065	12159	66
3403	12068	13500	33
3404	12076	12136	25
3405	12093	12187	33
3406	12121	12194	33
3407	12123	12191	66
3408	12136	12208	66
3409	12144	12397	66
3410	12144	12864	66
3411	12146	13463	33
3412	12154	12301	33
3413	12156	12323	33
3414	12171	12258	33
3415	12179	12599	33
3416	12181	12285	33
3417	12181	12428	33
3418	12190	12290	66
3419	12210	13145	66
3420	12211	12284	66
3421	12214	12428	66
3422	12220	12322	33
3423	12234	13400	33
3424	12241	12717	66
3425	12241	12738	66
3426	12242	12748	66
3427	12257	12580	25
3428	12266	12328	66
3429	12271	12428	66
3430	12271	12454	33
3431	12278	12348	50
3432	12280	12535	33
3433	12297	12397	66
3434	12297	13665	66
3435	12301	12388	66
3436	12301	12668	66
3437	12302	12388	66
3438	12302	13023	33
3439	12303	12377	66
3440	12305	12395	33
3441	12315	12375	66
3442	12315	12375	33
3443	12316	12391	66
3444	12316	12597	33
3445	12316	12744	33
3446	12324	12422	33
3447	12324	12677	33
3448	12324	12677	33
3449	12325	12670	33
3450	12325	12675	33
3451	12325	12675	33
3452	12325	12675	33
3453	12325	12675	33
3454	12326	12422	33
3455	12326	12675	33
3456	12327	12644	66
3457	12330	12882	33
3458	12338	12468	66
3459	12345	12692	66
3460	12363	12576	66
3461	12365	12837	66
3462	12376	12579	25
3463	12379	12632	33
3464	12386	12470	33
3465	12387	12448	66
3466	12404	12673	66
3467	12411	13321	30
3468	12418	12496	25
3469	12421	12483	66
3470	12421	12518	33
3471	12421	12570	33
3472	12423	13323	33
3473	12425	12537	66
3474	12425	12592	33
3475	12429	12515	33
3476	12429	12519	66
3477	12443	12515	33
3478	12446	12524	33
3479	12451	12753	33
3480	12456	12519	66
3481	12456	12572	66
3482	12456	12633	66
3483	12468	12550	66
3484	12481	12553	33
3485	12483	12613	66
3486	12487	12564	66
3487	12487	12725	66
3488	12487	12839	66
3489	12490	12572	66
3490	12497	12926	66
3491	12500	12562	33
3492	12500	12562	33
3493	12500	12572	33
3494	12500	12582	33
3495	12500	12593	33
3496	12500	12603	33
3497	12500	12603	33
3498	12500	12629	33
3499	12501	12572	33
3500	12501	12614	33
3501	12505	12624	33
3502	12514	12575	66
3503	12522	12657	66
3504	12523	12598	33
3505	12523	12615	66
3506	12529	12593	33
3507	12529	12593	33
3508	12531	12657	33
3509	12538	13020	30
3510	12541	12638	33
3511	12544	12604	50
3512	12545	12662	33
3513	12545	13706	66
3514	12556	12664	66
3515	12556	12736	33
3516	12564	12778	33
3517	12565	12647	66
3518	12567	13740	33
3519	12567	13743	33
3520	12580	12655	33
3521	12580	12655	33
3522	12580	12656	33
3523	12580	12683	33
3524	12580	12769	33
3525	12581	12655	33
3526	12581	12657	33
3527	12582	12769	33
3528	12601	12693	33
3529	12601	12764	66
3530	12601	12921	66
3531	12604	12664	66
3532	12606	12676	25
3533	12606	12801	66
3534	12628	13700	66
3535	12633	12780	66
3536	12644	12705	33
3537	12644	12724	66
3538	12645	13755	66
3539	12648	12838	66
3540	12649	12713	33
3541	12649	12713	33
3542	12649	12718	33
3543	12649	12788	33
3544	12650	12712	33
3545	12650	12712	33
3546	12650	12730	33
3547	12650	12737	33
3548	12650	12743	33
3549	12650	12749	33
3550	12650	12749	33
3551	12650	12859	33
3552	12650	12859	33
3553	12655	13210	50
3554	12657	13734	66
3555	12661	12858	66
3556	12670	12746	66
3557	12682	12994	66
3558	12697	12823	66
3559	12720	12850	33
3560	12729	12831	33
3561	12734	12984	66
3562	12737	13211	66
3563	12738	13695	66
3564	12740	12834	33
3565	12753	12859	33
3566	12754	12847	33
3567	12754	12859	33
3568	12756	12849	33
3569	12756	13105	30
3570	12757	12856	33
3571	12757	13005	33
3572	12758	12819	33
3573	12758	12833	33
3574	12780	12901	33
3575	12781	12848	33
3576	12784	12923	33
3577	12796	12856	66
3578	12796	12900	66
3579	12796	13260	33
3580	12798	12902	33
3581	12811	12904	66
3582	12821	13018	33
3583	12827	12904	66
3584	12841	12904	66
3585	12841	12904	66
3586	12841	12904	66
3587	12841	12933	33
3588	12852	12932	33
3589	12853	12946	33
3590	12858	12975	33
3591	12862	12987	33
3592	12867	12946	33
3593	12867	12956	33
3594	12867	12956	33
3595	12867	12967	33
3596	12867	12977	33
3597	12867	12977	33
3598	12867	13000	33
3599	12867	13000	33
3600	12867	13004	33
3601	12868	12935	33
3602	12868	12956	33
3603	12868	12956	33
3604	12868	12956	33
3605	12868	12956	33
3606	12868	12967	33
3607	12868	12967	33
3608	12868	12987	33
3609	12869	12987	33
3610	12878	12944	66
3611	12881	12989	33
3612	12882	12982	33
3613	12896	13028	66
3614	12899	13003	33
3615	12911	13001	66
3616	12919	12998	33
3617	12919	13005	33
3618	12920	13039	33
3619	12925	13030	50
3620	12931	13001	33
3621	12951	13040	33
3622	12952	13015	66
3623	12983	13060	66
3624	12991	13052	66
3625	12997	13215	33
3626	13009	13230	66
3627	13011	13544	66
3628	13023	13095	40
3629	13023	13134	66
3630	13034	13335	33
3631	13037	13104	66
3632	13038	13143	66
3633	13055	13153	66
3634	13067	13295	33
3635	13076	13143	33
3636	13081	13179	50
3637	13081	13184	50
3638	13084	13203	33
3639	13089	13159	33
3640	13098	13708	33
3641	13118	13223	66
3642	13119	13284	33
3643	13127	13398	33
3644	13132	13901	30
3645	13148	13222	33
3646	13156	13264	66
3647	13162	13277	33
3648	13174	13291	33
3649	13178	13278	66
3650	13200	13698	25
3651	13219	13336	33
3652	13233	13301	33
3653	13233	13301	33
3654	13245	13305	33
3655	13245	13305	33
3656	13245	13309	33
3657	13257	13777	66
3658	13260	13516	33
3659	13261	13356	66
3660	13264	13353	66
3661	13269	13379	33
3662	13276	13490	25
3663	13292	13410	66
3664	13321	13390	66
3665	13321	13468	50
3666	13335	13641	33
3667	13336	13454	33
3668	13352	13413	66
3669	13366	13458	33
3670	13372	13468	33
3671	13372	13468	33
3672	13381	13478	33
3673	13386	13461	66
3674	13389	13484	33
3675	13426	13616	33
3676	13427	13676	33
3677	13428	13509	33
3678	13429	13548	33
3679	13432	13517	33
3680	13432	13555	33
3681	13435	13547	33
3682	13436	13530	33
3683	13436	13544	33
3684	13437	13509	33
3685	13437	13510	33
3686	13437	13530	33
3687	13437	13538	33
3688	13437	13547	33
3689	13439	13499	33
3690	13439	13516	66
3691	13439	13547	33
3692	13442	13513	33
3693	13442	13521	33
3694	13442	13522	33
3695	13442	13526	33
3696	13442	13529	33
3697	13442	13575	33
3698	13443	13533	33
3699	13444	13508	33
3700	13444	13513	33
3701	13444	13526	33
3702	13444	13542	33
3703	13444	13542	33
3704	13444	13557	33
3705	13444	13594	33
3706	13445	13536	33
3707	13446	13537	33
3708	13450	13881	33
3709	13465	13550	66
3710	13501	13571	33
3711	13504	13564	33
3712	13505	13595	66
3713	13516	13576	25
3714	13517	13642	33
3715	13530	13604	66
3716	13530	13689	66
3717	13530	13689	66
3718	13531	13604	66
3719	13561	13675	66
3720	13567	13707	33
3721	13568	13664	33
3722	13568	13664	33
3723	13568	13700	33
3724	13571	13686	33
3725	13571	13691	33
3726	13571	13698	33
3727	13572	13698	33
3728	13576	13703	33
3729	13576	13839	33
3730	13582	13697	25
3731	13602	13731	66
3732	13608	13795	33
3733	13612	14231	33
3734	13616	13676	33
3735	13616	13676	33
3736	13616	13697	33
3737	13616	13701	33
3738	13616	13704	33
3739	13616	13704	33
3740	13616	13704	33
3741	13616	13704	33
3742	13617	13704	33
3743	13618	13678	33
3744	13618	13681	33
3745	13618	13698	33
3746	13618	13701	33
3747	13619	13681	33
3748	13619	13681	33
3749	13619	13698	33
3750	13619	13703	33
3751	13619	13703	33
3752	13619	13704	33
3753	13619	13704	33
3754	13620	13704	33
3755	13621	13701	33
3756	13621	13706	66
3757	13621	13718	33
3758	13621	14641	33
3759	13624	13704	66
3760	13624	13779	66
3761	13626	13720	66
3762	13629	13716	33
3763	13630	13788	33
3764	13648	13763	33
3765	13681	13871	66
3766	13685	13758	33
3767	13686	14178	66
3768	13689	13759	33
3769	13690	13784	33
3770	13691	15116	33
3771	13693	15091	33
3772	13704	13855	33
3773	13716	13820	33
3774	13725	13788	33
3775	13725	13788	33
3776	13725	13788	33
3777	13725	13788	33
3778	13725	13798	33
3779	13725	13809	33
3780	13725	13818	33
3781	13725	13819	33
3782	13725	13829	33
3783	13726	13809	33
3784	13742	13872	33
3785	13744	13927	33
3786	13761	13826	66
3787	13764	14282	66
3788	13769	14058	66
3789	13771	13882	66
3790	13788	13915	66
3791	13801	13862	66
3792	13815	14129	33
3793	13816	15190	33
3794	13817	13945	66
3795	13861	13923	33
3796	13868	13944	33
3797	13872	13947	33
3798	13873	13933	33
3799	13873	13943	33
3800	13873	13962	33
3801	13876	13943	33
3802	13876	13959	33
3803	13876	13962	33
3804	13876	13962	33
3805	13876	13964	33
3806	13876	13964	33
3807	13877	13943	33
3808	13877	13943	33
3809	13877	13947	33
3810	13877	13952	33
3811	13877	13961	33
3812	13881	14365	33
3813	13886	14400	66
3814	13891	13964	66
3815	13895	14430	50
3816	13918	15078	66
3817	13932	14017	33
3818	13937	14098	33
3819	13968	14679	33
3820	13976	14296	33
3821	13981	14053	66
3822	13984	14159	33
3823	14001	14116	25
3824	14010	14365	33
3825	14041	14180	33
3826	14041	14236	66
3827	14041	14469	66
3828	14047	14117	33
3829	14048	14143	33
3830	14052	15191	66
3831	14054	14245	33
3832	14080	14140	33
3833	14099	14162	33
3834	14101	14484	66
3835	14110	14201	33
3836	14111	14228	33
3837	14116	14176	66
3838	14150	14286	25
3839	14161	14279	33
3840	14195	14385	66
3841	14210	14272	66
3842	14218	14288	33
3843	14227	14325	33
3844	14231	14717	30
3845	14233	14297	33
3846	14233	14320	33
3847	14233	14329	33
3848	14238	14304	33
3849	14247	14781	33
3850	14258	14372	33
3851	14296	14356	66
3852	14296	14361	66
3853	14386	14459	33
3854	14401	14476	33
3855	14401	14483	33
3856	14405	14491	66
3857	14406	14491	66
3858	14408	14504	33
3859	14448	14539	66
3860	14461	14542	33
3861	14461	14872	33
3862	14464	14872	33
3863	14465	14537	33
3864	14468	14565	33
3865	14472	14656	25
3866	14506	14872	33
3867	14509	14609	33
3868	14521	14599	33
3869	14521	14709	33
3870	14521	14814	33
3871	14525	14984	33
3872	14537	14605	66
3873	14537	14621	66
3874	14542	14618	30
3875	14581	14642	33
3876	14581	14698	66
3877	14582	14661	66
3878	14589	14659	33
3879	14589	14659	33
3880	14593	14677	33
3881	14595	15184	33
3882	14617	14747	33
3883	14621	14769	33
3884	14655	14720	66
3885	14655	14728	66
3886	14656	14741	66
3887	14660	14763	33
3888	14667	14809	25
3889	14686	14810	33
3890	14691	14777	30
3891	14701	14762	33
3892	14701	14785	66
3893	14727	15011	33
3894	14733	15011	33
3895	14769	15351	33
3896	14790	15221	66
3897	14822	15004	66
3898	14826	15126	66
3899	14848	16046	33
3900	14852	16043	33
3901	14855	16036	33
3902	14855	16038	33
3903	14856	16036	33
3904	14856	16036	33
3905	14877	14945	33
3906	14877	14954	33
3907	14877	14955	33
3908	14880	14965	33
3909	14881	15067	66
3910	14882	14949	33
3911	14885	15109	66
3912	14888	14960	33
3913	14894	14955	66
3914	14896	14965	50
3915	14917	14987	50
3916	14924	15439	66
3917	14941	15004	33
3918	14941	15044	66
3919	14945	15020	66
3920	14946	15041	33
3921	14947	15045	33
3922	14951	15048	33
3923	14956	15035	66
3924	14956	15096	25
3925	14959	16392	33
3926	14963	15053	33
3927	14968	15174	33
3928	14976	15036	66
3929	14978	15048	50
3930	15001	15144	66
3931	15008	15257	33
3932	15009	15080	33
3933	15024	15107	33
3934	15026	15149	33
3935	15042	15103	33
3936	15061	15136	66
3937	15064	15132	33
3938	15074	15137	33
3939	15074	15145	33
3940	15075	15142	33
3941	15078	15145	33
3942	15113	15402	33
3943	15121	15200	33
3944	15123	15437	66
3945	15132	16528	33
3946	15138	15218	33
3947	15139	15525	66
3948	15153	15274	66
3949	15162	15288	33
3950	15166	15254	66
3951	15169	15297	25
3952	15170	15264	33
3953	15180	15329	33
3954	15181	15342	33
3955	15189	15348	66
3956	15211	15286	66
3957	15229	15417	66
3958	15236	15321	33
3959	15241	15421	66
3960	15241	15974	33
3961	15244	15323	66
3962	15244	15380	33
3963	15253	15393	33
3964	15256	15385	66
3965	15271	15421	66
3966	15302	15366	33
3967	15305	15366	33
3968	15305	15376	33
3969	15305	15376	33
3970	15305	15387	33
3971	15306	15373	33
3972	15306	15376	33
3973	15306	15385	66
3974	15306	15388	33
3975	15309	15370	33
3976	15312	15851	33
3977	15342	15414	33
3978	15359	15565	33
3979	15360	15446	33
3980	15360	15565	33
3981	15361	15479	66
3982	15371	15463	33
3983	15371	15465	33
3984	15371	15490	33
3985	15373	15445	66
3986	15373	16181	33
3987	15373	16181	33
3988	15374	15469	33
3989	15375	15465	33
3990	15377	15458	33
3991	15377	15501	33
3992	15412	15502	30
3993	15421	15482	66
3994	15424	16160	33
3995	15436	15509	66
3996	15471	15538	33
3997	15495	15579	33
3998	15511	15668	66
3999	15517	16110	66
4000	15541	15679	33
4001	15541	15706	33
4002	15544	15662	66
4003	15544	15787	33
4004	15546	15607	66
4005	15556	15643	66
4006	15556	15894	66
4007	15579	15771	33
4008	15601	15698	66
4009	15604	15727	66
4010	15610	15688	33
4011	15678	16198	33
4012	15681	15784	25
4013	15682	15762	30
4014	15682	16275	30
4015	15706	16082	30
4016	15717	16109	66
4017	15717	16109	66
4018	15721	15801	33
4019	15721	15820	66
4020	15730	16153	33
4021	15736	15835	66
4022	15736	15877	25
4023	15748	15927	33
4024	15773	16159	33
4025	15781	15889	66
4026	15781	16506	33
4027	15785	15862	33
4028	15785	15897	33
4029	15790	15869	33
4030	15790	15901	33
4031	15791	15859	33
4032	15791	15869	33
4033	15791	15880	33
4034	15791	15901	33
4035	15791	15911	33
4036	15791	15931	33
4037	15792	15859	33
4038	15792	15869	33
4039	15792	15869	33
4040	15792	15911	33
4041	15796	15864	25
4042	15801	15931	33
4043	15811	15895	33
4044	15821	15914	66
4045	15822	16019	30
4046	15847	15919	33
4047	15857	16112	33
4048	15873	15961	30
4049	15885	16165	66
4050	15887	15949	66
4051	15901	16441	66
4052	15905	15965	33
4053	15906	15987	66
4054	15916	16655	66
4055	15917	16354	33
4056	15927	16409	66
4057	15952	16030	30
4058	15965	16091	33
4059	15965	16211	33
4060	15967	16218	66
4061	15976	16153	66
4062	15976	16451	66
4063	15997	16152	66
4064	16022	16107	66
4065	16025	16091	50
4066	16025	16091	33
4067	16026	16116	33
4068	16036	16096	66
4069	16042	16185	33
4070	16057	16129	50
4071	16070	16343	33
4072	16071	16141	50
4073	16081	16149	33
4074	16081	16168	33
4075	16081	16243	25
4076	16081	16251	25
4077	16081	16543	25
4078	16087	16541	66
4079	16090	16156	25
4080	16096	16204	25
4081	16117	16218	66
4082	16117	16457	33
4083	16141	16538	33
4084	16143	16981	30
4085	16145	16211	66
4086	16150	16211	33
4087	16154	16342	33
4088	16156	16225	66
4089	16158	16364	66
4090	16158	16364	66
4091	16170	16374	33
4092	16173	16235	66
4093	16178	16250	66
4094	16201	16264	33
4095	16204	16301	33
4096	16207	16277	66
4097	16211	16281	33
4098	16216	16457	33
4099	16216	16615	66
4100	16236	16318	25
4101	16259	16322	33
4102	16261	16330	25
4103	16266	16349	25
4104	16268	16336	33
4105	16268	16361	33
4106	16271	16360	66
4107	16282	16367	33
4108	16307	16370	33
4109	16308	16381	33
4110	16308	16496	33
4111	16309	16481	33
4112	16309	16496	33
4113	16316	16395	33
4114	16321	16471	50
4115	16325	16389	66
4116	16333	16404	66
4117	16333	16427	66
4118	16336	16499	66
4119	16351	17682	33
4120	16358	16419	66
4121	16358	17429	66
4122	16361	16428	66
4123	16361	16444	33
4124	16381	16444	33
4125	16381	16457	66
4126	16381	16474	66
4127	16393	16455	66
4128	16399	16464	50
4129	16400	16489	33
4130	16400	16492	33
4131	16401	16699	66
4132	16415	16486	33
4133	16415	16486	33
4134	16422	16486	33
4135	16423	16516	50
4136	16441	16514	33
4137	16441	16721	66
4138	16441	17610	33
4139	16442	16799	33
4140	16444	16534	33
4141	16444	16830	66
4142	16446	16799	33
4143	16447	16523	33
4144	16455	16515	25
4145	16455	16686	25
4146	16456	16752	66
4147	16457	16547	33
4148	16463	17432	33
4149	16464	16877	33
4150	16464	16968	33
4151	16464	17638	33
4152	16487	16615	33
4153	16501	16578	66
4154	16501	16588	66
4155	16516	16585	66
4156	16522	16598	66
4157	16530	17469	66
4158	16534	16686	66
4159	16561	17269	66
4160	16561	17269	66
4161	16563	17303	25
4162	16571	16665	25
4163	16575	16635	66
4164	16577	16691	33
4165	16578	16640	66
4166	16580	16708	33
4167	16591	16828	66
4168	16591	16933	33
4169	16592	16665	33
4170	16593	16695	66
4171	16596	17310	50
4172	16602	17241	33
4173	16605	16697	66
4174	16606	16920	33
4175	16619	16920	50
4176	16621	16692	66
4177	16622	17523	25
4178	16626	16707	66
4179	16627	17189	33
4180	16630	16702	66
4181	16630	17123	66
4182	16637	16706	66
4183	16642	18005	33
4184	16646	16773	66
4185	16649	17667	33
4186	16654	16738	30
4187	16661	16725	33
4188	16676	16736	33
4189	16677	17037	33
4190	16677	17325	66
4191	16684	17179	33
4192	16684	17838	33
4193	16685	16886	33
4194	16686	17176	33
4195	16687	17407	33
4196	16691	16786	33
4197	16693	17540	33
4198	16722	16818	33
4199	16723	17838	33
4200	16724	17838	33
4201	16728	16790	66
4202	16739	18054	66
4203	16746	16811	33
4204	16746	16825	66
4205	16746	16854	33
4206	16749	16858	33
4207	16749	16933	33
4208	16758	17078	33
4209	16769	17571	33
4210	16774	17370	33
4211	16780	16874	33
4212	16801	16872	33
4213	16805	16948	33
4214	16805	17156	66
4215	16807	16950	66
4216	16811	17681	66
4217	16817	16879	66
4218	16831	16907	33
4219	16831	16907	33
4220	16832	16909	33
4221	16839	17037	33
4222	16853	17059	33
4223	16855	17122	66
4224	16861	16972	33
4225	16866	16984	50
4226	16874	16948	66
4227	16877	17120	33
4228	16880	16954	66
4229	16886	16976	33
4230	16900	17429	33
4231	16900	17521	33
4232	16903	17000	66
4233	16909	16997	33
4234	16911	17082	33
4235	16913	17059	66
4236	16921	17017	33
4237	16927	17024	33
4238	16928	17012	30
4239	16933	18140	25
4240	16944	17895	66
4241	16952	17034	33
4242	16953	17371	33
4243	16956	17393	66
4244	16972	17032	33
4245	16974	17425	66
4246	16975	17125	33
4247	16984	17044	33
4248	16984	17048	66
4249	16984	17088	66
4250	16984	17107	66
4251	16986	17385	50
4252	16991	17110	33
4253	16994	17056	33
4254	16994	17079	33
4255	16995	17056	33
4256	16997	17089	33
4257	16997	17188	25
4258	17000	17152	33
4259	17000	17274	33
4260	17001	17089	33
4261	17002	17082	30
4262	17003	17066	33
4263	17003	17070	33
4264	17003	17089	33
4265	17003	17284	33
4266	17003	17284	33
4267	17003	17294	33
4268	17003	17332	33
4269	17004	17123	33
4270	17004	18136	33
4271	17014	17183	66
4272	17030	17136	33
4273	17033	17808	66
4274	17044	17139	66
4275	17046	17114	33
4276	17046	17189	33
4277	17047	17114	33
4278	17051	17121	33
4279	17053	17126	66
4280	17054	17124	33
4281	17065	17288	66
4282	17093	17176	30
4283	17101	17183	30
4284	17103	17179	33
4285	17103	17190	30
4286	17104	17259	33
4287	17105	17281	66
4288	17106	17254	25
4289	17107	17180	33
4290	17107	17188	30
4291	17112	17240	66
4292	17115	17211	33
4293	17115	17328	25
4294	17131	17321	66
4295	17135	17225	66
4296	17149	17231	30
4297	17161	17258	33
4298	17162	17279	33
4299	17164	17284	33
4300	17164	17310	66
4301	17164	17601	33
4302	17170	17235	66
4303	17187	17591	33
4304	17191	17596	33
4305	17221	17500	66
4306	17228	17300	33
4307	17233	17315	30
4308	17235	17295	66
4309	17252	17342	33
4310	17252	17342	33
4311	17252	17346	33
4312	17252	17350	33
4313	17252	17451	33
4314	17253	17346	33
4315	17253	17400	33
4316	17254	17314	66
4317	17256	17320	33
4318	17256	17321	33
4319	17256	17334	33
4320	17256	17404	33
4321	17257	17388	33
4322	17257	17397	33
4323	17258	17330	33
4324	17258	17364	33
4325	17258	17380	33
4326	17261	17354	66
4327	17271	17374	33
4328	17274	17356	50
4329	17277	17360	50
4330	17281	17394	33
4331	17296	17687	33
4332	17311	17650	66
4333	17312	17425	33
4334	17316	17379	33
4335	17320	17687	33
4336	17322	17416	33
4337	17330	17604	66
4338	17342	17418	25
4339	17348	17446	33
4340	17351	17569	66
4341	17354	17563	66
4342	17364	17539	33
4343	17369	17564	66
4344	17378	17448	50
4345	17399	17725	66
4346	17401	18327	66
4347	17402	17574	33
4348	17406	17538	33
4349	17431	17796	33
4350	17439	17531	30
4351	17461	17686	25
4352	17464	18171	33
4353	17465	17776	33
4354	17466	17568	66
4355	17467	18171	33
4356	17469	17534	33
4357	17469	17558	33
4358	17470	17546	33
4359	17470	18198	33
4360	17489	17835	33
4361	17491	17769	66
4362	17493	17564	33
4363	17493	17590	33
4364	17520	17589	66
4365	17521	17612	66
4366	17521	17615	33
4367	17526	18129	33
4368	17528	17658	33
4369	17530	18173	33
4370	17536	17630	33
4371	17543	17668	33
4372	17568	17660	66
4373	17581	17661	66
4374	17581	17700	33
4375	17587	17668	33
4376	17596	17661	33
4377	17599	17688	66
4378	17603	18167	33
4379	17619	18080	33
4380	17619	18964	33
4381	17641	17770	66
4382	17644	18193	33
4383	17646	17750	66
4384	17655	18220	33
4385	17658	17903	33
4386	17662	17857	66
4387	17671	17835	66
4388	17675	17988	66
4389	17681	17741	33
4390	17690	17988	33
4391	17700	17857	66
4392	17705	18213	66
4393	17706	17812	25
4394	17706	17903	66
4395	17707	17812	25
4396	17721	17897	33
4397	17761	17824	33
4398	17768	17838	66
4399	17771	17855	33
4400	17771	17891	33
4401	17772	17855	33
4402	17772	17903	33
4403	17772	17926	33
4404	17772	17974	33
4405	17783	17861	33
4406	17784	17861	33
4407	17784	17926	33
4408	17784	17974	33
4409	17798	17867	50
4410	17813	18112	33
4411	17821	18067	33
4412	17828	17941	33
4413	17829	18070	33
4414	17830	17971	33
4415	17835	18000	25
4416	17838	17981	66
4417	17841	18159	33
4418	17853	17989	66
4419	17861	17933	33
4420	17861	18062	33
4421	17867	17948	33
4422	17869	17940	33
4423	17869	17952	33
4424	17869	17974	33
4425	17881	17974	33
4426	17881	17978	33
4427	17887	17959	33
4428	17888	18571	33
4429	17890	18000	25
4430	17891	17999	25
4431	17893	19194	33
4432	17915	18099	66
4433	17920	17990	66
4434	17920	17990	66
4435	17920	17990	66
4436	17920	17990	66
4437	17930	17990	66
4438	17930	17990	66
4439	17938	18902	30
4440	17943	19026	33
4441	17948	18084	66
4442	17948	18126	66
4443	17955	18135	66
4444	17958	18426	33
4445	17960	18245	33
4446	17969	18084	66
4447	17974	18176	66
4448	17988	18116	33
4449	17991	18108	33
4450	17999	18067	33
4451	18001	18098	66
4452	18001	18139	66
4453	18001	18155	66
4454	18001	18407	66
4455	18002	18407	66
4456	18002	18408	66
4457	18004	18064	33
4458	18006	18150	66
4459	18013	18144	33
4460	18015	18078	66
4461	18018	18279	66
4462	18019	18281	66
4463	18027	18097	66
4464	18036	18111	66
4465	18036	18455	66
4466	18037	18751	33
4467	18045	18404	33
4468	18048	18785	66
4469	18063	19057	33
4470	18065	18125	50
4471	18071	18268	33
4472	18075	18180	33
4473	18077	18145	33
4474	18077	18145	33
4475	18086	18273	33
4476	18087	18178	50
4477	18087	18178	50
4478	18087	18659	66
4479	18087	18659	66
4480	18087	18659	66
4481	18088	18178	50
4482	18088	18241	33
4483	18088	18659	66
4484	18098	18346	66
4485	18114	18218	66
4486	18118	18439	66
4487	18118	18439	66
4488	18120	18448	33
4489	18120	18785	66
4490	18124	18522	66
4491	18136	18196	25
4492	18138	18299	33
4493	18160	18318	33
4494	18185	18289	66
4495	18185	18898	66
4496	18186	18246	33
4497	18186	18271	33
4498	18189	18269	33
4499	18193	18279	66
4500	18193	18352	33
4501	18193	18352	33
4502	18199	18284	33
4503	18229	18475	66
4504	18239	18387	66
4505	18241	18307	33
4506	18241	18502	33
4507	18245	18563	33
4508	18245	18709	33
4509	18246	18620	33
4510	18248	18680	66
4511	18248	18755	33
4512	18249	18326	66
4513	18249	18558	33
4514	18250	18561	33
4515	18255	18326	66
4516	18261	19590	66
4517	18270	18360	33
4518	18270	18364	33
4519	18270	18372	33
4520	18270	18517	33
4521	18270	18609	33
4522	18270	18784	66
4523	18270	18784	66
4524	18270	18784	66
4525	18271	18430	33
4526	18271	18547	33
4527	18272	18535	33
4528	18275	18371	33
4529	18275	18547	33
4530	18275	18584	33
4531	18275	18584	33
4532	18289	18945	30
4533	18289	19340	66
4534	18291	19458	33
4535	18301	18523	66
4536	18302	18382	33
4537	18305	18384	66
4538	18305	18385	66
4539	18305	18386	66
4540	18306	19433	66
4541	18309	18709	33
4542	18324	18709	33
4543	18336	19428	66
4544	18338	18496	66
4545	18355	18450	66
4546	18355	18456	25
4547	18358	19227	66
4548	18359	18421	66
4549	18361	18466	66
4550	18361	19426	66
4551	18366	18455	66
4552	18366	18511	33
4553	18374	18500	66
4554	18376	18445	33
4555	18376	18451	33
4556	18376	18568	33
4557	18377	18446	33
4558	18377	18496	33
4559	18377	18518	33
4560	18377	18535	33
4561	18377	18584	33
4562	18380	18445	33
4563	18380	18445	33
4564	18380	18451	33
4565	18380	18463	33
4566	18380	18512	33
4567	18380	18523	33
4568	18391	18496	66
4569	18391	18502	33
4570	18394	18462	33
4571	18403	18584	25
4572	18419	18529	50
4573	18425	18514	66
4574	18434	18510	30
4575	18451	18531	33
4576	18470	18581	25
4577	18473	18568	33
4578	18474	18547	33
4579	18474	18558	33
4580	18491	18566	66
4581	18492	18884	33
4582	18496	18874	33
4583	18496	18874	33
4584	18497	18630	33
4585	18505	18659	33
4586	18529	18714	25
4587	18531	18664	33
4588	18534	18717	66
4589	18541	18682	33
4590	18541	18701	33
4591	18544	18664	50
4592	18544	18664	50
4593	18546	18702	33
4594	18556	18630	25
4595	18557	18694	66
4596	18564	18828	33
4597	18576	18870	66
4598	18581	18671	33
4599	18609	18703	33
4600	18612	18756	33
4601	18617	18682	66
4602	18661	18725	66
4603	18661	18725	33
4604	18661	18725	66
4605	18662	18742	33
4606	18664	18861	33
4607	18667	18815	66
4608	18669	18755	33
4609	18679	18804	33
4610	18680	19002	33
4611	18682	18767	33
4612	18691	18764	33
4613	18706	18835	33
4614	18712	18815	33
4615	18720	19747	33
4616	18723	18785	33
4617	18725	18785	33
4618	18730	18821	33
4619	18734	18897	33
4620	18735	18804	66
4621	18736	18948	33
4622	18762	20160	66
4623	18765	18861	66
4624	18765	18915	33
4625	18771	18831	66
4626	18779	18879	66
4627	18784	18869	33
4628	18786	18960	25
4629	18790	18949	33
4630	18790	19487	33
4631	18790	19487	33
4632	18790	19487	33
4633	18790	19487	33
4634	18790	19487	33
4635	18791	18869	66
4636	18791	18869	66
4637	18791	19487	33
4638	18792	18983	33
4639	18796	19136	66
4640	18796	19136	66
4641	18796	19136	66
4642	18796	19136	66
4643	18796	19136	66
4644	18805	20160	33
4645	18829	19238	33
4646	18841	18902	66
4647	18852	18918	33
4648	18852	18981	33
4649	18853	18965	33
4650	18861	18946	66
4651	18866	20160	33
4652	18866	20160	33
4653	18866	20160	33
4654	18866	20160	33
4655	18866	20160	33
4656	18866	20160	33
4657	18867	19316	33
4658	18877	18973	33
4659	18890	20160	30
4660	18891	19124	33
4661	18893	19487	33
4662	18904	20160	33
4663	18904	20160	33
4664	18905	18965	33
4665	18905	18989	66
4666	18905	19068	66
4667	18907	19022	66
4668	18907	19025	66
4669	18907	20160	66
4670	18909	19072	66
4671	18909	20160	25
4672	18911	19661	33
4673	18916	19085	33
4674	18935	19027	33
4675	18935	19754	33
4676	18946	19806	33
4677	18947	19154	66
4678	18947	19325	33
4679	18947	19448	33
4680	18947	19683	33
4681	18947	19806	33
4682	18947	19806	33
4683	18947	19806	33
4684	18947	20160	33
4685	18947	20160	33
4686	18947	20160	33
4687	18947	20160	33
4688	18947	20160	33
4689	18947	20160	33
4690	18947	20160	33
4691	18947	20160	33
4692	18947	20160	33
4693	18947	20160	33
4694	18947	20160	33
4695	18948	19142	33
4696	18948	19269	33
4697	18948	19355	33
4698	18948	19816	33
4699	18948	20160	33
4700	18948	20160	33
4701	18948	20160	33
4702	18948	20160	33
4703	18949	19009	66
4704	18949	19107	66
4705	18957	19063	66
4706	18965	19025	50
4707	18965	19025	50
4708	18967	19657	33
4709	18972	19061	33
4710	18978	19923	33
4711	19018	19183	66
4712	19021	19132	66
4713	19021	19135	33
4714	19021	20160	33
4715	19025	19085	33
4716	19030	19096	33
4717	19031	19164	33
4718	19038	19124	66
4719	19053	19182	66
4720	19059	19209	66
4721	19080	19499	33
4722	19081	19157	66
4723	19081	19172	66
4724	19081	19172	66
4725	19081	19172	66
4726	19081	19172	66
4727	19085	19175	30
4728	19087	19385	66
4729	19099	19179	30
4730	19103	19285	33
4731	19105	19172	66
4732	19107	19236	33
4733	19118	19187	50
4734	19118	19347	33
4735	19139	20160	33
4736	19141	19245	33
4737	19151	20160	33
4738	19165	19244	33
4739	19167	19509	33
4740	19167	20160	33
4741	19168	19247	33
4742	19168	19811	33
4743	19173	19324	33
4744	19178	19271	66
4745	19185	19281	50
4746	19194	20144	33
4747	19201	20160	66
4748	19209	19349	66
4749	19213	19345	66
4750	19213	19485	33
4751	19213	20160	25
4752	19235	19303	66
4753	19236	19374	66
4754	19254	19659	30
4755	19261	19385	66
4756	19263	19458	33
4757	19267	19366	33
4758	19268	19632	33
4759	19268	20152	66
4760	19276	19442	25
4761	19281	19346	33
4762	19289	19425	66
4763	19290	19364	66
4764	19320	19420	66
4765	19321	19420	66
4766	19329	19422	33
4767	19329	19769	66
4768	19332	20033	33
4769	19336	19404	66
4770	19338	19435	33
4771	19359	20160	33
4772	19376	20160	33
4773	19380	19721	66
4774	19383	20160	33
4775	19385	19592	33
4776	19386	19452	33
4777	19394	19890	33
4778	19396	19570	66
4779	19411	19495	30
4780	19433	19495	66
4781	19441	19642	66
4782	19441	19915	66
4783	19442	20160	33
4784	19445	19505	50
4785	19446	19526	33
4786	19446	20160	33
4787	19446	20160	33
4788	19447	19546	33
4789	19450	19544	66
4790	19452	19555	33
4791	19454	19534	33
4792	19456	19661	66
4793	19458	19544	66
4794	19462	20160	33
4795	19465	20160	33
4796	19466	19661	66
4797	19466	20160	33
4798	19466	20160	33
4799	19470	19722	66
4800	19470	20160	66
4801	19471	19572	66
4802	19471	19572	66
4803	19471	19599	66
4804	19473	19537	66
4805	19480	19589	25
4806	19481	19551	33
4807	19500	19564	66
4808	19500	19570	66
4809	19500	19682	33
4810	19501	20160	66
4811	19501	20160	33
4812	19503	19599	33
4813	19513	19740	33
4814	19516	19578	66
4815	19523	20160	33
4816	19524	20124	33
4817	19524	20160	33
4818	19524	20160	33
4819	19524	20160	33
4820	19524	20160	33
4821	19524	20160	33
4822	19524	20160	33
4823	19528	19685	66
4824	19532	20160	33
4825	19535	19636	33
4826	19536	19614	30
4827	19543	19625	66
4828	19546	19661	66
4829	19546	19865	66
4830	19546	19909	66
4831	19548	19842	66
4832	19548	19856	66
4833	19557	20160	33
4834	19567	19703	33
4835	19569	19711	33
4836	19576	19840	33
4837	19577	19649	66
4838	19578	19704	66
4839	19578	19708	33
4840	19590	19736	66
4841	19591	20160	33
4842	19596	19659	33
4843	19611	20160	66
4844	19612	19718	25
4845	19616	19685	33
4846	19621	19784	33
4847	19621	20160	33
4848	19622	20160	33
4849	19623	19828	33
4850	19624	19719	33
4851	19627	19759	33
4852	19627	19807	33
4853	19627	19807	33
4854	19627	19808	33
4855	19627	19824	33
4856	19637	19831	50
4857	19646	20119	66
4858	19648	20160	66
4859	19649	19888	25
4860	19651	19750	33
4861	19651	19824	33
4862	19652	19804	50
4863	19652	19990	33
4864	19655	20160	33
4865	19661	19776	33
4866	19680	19771	33
4867	19681	19754	33
4868	19681	19850	66
4869	19681	19943	33
4870	19683	19754	33
4871	19685	19791	66
4872	19687	19943	33
4873	19688	19943	33
4874	19694	19837	33
4875	19694	20160	33
4876	19697	20160	33
4877	19697	20160	33
4878	19698	20160	66
4879	19715	20160	33
4880	19717	20160	33
4881	19718	20160	33
4882	19724	20160	33
4883	19726	19936	66
4884	19734	20160	33
4885	19738	19820	33
4886	19741	19805	33
4887	19742	19817	33
4888	19742	19894	33
4889	19747	20160	66
4890	19756	19826	33
4891	19762	19845	30
4892	19768	20160	33
4893	19770	19858	33
4894	19778	19861	33
4895	19792	20160	33
4896	19805	19898	66
4897	19805	20160	66
4898	19805	20160	66
4899	19805	20160	66
4900	19805	20160	66
4901	19806	19905	33
4902	19806	20160	66
4903	19806	20160	66
4904	19806	20160	66
4905	19806	20160	66
4906	19806	20160	66
4907	19807	19909	33
4908	19807	20160	33
4909	19808	20160	66
4910	19808	20160	66
4911	19808	20160	66
4912	19809	20160	66
4913	19809	20160	66
4914	19809	20160	66
4915	19809	20160	66
4916	19809	20160	66
4917	19809	20160	66
4918	19809	20160	66
4919	19809	20160	66
4920	19809	20160	66
4921	19809	20160	66
4922	19810	20010	66
4923	19810	20160	66
4924	19810	20160	66
4925	19810	20160	66
4926	19810	20160	66
4927	19810	20160	66
4928	19810	20160	66
4929	19810	20160	66
4930	19810	20160	66
4931	19810	20160	66
4932	19810	20160	66
4933	19810	20160	66
4934	19816	20160	25
4935	19819	19919	66
4936	19828	20160	33
4937	19830	19914	66
4938	19830	19914	66
4939	19838	20102	33
4940	19840	20026	66
4941	19857	20160	33
4942	19859	19936	33
4943	19861	20105	66
4944	19861	20160	33
4945	19863	19936	33
4946	19866	20160	33
4947	19868	20002	33
4948	19872	20160	66
4949	19876	20100	66
4950	19883	19960	30
4951	19897	20160	33
4952	19902	20160	33
4953	19906	19967	25
4954	19914	20160	66
4955	19917	20003	33
4956	19917	20160	66
4957	19924	20160	66
4958	19925	20075	66
4959	19925	20160	66
4960	19926	20056	66
4961	19930	20160	33
4962	19931	19992	33
4963	19931	20024	66
4964	19945	20005	66
4965	19945	20005	66
4966	19945	20009	66
4967	19945	20160	66
4968	19951	20025	66
4969	19957	20160	33
4970	19967	20160	66
4971	19978	20045	33
4972	19978	20160	33
4973	19978	20160	33
4974	19978	20160	33
4975	19985	20101	33
4976	19985	20160	33
4977	19985	20160	33
4978	19985	20160	33
4979	19991	20160	66
4980	19992	20160	30
4981	19998	20086	66
4982	19999	20137	66
4983	20009	20160	66
4984	20011	20137	33
4985	20012	20094	30
4986	20014	20147	66
4987	20021	20099	30
4988	20024	20160	40
4989	20025	20085	66
4990	20030	20115	66
4991	20041	20160	66
4992	20052	20160	33
4993	20065	20144	30
4994	20070	20160	33
4995	20071	20152	66
4996	20075	20160	66
4997	20078	20160	66
4998	20094	20160	25
4999	20095	20160	33
