500	100	0	0
0	1	40	55
1	4	46	53
2	5	27	52
3	6	48	55
4	9	35	38
5	10	59	69
6	10	67	72
7	12	71	25
8	13	70	27
9	14	48	35
10	14	40	47
11	16	67	54
12	16	40	56
13	16	47	66
14	16	73	29
15	17	38	64
16	17	46	49
17	19	39	57
18	20	47	36
19	20	68	68
20	20	65	60
21	23	44	50
22	23	76	68
23	23	57	44
24	24	48	50
25	25	57	55
26	25	82	31
27	26	56	71
28	27	82	54
29	27	50	64
30	28	86	57
31	28	81	56
32	30	59	32
33	31	67	36
34	32	65	33
35	34	87	46
36	35	56	72
37	37	64	54
38	38	73	63
39	41	85	55
40	43	71	68
41	43	86	42
42	43	92	48
43	44	90	35
44	45	102	57
45	46	97	27
46	46	92	64
47	48	99	74
48	50	106	53
49	50	101	33
50	52	89	62
51	53	81	41
52	53	112	33
53	54	110	70
54	54	99	72
55	54	85	36
56	55	105	71
57	55	108	36
58	56	92	51
59	57	116	40
60	58	93	70
61	58	101	40
62	58	94	47
63	59	113	26
64	60	116	40
65	61	105	42
66	62	105	35
67	62	102	36
68	64	99	72
69	64	84	53
70	67	126	29
71	67	113	66
72	68	105	55
73	71	93	58
74	72	103	30
75	73	100	70
76	73	105	31
77	75	134	37
78	75	100	70
79	75	99	27
80	78	106	45
81	78	119	40
82	79	111	36
83	79	104	33
84	80	136	61
85	80	139	30
86	81	127	74
87	81	135	48
88	83	106	45
89	88	146	25
90	88	139	55
91	90	136	64
92	91	121	36
93	91	132	32
94	93	135	60
95	95	134	47
96	95	128	27
97	99	139	55
98	99	137	47
99	99	151	68
100	105	142	40
101	105	137	45
102	105	139	46
103	106	153	36
104	106	127	36
105	107	129	30
106	107	149	67
107	107	139	57
108	108	132	58
109	108	148	64
110	109	145	69
111	109	150	70
112	110	151	69
113	110	146	58
114	111	157	66
115	112	144	45
116	113	147	61
117	114	161	43
118	114	140	31
119	115	138	47
120	117	146	41
121	117	145	42
122	118	164	68
123	119	162	30
124	121	174	28
125	122	168	30
126	123	163	30
127	123	171	25
128	124	166	29
129	124	144	45
130	125	156	66
131	127	147	41
132	127	160	53
133	128	157	57
134	129	179	40
135	129	164	68
136	130	185	30
137	132	166	59
138	134	159	41
139	134	165	51
140	135	165	32
141	136	181	36
142	137	186	69
143	139	173	46
144	141	200	74
145	142	171	39
146	144	175	52
147	147	193	60
148	149	182	29
149	150	206	60
150	151	207	25
151	153	202	47
152	153	176	30
153	153	202	25
154	154	183	50
155	156	207	67
156	156	204	72
157	157	187	69
158	157	215	66
159	160	219	73
160	161	193	54
161	163	203	30
162	164	185	70
163	164	202	38
164	166	222	37
165	166	202	62
166	166	216	47
167	166	188	48
168	167	226	41
169	169	194	59
170	170	209	62
171	171	228	38
172	171	225	68
173	172	211	65
174	173	232	37
175	174	204	30
176	175	220	74
177	176	228	46
178	176	216	26
179	178	208	28
180	180	223	39
181	181	232	44
182	181	206	38
183	184	206	40
184	185	215	66
185	185	234	71
186	185	212	55
187	186	222	66
188	186	229	73
189	186	243	72
190	187	212	59
191	190	240	68
192	190	223	67
193	191	236	71
194	194	240	25
195	195	234	52
196	197	245	69
197	198	252	57
198	198	226	37
199	200	248	72
200	201	251	41
201	201	240	37
202	203	251	64
203	204	224	66
204	205	253	53
205	206	232	67
206	206	240	37
207	208	242	36
208	208	258	44
209	209	268	60
210	210	239	70
211	211	250	66
212	212	234	29
213	213	251	36
214	216	239	73
215	220	251	58
216	220	269	44
217	221	265	32
218	222	250	59
219	222	281	33
220	222	268	34
221	222	281	28
222	223	256	34
223	224	282	51
224	224	267	30
225	225	268	70
226	225	250	52
227	226	253	66
228	229	264	51
229	229	282	64
230	230	283	34
231	230	251	56
232	230	266	52
233	232	281	74
234	232	270	27
235	233	271	25
236	233	281	67
237	235	277	65
238	236	277	46
239	237	257	74
240	238	292	43
241	238	272	67
242	238	268	58
243	241	270	35
244	243	295	28
245	244	282	42
246	244	294	40
247	245	277	69
248	247	294	63
249	247	303	27
250	251	277	51
251	251	279	74
252	252	299	71
253	252	298	58
254	254	312	33
255	255	312	45
256	256	292	32
257	258	312	42
258	258	302	61
259	261	320	34
260	261	303	50
261	262	295	74
262	262	317	35
263	264	323	68
264	264	321	71
265	268	310	71
266	269	289	58
267	269	301	28
268	269	320	58
269	271	305	63
270	272	305	26
271	272	294	69
272	273	314	31
273	273	308	72
274	273	326	64
275	273	323	41
276	274	297	67
277	275	308	27
278	276	320	56
279	276	304	44
280	281	313	32
281	283	308	61
282	284	331	26
283	285	337	59
284	286	344	43
285	286	344	60
286	286	309	33
287	289	343	65
288	290	332	41
289	292	347	44
290	293	332	31
291	294	332	59
292	295	345	26
293	295	325	70
294	295	342	57
295	296	338	70
296	297	352	62
297	297	317	65
298	298	343	57
299	300	347	62
300	301	355	40
301	302	343	36
302	302	324	49
303	302	329	61
304	304	339	53
305	305	325	50
306	307	350	49
307	309	336	60
308	309	335	44
309	309	355	57
310	310	354	74
311	313	365	61
312	313	348	31
313	315	360	73
314	316	341	74
315	316	369	27
316	316	349	67
317	317	370	68
318	318	345	54
319	319	352	39
320	319	342	58
321	323	364	25
322	324	376	39
323	324	380	32
324	324	363	50
325	326	385	28
326	327	348	65
327	328	361	67
328	328	387	42
329	329	377	55
330	329	369	49
331	331	354	71
332	332	363	48
333	332	387	35
334	332	360	55
335	334	365	34
336	337	357	68
337	337	388	31
338	337	391	49
339	338	377	55
340	338	394	25
341	341	393	59
342	342	390	63
343	343	396	51
344	345	366	72
345	346	404	59
346	346	366	70
347	348	381	58
348	350	374	73
349	350	380	52
350	351	393	37
351	351	373	49
352	352	383	25
353	352	386	72
354	353	400	52
355	354	409	29
356	358	395	55
357	359	415	55
358	360	389	36
359	364	419	32
360	364	389	28
361	365	422	34
362	365	411	40
363	365	417	45
364	365	411	30
365	365	424	54
366	366	425	63
367	366	421	51
368	368	398	70
369	368	396	30
370	368	403	56
371	369	394	58
372	369	405	25
373	374	401	64
374	377	412	67
375	377	421	51
376	379	420	73
377	379	418	71
378	379	416	32
379	380	429	48
380	380	429	49
381	383	425	70
382	386	433	63
383	387	409	33
384	388	426	25
385	388	418	32
386	389	413	37
387	389	429	51
388	389	424	61
389	393	450	42
390	394	448	66
391	394	426	43
392	396	416	31
393	396	445	71
394	396	416	47
395	397	439	37
396	399	445	72
397	399	453	71
398	399	456	29
399	400	434	25
400	401	456	56
401	401	422	44
402	403	461	64
403	403	452	33
404	404	438	26
405	404	461	56
406	404	463	58
407	405	447	25
408	405	427	31
409	405	437	30
410	406	439	41
411	407	441	33
412	408	441	27
413	408	444	40
414	408	449	31
415	413	457	49
416	414	465	66
417	417	458	68
418	418	464	45
419	419	476	43
420	420	477	65
421	420	459	35
422	421	474	34
423	421	462	66
424	422	481	54
425	422	472	30
426	428	469	42
427	428	452	61
428	429	454	25
429	430	461	25
430	431	452	67
431	431	468	60
432	432	460	35
433	435	479	69
434	435	470	74
435	435	462	72
436	436	481	61
437	436	469	40
438	437	490	56
439	438	482	62
440	440	464	33
441	440	460	72
442	442	491	42
443	442	474	56
444	447	494	61
445	448	485	46
446	449	484	66
447	449	501	61
448	450	471	27
449	450	506	48
450	453	485	57
451	454	506	27
452	454	481	49
453	455	493	25
454	456	499	27
455	457	512	40
456	458	478	50
457	460	486	68
458	460	500	40
459	463	502	58
460	464	519	26
461	464	503	49
462	465	490	41
463	465	496	26
464	465	498	64
465	465	503	46
466	465	485	48
467	467	494	69
468	467	501	68
469	467	520	64
470	470	515	47
471	472	524	68
472	472	502	41
473	473	496	54
474	473	506	57
475	475	534	44
476	476	525	59
477	476	524	42
478	476	512	49
479	476	506	26
480	477	519	29
481	477	529	40
482	478	501	62
483	479	516	43
484	480	503	36
485	480	536	46
486	482	540	54
487	483	526	49
488	486	534	45
489	490	534	50
490	491	539	46
491	493	539	64
492	493	547	30
493	494	550	29
494	496	537	51
495	497	532	67
496	498	527	70
497	500	547	47
498	500	528	57
499	500	557	62
