433	100	0	0
0	1	5	82
1	1	25	90
2	1	4	71
3	1	20	63
4	1	23	77
5	1	10	39
6	1	6	35
7	1	3	84
8	1	2	73
9	1	23	23
10	1	8	18
11	1	17	55
12	1	21	65
13	1	8	82
14	1	5	16
15	1	5	42
16	1	9	10
17	1	20	82
18	1	19	56
19	1	2	13
20	1	12	83
21	1	3	31
22	1	11	69
23	1	2	15
24	1	4	52
25	2	13	67
26	2	7	70
27	2	9	51
28	3	27	67
29	3	10	12
30	4	6	75
31	4	16	37
32	5	34	34
33	5	13	58
34	5	7	74
35	6	18	70
36	6	17	28
37	7	11	33
38	7	15	27
39	8	24	87
40	8	18	60
41	9	13	26
42	9	12	30
43	10	15	31
44	10	14	32
45	11	25	87
46	11	32	75
47	12	14	38
48	12	71	13
49	13	16	35
50	13	19	57
51	13	24	55
52	14	27	55
53	14	21	93
54	15	22	29
55	15	31	74
56	16	75	63
57	16	28	17
58	17	19	36
59	17	29	36
60	18	41	24
61	18	20	24
62	19	22	56
63	19	45	26
64	19	30	35
65	20	26	41
66	20	26	71
67	20	46	22
68	21	47	57
69	21	35	36
70	22	28	52
71	22	36	81
72	23	33	62
73	23	24	97
74	24	30	55
75	24	28	18
76	24	37	43
77	25	58	93
78	25	38	98
79	26	29	100
80	26	45	17
81	27	36	47
82	27	51	98
83	28	32	19
84	28	53	50
85	28	34	62
86	29	30	96
87	29	43	34
88	30	33	64
89	30	37	57
90	30	31	85
91	31	43	55
92	31	39	25
93	32	33	61
94	32	44	24
95	33	35	27
96	33	36	61
97	33	51	52
98	34	78	53
99	34	46	46
100	35	48	81
101	35	38	31
102	36	50	65
103	36	40	74
104	36	72	36
105	37	54	88
106	37	42	65
107	38	40	51
108	38	39	20
109	39	64	78
110	39	44	36
111	40	41	49
112	40	68	51
113	41	42	60
114	41	60	57
115	42	48	29
116	42	49	10
117	43	53	13
118	43	57	22
119	44	82	77
120	44	49	24
121	45	47	17
122	45	65	24
123	46	68	52
124	46	55	86
125	47	59	21
126	47	50	97
127	48	52	59
128	48	81	69
129	49	53	23
130	49	50	88
131	50	66	92
132	50	52	97
133	50	55	93
134	51	56	92
135	51	76	48
136	52	59	35
137	52	57	94
138	53	55	49
139	53	65	91
140	53	54	47
141	54	76	99
142	54	62	94
143	55	58	71
144	55	56	97
145	55	118	89
146	56	61	27
147	56	63	33
148	57	58	99
149	57	61	97
150	58	67	16
151	58	84	98
152	58	60	79
153	59	91	100
154	59	77	29
155	60	62	67
156	60	74	27
157	61	63	53
158	61	70	37
159	62	69	16
160	62	64	10
161	63	70	65
162	63	68	75
163	64	65	21
164	64	66	37
165	65	82	80
166	65	67	73
167	65	72	93
168	66	83	23
169	66	75	50
170	67	73	79
171	67	98	72
172	68	69	55
173	68	69	35
174	68	102	35
175	69	86	55
176	69	86	26
177	69	71	59
178	70	73	77
179	70	77	78
180	71	83	63
181	71	74	10
182	72	79	27
183	72	91	13
184	73	100	15
185	73	80	46
186	74	78	63
187	74	79	51
188	75	88	29
189	75	85	30
190	76	91	54
191	76	93	82
192	77	81	38
193	77	92	12
194	78	95	92
195	78	79	63
196	79	80	79
197	79	107	76
198	79	97	33
199	80	84	26
200	80	85	51
201	81	90	58
202	81	85	55
203	82	94	48
204	82	84	44
205	83	89	43
206	83	93	62
207	84	97	97
208	84	112	54
209	84	89	78
210	85	96	95
211	85	95	25
212	85	87	96
213	86	99	11
214	86	87	76
215	87	88	83
216	87	109	66
217	88	98	68
218	88	90	38
219	89	92	51
220	89	120	29
221	90	115	27
222	90	101	82
223	91	93	61
224	91	99	22
225	91	99	66
226	92	100	20
227	92	102	65
228	93	94	57
229	93	101	47
230	93	96	93
231	94	128	29
232	94	130	87
233	95	100	62
234	95	108	45
235	96	101	59
236	96	114	19
237	97	104	17
238	97	108	30
239	98	103	10
240	98	107	75
241	99	112	77
242	99	111	74
243	99	105	93
244	100	109	12
245	100	104	59
246	100	116	20
247	101	118	33
248	101	103	94
249	101	119	76
250	102	123	25
251	102	108	11
252	103	105	100
253	103	106	100
254	104	106	60
255	104	124	39
256	105	140	10
257	105	152	62
258	106	114	37
259	106	158	73
260	107	110	58
261	107	132	52
262	108	113	97
263	108	114	92
264	108	110	81
265	109	113	66
266	109	117	42
267	110	111	51
268	110	116	88
269	111	121	97
270	111	122	60
271	112	126	63
272	112	126	31
273	113	115	74
274	113	117	83
275	114	122	60
276	114	127	97
277	114	125	43
278	115	121	61
279	115	120	40
280	116	128	69
281	116	138	95
282	117	131	93
283	117	144	70
284	118	128	86
285	118	119	42
286	119	135	28
287	119	138	24
288	120	133	60
289	120	125	11
290	121	129	34
291	121	123	42
292	122	127	91
293	122	123	72
294	123	132	92
295	123	139	24
296	123	124	91
297	124	136	88
298	124	130	24
299	125	129	73
300	125	167	59
301	126	133	80
302	126	135	89
303	127	134	70
304	127	144	75
305	128	139	84
306	128	131	17
307	128	139	45
308	129	136	89
309	129	133	20
310	130	151	49
311	130	140	12
312	131	163	41
313	131	132	60
314	132	137	47
315	132	155	80
316	132	134	80
317	133	146	15
318	133	153	98
319	133	149	96
320	134	142	45
321	134	147	44
322	135	137	86
323	135	146	95
324	136	143	84
325	136	153	69
326	137	138	87
327	137	148	14
328	138	165	85
329	138	168	64
330	138	150	65
331	139	142	63
332	139	141	47
333	139	141	29
334	140	143	48
335	140	148	21
336	141	152	73
337	141	145	41
338	142	164	45
339	142	146	92
340	143	144	76
341	143	180	60
342	144	157	20
343	144	145	35
344	144	148	57
345	145	147	77
346	145	171	56
347	146	147	88
348	146	161	82
349	146	150	70
350	147	159	30
351	147	162	64
352	147	156	99
353	148	151	67
354	148	154	86
355	148	149	17
356	149	155	30
357	149	156	30
358	150	156	37
359	150	152	46
360	151	161	12
361	151	160	13
362	152	174	62
363	152	158	71
364	152	162	49
365	153	154	98
366	153	159	70
367	154	162	15
368	154	165	86
369	155	158	42
370	155	183	60
371	156	160	64
372	156	157	75
373	156	161	47
374	157	185	90
375	157	165	18
376	158	169	91
377	158	170	66
378	158	180	17
379	159	166	39
380	159	163	18
381	160	172	14
382	160	163	36
383	161	170	23
384	161	171	13
385	161	164	12
386	162	166	19
387	162	227	99
388	162	172	30
389	163	167	17
390	163	177	51
391	163	169	35
392	164	185	23
393	164	179	30
394	165	166	88
395	165	175	42
396	165	187	74
397	166	176	87
398	166	167	90
399	166	174	28
400	167	168	64
401	167	185	30
402	167	174	35
403	168	173	95
404	168	177	87
405	169	177	44
406	169	182	13
407	170	173	30
408	170	173	98
409	171	192	59
410	171	188	90
411	172	186	69
412	172	192	72
413	173	176	79
414	173	195	56
415	173	184	64
416	174	175	11
417	174	181	89
418	174	189	41
419	175	199	36
420	175	179	11
421	176	190	85
422	176	178	77
423	177	183	63
424	177	178	84
425	177	179	57
426	178	187	39
427	178	194	26
428	179	190	45
429	179	198	47
430	179	188	49
431	180	188	77
432	180	181	69
