2679	100	0	0
0	1	3	28
1	1	2	30
2	1	6	42
3	1	5	58
4	1	7	68
5	1	4	76
6	1	7	25
7	1	4	46
8	1	10	32
9	1	7	22
10	1	17	33
11	1	7	13
12	1	3	47
13	1	2	84
14	1	14	35
15	1	12	84
16	1	5	50
17	1	3	39
18	1	3	19
19	1	4	97
20	1	9	88
21	1	2	41
22	1	9	49
23	1	3	35
24	1	2	84
25	1	2	25
26	1	8	68
27	2	3	67
28	2	6	72
29	2	13	63
30	2	4	79
31	3	6	66
32	3	9	36
33	3	9	20
34	3	5	55
35	3	4	41
36	3	5	47
37	3	11	47
38	3	6	100
39	3	21	34
40	4	6	97
41	4	6	90
42	4	6	82
43	4	8	37
44	4	15	84
45	4	5	48
46	5	19	74
47	5	7	89
48	5	9	87
49	5	7	27
50	5	7	76
51	5	7	69
52	5	6	45
53	5	8	89
54	6	11	21
55	7	15	88
56	7	8	93
57	7	8	90
58	7	12	17
59	7	12	21
60	7	10	12
61	7	11	56
62	7	16	56
63	7	13	40
64	7	14	38
65	7	9	10
66	7	20	59
67	7	9	83
68	7	8	26
69	7	9	91
70	7	8	66
71	8	10	67
72	8	14	10
73	8	12	75
74	8	16	29
75	8	10	40
76	8	18	88
77	9	10	13
78	10	18	17
79	10	15	76
80	10	11	32
81	10	12	50
82	10	15	63
83	11	22	48
84	11	13	51
85	11	15	84
86	11	14	37
87	11	12	61
88	12	17	10
89	12	15	60
90	12	13	23
91	12	19	55
92	12	15	100
93	12	13	65
94	13	19	40
95	13	16	21
96	13	14	58
97	13	19	73
98	14	20	13
99	14	15	19
100	14	15	11
101	14	17	51
102	14	28	29
103	14	16	100
104	14	22	89
105	15	21	64
106	15	17	25
107	15	16	48
108	15	21	54
109	15	22	100
110	15	37	65
111	15	18	93
112	15	16	17
113	15	17	16
114	15	21	23
115	15	21	79
116	15	25	98
117	15	17	68
118	15	26	89
119	15	26	44
120	16	23	58
121	16	17	30
122	16	21	62
123	16	41	96
124	16	22	51
125	16	17	34
126	17	18	35
127	17	22	70
128	18	20	39
129	18	20	30
130	18	21	60
131	18	23	45
132	18	20	61
133	19	23	64
134	19	30	89
135	19	21	33
136	19	24	67
137	19	21	38
138	19	29	23
139	19	22	69
140	19	20	46
141	20	30	80
142	20	21	36
143	20	23	31
144	20	23	72
145	20	31	12
146	20	29	12
147	20	24	61
148	20	27	64
149	21	22	75
150	21	24	16
151	21	30	80
152	21	23	78
153	21	22	85
154	21	29	84
155	21	22	81
156	21	25	20
157	21	25	15
158	21	22	51
159	22	23	78
160	22	41	12
161	22	26	59
162	22	26	68
163	22	25	96
164	22	26	79
165	23	27	81
166	23	31	62
167	23	26	11
168	23	24	89
169	23	26	11
170	23	31	84
171	23	24	37
172	23	33	63
173	23	25	89
174	23	24	31
175	24	27	46
176	24	34	46
177	24	27	30
178	25	27	88
179	25	27	40
180	25	31	30
181	25	27	73
182	25	26	90
183	25	29	59
184	26	28	11
185	27	29	38
186	27	36	56
187	27	28	20
188	27	28	95
189	27	31	33
190	27	28	91
191	27	29	98
192	27	30	13
193	27	31	65
194	27	35	13
195	27	28	88
196	27	28	43
197	28	29	58
198	28	32	57
199	28	34	10
200	29	38	72
201	29	31	54
202	29	30	68
203	29	33	53
204	29	39	80
205	29	38	73
206	29	39	49
207	29	31	22
208	29	37	54
209	29	31	59
210	29	30	17
211	29	33	16
212	30	33	81
213	30	34	78
214	30	33	42
215	31	32	49
216	31	33	63
217	31	34	58
218	31	34	29
219	31	32	15
220	31	33	69
221	31	32	59
222	31	32	75
223	31	34	14
224	31	33	55
225	31	34	38
226	31	33	21
227	31	37	54
228	31	38	31
229	31	32	28
230	31	32	73
231	32	34	99
232	32	42	66
233	32	33	80
234	32	39	38
235	32	43	57
236	32	35	73
237	32	34	71
238	33	37	19
239	33	36	15
240	33	36	35
241	33	49	23
242	33	35	56
243	34	36	98
244	34	35	93
245	34	40	68
246	34	35	70
247	34	36	24
248	34	39	93
249	35	36	66
250	35	36	51
251	35	42	93
252	35	38	26
253	36	50	26
254	36	43	98
255	36	42	76
256	36	38	92
257	36	38	69
258	36	39	69
259	36	39	83
260	36	43	28
261	37	38	37
262	37	39	20
263	37	40	64
264	37	41	89
265	37	43	89
266	37	43	43
267	37	40	61
268	37	51	47
269	37	38	41
270	37	43	29
271	38	40	98
272	38	45	19
273	38	41	84
274	38	42	55
275	38	43	47
276	39	48	67
277	39	50	65
278	39	43	88
279	40	45	35
280	40	41	25
281	40	43	48
282	40	48	91
283	40	41	92
284	40	41	26
285	40	41	78
286	40	41	79
287	40	41	76
288	40	41	63
289	40	43	67
290	40	45	16
291	41	50	35
292	41	62	12
293	41	49	28
294	41	42	19
295	41	43	56
296	41	48	77
297	41	58	59
298	41	45	46
299	41	51	86
300	41	45	62
301	42	44	24
302	42	46	92
303	42	51	55
304	42	49	40
305	42	44	60
306	42	46	72
307	42	44	48
308	43	46	68
309	44	49	24
310	44	49	11
311	44	48	63
312	44	52	81
313	45	47	91
314	45	49	24
315	45	49	30
316	45	53	71
317	45	46	66
318	45	46	21
319	45	46	76
320	46	49	79
321	46	47	17
322	46	48	98
323	46	48	91
324	46	48	68
325	46	51	56
326	46	47	49
327	46	52	52
328	46	47	70
329	47	57	96
330	47	49	89
331	47	53	54
332	47	61	17
333	47	55	54
334	48	51	25
335	48	55	43
336	48	54	35
337	48	51	31
338	48	57	79
339	48	52	34
340	48	60	83
341	48	57	75
342	48	49	28
343	48	53	85
344	49	50	20
345	50	54	96
346	50	52	67
347	50	52	17
348	50	63	45
349	50	51	35
350	50	51	26
351	50	58	41
352	50	55	79
353	50	54	16
354	50	53	97
355	50	64	11
356	51	54	84
357	51	56	63
358	51	53	47
359	51	52	22
360	51	53	97
361	51	60	97
362	51	55	61
363	52	56	78
364	53	57	70
365	53	59	87
366	53	55	27
367	53	58	27
368	53	62	38
369	53	54	11
370	54	61	20
371	54	62	26
372	54	55	93
373	54	62	89
374	54	59	53
375	54	56	75
376	54	57	49
377	54	67	63
378	55	61	11
379	55	56	64
380	55	56	27
381	55	61	27
382	55	57	98
383	55	60	48
384	56	68	14
385	56	62	58
386	57	61	76
387	57	65	82
388	57	60	53
389	57	58	87
390	57	60	17
391	57	64	32
392	57	61	89
393	57	71	60
394	57	64	86
395	57	59	87
396	57	64	36
397	57	58	67
398	57	59	16
399	58	75	88
400	58	61	68
401	58	59	65
402	59	60	58
403	59	64	39
404	59	62	91
405	60	75	89
406	60	64	99
407	60	63	84
408	60	71	100
409	60	61	89
410	60	62	91
411	60	69	17
412	60	76	90
413	61	62	78
414	61	62	56
415	61	69	63
416	61	62	84
417	61	69	43
418	61	70	68
419	61	67	41
420	61	63	28
421	61	68	79
422	61	66	47
423	61	63	62
424	62	69	76
425	62	65	71
426	62	68	52
427	62	68	95
428	63	77	74
429	64	69	42
430	64	65	77
431	64	67	10
432	64	70	69
433	64	65	27
434	64	66	45
435	64	66	93
436	64	70	62
437	64	67	44
438	65	66	76
439	65	66	93
440	65	71	39
441	65	77	58
442	65	70	88
443	65	66	67
444	66	69	31
445	66	67	48
446	66	71	21
447	67	68	64
448	67	71	48
449	67	75	63
450	67	71	49
451	67	72	10
452	67	68	19
453	67	69	86
454	67	68	57
455	67	69	78
456	67	70	98
457	68	70	30
458	68	70	92
459	68	74	38
460	68	72	83
461	68	69	46
462	68	70	43
463	68	72	33
464	69	73	77
465	69	72	57
466	69	70	44
467	69	80	22
468	69	74	64
469	69	71	69
470	70	72	78
471	70	74	80
472	70	81	56
473	70	71	76
474	70	80	48
475	70	71	54
476	70	77	31
477	70	74	79
478	70	75	68
479	70	72	10
480	70	72	38
481	70	73	17
482	70	80	62
483	71	73	89
484	71	80	88
485	71	72	57
486	71	72	59
487	71	74	51
488	71	73	90
489	71	75	31
490	71	76	79
491	71	72	14
492	71	73	47
493	72	73	43
494	72	73	100
495	72	78	39
496	72	74	26
497	72	73	74
498	72	73	24
499	72	76	28
500	72	73	97
501	72	73	34
502	73	79	30
503	73	77	16
504	73	75	18
505	73	75	36
506	73	77	27
507	73	75	93
508	73	75	61
509	73	75	24
510	73	76	28
511	73	79	76
512	74	81	64
513	74	80	90
514	74	78	76
515	74	84	27
516	75	87	37
517	75	76	33
518	75	82	57
519	75	76	47
520	76	85	70
521	76	77	58
522	76	80	61
523	76	83	50
524	76	77	30
525	76	87	60
526	76	82	79
527	76	77	100
528	76	84	29
529	76	77	57
530	76	90	22
531	76	79	45
532	76	78	55
533	76	82	71
534	76	77	36
535	77	80	46
536	77	79	39
537	77	79	27
538	77	78	83
539	77	79	15
540	77	78	14
541	77	90	10
542	77	78	92
543	77	84	38
544	78	79	82
545	78	79	88
546	78	92	49
547	78	102	32
548	78	80	37
549	78	92	45
550	79	100	57
551	79	92	38
552	79	81	81
553	79	81	30
554	79	92	12
555	79	80	71
556	79	80	25
557	80	85	46
558	80	93	76
559	80	87	94
560	80	81	43
561	80	83	23
562	80	93	91
563	80	83	76
564	81	85	94
565	81	82	33
566	81	93	87
567	81	85	67
568	81	85	52
569	81	84	40
570	81	83	76
571	82	89	27
572	82	84	66
573	82	84	86
574	83	86	84
575	84	86	57
576	84	85	28
577	84	93	98
578	84	86	35
579	84	86	20
580	84	88	71
581	84	87	58
582	84	91	75
583	85	86	96
584	85	86	64
585	85	86	29
586	85	91	62
587	85	94	95
588	85	86	14
589	85	91	59
590	85	91	98
591	86	89	91
592	86	88	81
593	86	88	41
594	86	90	28
595	86	87	62
596	86	88	27
597	86	92	59
598	86	89	13
599	86	89	41
600	87	89	89
601	87	88	82
602	87	92	65
603	87	88	52
604	88	110	19
605	88	89	17
606	88	97	20
607	88	99	15
608	88	93	100
609	88	91	34
610	88	93	81
611	88	91	99
612	88	119	36
613	89	91	13
614	89	95	12
615	89	90	96
616	89	91	40
617	89	90	51
618	90	95	92
619	90	92	46
620	90	92	80
621	91	99	31
622	91	94	55
623	91	96	52
624	91	93	93
625	91	92	22
626	92	93	51
627	92	96	24
628	92	94	16
629	92	95	95
630	92	94	12
631	92	95	31
632	92	94	100
633	93	94	54
634	93	108	15
635	93	97	98
636	93	96	32
637	93	95	25
638	93	96	71
639	93	95	64
640	93	99	75
641	93	97	65
642	93	94	69
643	93	95	26
644	94	96	90
645	94	99	49
646	94	104	67
647	94	95	93
648	95	96	39
649	95	104	86
650	95	105	62
651	95	98	43
652	95	107	14
653	95	97	13
654	95	98	55
655	95	99	46
656	95	100	10
657	95	96	60
658	95	97	31
659	95	97	60
660	95	98	41
661	95	104	96
662	96	103	81
663	96	99	13
664	96	100	100
665	96	101	37
666	96	99	61
667	96	97	20
668	96	105	90
669	97	108	64
670	97	98	80
671	97	99	95
672	98	103	59
673	98	103	97
674	98	102	45
675	98	99	85
676	98	101	40
677	98	103	18
678	98	106	64
679	98	101	83
680	98	105	91
681	98	104	38
682	98	107	17
683	99	104	99
684	100	105	82
685	100	101	53
686	100	102	92
687	100	112	51
688	100	102	45
689	100	105	48
690	100	108	37
691	101	103	16
692	101	108	91
693	101	102	92
694	102	106	45
695	102	114	62
696	102	103	38
697	102	109	38
698	103	104	78
699	103	104	100
700	103	105	96
701	103	108	76
702	103	110	45
703	103	106	62
704	104	105	88
705	104	109	40
706	104	109	55
707	104	105	23
708	104	114	51
709	105	109	63
710	105	113	96
711	105	107	18
712	105	106	54
713	105	110	96
714	105	108	16
715	105	111	45
716	105	112	76
717	105	112	86
718	105	111	98
719	105	112	30
720	105	110	56
721	106	109	74
722	106	110	99
723	106	109	82
724	106	107	62
725	107	117	48
726	107	109	15
727	107	110	45
728	107	108	29
729	107	114	41
730	107	108	26
731	108	112	79
732	108	110	17
733	108	109	23
734	109	111	65
735	109	118	55
736	109	110	100
737	109	113	69
738	109	114	74
739	109	116	42
740	109	121	20
741	109	112	30
742	109	117	87
743	109	113	58
744	109	113	37
745	109	115	65
746	109	117	20
747	109	111	93
748	109	110	87
749	110	113	60
750	110	111	68
751	110	111	59
752	110	111	57
753	110	112	54
754	110	116	12
755	110	114	97
756	110	111	26
757	111	112	89
758	112	116	74
759	112	113	28
760	112	116	15
761	112	121	43
762	112	113	52
763	112	118	80
764	112	118	39
765	112	118	30
766	112	113	62
767	112	115	19
768	112	116	33
769	113	120	84
770	113	117	63
771	113	120	72
772	113	124	14
773	114	117	55
774	114	126	38
775	114	123	96
776	114	116	74
777	114	117	36
778	114	115	81
779	114	123	65
780	114	120	88
781	114	116	35
782	114	119	18
783	114	116	100
784	114	120	86
785	114	115	59
786	115	116	11
787	116	120	91
788	116	120	52
789	116	120	67
790	116	117	52
791	116	128	78
792	116	120	19
793	116	118	45
794	116	121	27
795	116	121	17
796	116	129	37
797	116	117	50
798	117	118	29
799	117	132	43
800	117	119	99
801	117	122	85
802	117	128	55
803	117	123	33
804	117	123	30
805	117	120	98
806	117	118	54
807	117	122	93
808	118	130	18
809	119	122	94
810	119	123	70
811	120	121	90
812	120	122	65
813	120	136	40
814	120	121	33
815	120	125	48
816	120	127	86
817	120	123	97
818	120	128	50
819	120	125	70
820	120	121	47
821	120	134	41
822	120	125	57
823	120	121	77
824	120	124	81
825	120	127	45
826	120	125	88
827	121	123	97
828	122	126	97
829	122	127	26
830	122	123	79
831	122	123	82
832	122	124	61
833	122	124	65
834	122	132	37
835	123	125	36
836	123	128	43
837	123	128	96
838	123	124	38
839	123	124	26
840	123	130	75
841	123	127	48
842	123	126	37
843	123	131	72
844	123	138	96
845	123	127	29
846	123	127	45
847	124	128	40
848	125	130	77
849	125	129	74
850	125	127	92
851	125	131	58
852	125	128	72
853	125	150	35
854	126	128	84
855	126	131	93
856	126	135	43
857	126	128	27
858	126	131	16
859	126	141	69
860	127	131	28
861	128	129	100
862	128	129	30
863	128	130	25
864	128	129	32
865	128	133	30
866	128	132	41
867	128	139	18
868	128	129	41
869	128	136	10
870	128	133	13
871	128	132	47
872	128	142	92
873	128	134	84
874	129	138	45
875	129	132	50
876	129	131	69
877	129	131	40
878	129	134	50
879	129	130	69
880	129	130	10
881	129	134	64
882	129	138	98
883	130	131	73
884	130	134	35
885	130	131	11
886	130	145	51
887	130	139	100
888	131	133	37
889	131	139	87
890	131	142	57
891	131	137	31
892	131	132	66
893	131	132	34
894	131	134	69
895	131	135	34
896	131	133	38
897	132	136	49
898	132	134	45
899	132	134	75
900	132	139	91
901	133	141	51
902	133	141	63
903	134	143	40
904	134	135	99
905	134	136	18
906	134	137	36
907	134	138	35
908	135	139	63
909	135	139	26
910	135	136	62
911	135	139	89
912	135	140	86
913	135	137	71
914	135	137	38
915	135	152	42
916	135	138	87
917	136	141	90
918	136	137	51
919	136	138	58
920	136	140	70
921	136	140	44
922	136	140	71
923	137	138	97
924	137	148	37
925	137	141	62
926	137	138	23
927	137	138	67
928	137	139	30
929	138	145	38
930	138	140	90
931	138	160	52
932	138	150	99
933	138	141	88
934	138	139	28
935	138	140	68
936	139	141	35
937	139	141	11
938	139	140	80
939	139	145	35
940	139	149	72
941	139	142	24
942	139	140	84
943	140	146	86
944	140	141	67
945	140	144	87
946	140	142	48
947	140	141	75
948	140	143	44
949	140	145	45
950	140	143	19
951	140	146	39
952	140	143	99
953	140	146	62
954	141	145	17
955	141	142	27
956	141	147	93
957	141	146	27
958	141	148	88
959	141	151	17
960	141	143	32
961	142	147	89
962	142	144	55
963	142	159	52
964	142	145	48
965	142	146	74
966	142	143	85
967	142	144	22
968	142	143	31
969	143	152	78
970	144	145	45
971	144	151	84
972	144	150	59
973	144	147	79
974	144	148	32
975	144	146	31
976	144	147	72
977	144	153	25
978	145	154	91
979	145	153	97
980	145	151	67
981	145	146	15
982	145	151	33
983	145	157	21
984	145	157	57
985	145	151	50
986	145	156	53
987	145	147	89
988	145	146	35
989	146	147	66
990	147	148	82
991	147	149	34
992	147	150	77
993	147	149	93
994	147	167	73
995	147	149	95
996	147	151	92
997	147	152	37
998	148	160	56
999	148	149	47
1000	148	176	97
1001	148	152	16
1002	148	165	61
1003	148	149	15
1004	149	153	27
1005	149	152	56
1006	149	152	91
1007	149	151	75
1008	150	154	43
1009	151	156	52
1010	151	153	37
1011	151	164	38
1012	151	155	45
1013	151	152	34
1014	151	152	18
1015	151	153	58
1016	151	155	68
1017	151	153	13
1018	152	154	29
1019	152	156	45
1020	152	153	41
1021	152	153	45
1022	152	170	18
1023	152	155	95
1024	152	161	92
1025	152	153	53
1026	152	155	22
1027	152	156	28
1028	152	154	49
1029	152	159	30
1030	153	164	52
1031	154	155	27
1032	154	156	10
1033	154	155	15
1034	154	157	19
1035	154	155	22
1036	154	159	39
1037	154	156	71
1038	154	155	95
1039	154	170	97
1040	154	156	93
1041	155	157	88
1042	155	156	30
1043	155	158	12
1044	155	156	57
1045	155	166	61
1046	155	158	70
1047	156	165	38
1048	156	164	72
1049	156	161	27
1050	156	158	13
1051	156	160	89
1052	156	157	93
1053	156	160	100
1054	156	157	71
1055	156	160	83
1056	156	163	33
1057	156	159	64
1058	156	157	50
1059	156	160	44
1060	156	163	74
1061	157	161	88
1062	157	158	78
1063	157	161	25
1064	157	158	62
1065	157	168	69
1066	157	160	48
1067	158	167	43
1068	159	160	89
1069	160	164	90
1070	160	165	54
1071	160	163	83
1072	160	169	80
1073	160	162	19
1074	160	163	32
1075	160	161	23
1076	160	162	93
1077	160	161	32
1078	160	164	22
1079	160	163	24
1080	160	167	93
1081	160	162	90
1082	161	163	54
1083	161	163	57
1084	162	163	71
1085	162	164	74
1086	162	165	81
1087	162	164	60
1088	162	168	93
1089	162	167	15
1090	162	173	21
1091	162	166	65
1092	162	167	66
1093	162	163	73
1094	162	171	46
1095	163	168	14
1096	164	165	12
1097	164	170	71
1098	164	165	24
1099	164	166	83
1100	164	170	66
1101	164	172	56
1102	165	167	50
1103	165	166	79
1104	165	167	33
1105	165	171	29
1106	165	170	97
1107	165	171	12
1108	165	168	38
1109	165	169	86
1110	165	168	52
1111	165	167	77
1112	165	167	64
1113	165	171	20
1114	166	169	21
1115	167	177	67
1116	167	174	65
1117	167	178	12
1118	167	168	48
1119	167	169	81
1120	167	170	47
1121	167	169	86
1122	168	169	74
1123	168	169	25
1124	168	176	91
1125	168	170	29
1126	168	179	51
1127	168	172	58
1128	168	175	71
1129	168	173	38
1130	168	172	85
1131	168	169	81
1132	168	175	45
1133	169	170	16
1134	169	172	12
1135	170	172	78
1136	170	171	60
1137	170	181	29
1138	170	171	87
1139	170	171	90
1140	170	173	58
1141	170	176	85
1142	170	172	77
1143	170	172	85
1144	170	175	34
1145	170	179	79
1146	170	176	61
1147	170	172	31
1148	170	171	47
1149	171	176	63
1150	171	172	76
1151	171	178	35
1152	171	181	95
1153	171	194	12
1154	171	174	96
1155	171	173	32
1156	171	173	63
1157	171	176	84
1158	171	172	14
1159	171	174	49
1160	172	176	87
1161	172	174	38
1162	172	173	23
1163	172	174	49
1164	172	173	18
1165	172	173	96
1166	172	177	37
1167	172	184	42
1168	172	178	25
1169	173	174	14
1170	173	179	72
1171	173	180	76
1172	173	176	55
1173	173	185	70
1174	173	176	18
1175	174	177	19
1176	174	189	18
1177	174	187	86
1178	175	177	45
1179	175	180	76
1180	175	180	14
1181	175	177	65
1182	175	188	75
1183	176	178	86
1184	176	183	94
1185	176	179	50
1186	176	178	29
1187	176	177	18
1188	176	179	38
1189	176	182	98
1190	176	181	23
1191	176	177	31
1192	176	184	90
1193	177	183	73
1194	177	181	58
1195	177	181	100
1196	177	180	42
1197	177	178	63
1198	177	181	37
1199	177	178	32
1200	177	181	34
1201	178	180	67
1202	178	191	86
1203	178	182	13
1204	179	188	94
1205	179	182	76
1206	179	180	66
1207	179	183	34
1208	179	196	48
1209	179	182	39
1210	180	188	11
1211	181	189	21
1212	181	187	30
1213	181	190	76
1214	181	185	59
1215	181	184	12
1216	181	184	64
1217	181	187	19
1218	181	211	26
1219	181	182	82
1220	181	185	92
1221	181	186	27
1222	182	194	14
1223	182	186	88
1224	182	187	21
1225	182	185	51
1226	182	188	66
1227	182	184	63
1228	182	183	25
1229	182	185	50
1230	182	185	19
1231	182	192	19
1232	183	188	44
1233	183	185	86
1234	183	185	13
1235	184	187	75
1236	184	187	78
1237	185	193	60
1238	185	187	42
1239	185	186	14
1240	185	195	65
1241	185	187	21
1242	185	192	29
1243	185	192	86
1244	185	186	94
1245	186	188	32
1246	186	188	20
1247	186	191	62
1248	186	190	42
1249	187	193	99
1250	187	203	51
1251	187	193	67
1252	187	189	38
1253	187	194	78
1254	187	188	67
1255	187	191	91
1256	187	194	88
1257	188	191	59
1258	188	195	19
1259	188	200	60
1260	188	199	42
1261	188	190	13
1262	189	192	85
1263	189	191	79
1264	189	190	69
1265	189	205	86
1266	189	202	83
1267	189	193	34
1268	189	194	81
1269	189	196	67
1270	189	192	46
1271	190	192	100
1272	190	194	11
1273	190	197	21
1274	190	193	64
1275	190	191	89
1276	191	192	84
1277	191	197	75
1278	191	196	78
1279	191	192	31
1280	191	195	57
1281	191	194	94
1282	191	199	60
1283	192	193	86
1284	193	196	43
1285	193	195	40
1286	193	194	18
1287	193	199	15
1288	193	195	60
1289	193	194	86
1290	193	195	48
1291	193	203	11
1292	193	205	74
1293	193	195	78
1294	193	195	61
1295	193	203	91
1296	194	197	56
1297	194	203	39
1298	194	200	72
1299	194	201	71
1300	194	196	72
1301	194	195	37
1302	194	195	80
1303	195	198	11
1304	195	201	99
1305	195	196	48
1306	195	196	59
1307	195	201	51
1308	195	196	84
1309	195	199	67
1310	195	197	36
1311	195	199	75
1312	195	196	40
1313	196	197	11
1314	196	198	27
1315	196	214	58
1316	196	197	77
1317	197	202	30
1318	197	199	55
1319	197	200	14
1320	197	210	39
1321	197	198	38
1322	197	200	19
1323	197	198	23
1324	197	198	15
1325	198	202	20
1326	198	206	40
1327	198	199	17
1328	198	201	31
1329	198	205	52
1330	198	199	37
1331	198	200	32
1332	198	201	57
1333	198	209	14
1334	198	201	63
1335	199	204	76
1336	199	207	72
1337	199	203	92
1338	199	212	72
1339	199	201	96
1340	199	214	72
1341	199	202	33
1342	199	207	98
1343	199	200	66
1344	200	203	35
1345	200	204	25
1346	200	207	78
1347	200	207	97
1348	201	202	51
1349	202	207	95
1350	202	206	81
1351	202	204	70
1352	203	209	65
1353	203	215	96
1354	203	205	97
1355	203	208	31
1356	203	204	29
1357	203	206	55
1358	203	204	29
1359	203	210	26
1360	203	206	22
1361	203	208	15
1362	203	208	28
1363	203	213	24
1364	203	208	98
1365	203	204	38
1366	204	209	97
1367	204	205	82
1368	204	205	61
1369	204	209	54
1370	204	211	79
1371	204	222	48
1372	204	208	39
1373	204	213	35
1374	205	211	90
1375	206	216	83
1376	206	212	64
1377	206	207	35
1378	206	214	90
1379	206	212	38
1380	207	208	27
1381	208	209	94
1382	208	219	36
1383	208	217	47
1384	208	210	76
1385	208	211	79
1386	208	226	37
1387	208	214	42
1388	208	212	100
1389	208	213	48
1390	209	210	40
1391	209	210	87
1392	209	210	63
1393	209	212	26
1394	209	210	10
1395	209	213	60
1396	209	212	10
1397	209	214	62
1398	209	212	99
1399	209	215	11
1400	210	215	99
1401	210	217	22
1402	210	213	21
1403	210	235	22
1404	210	211	56
1405	210	218	97
1406	210	212	100
1407	210	213	82
1408	211	238	63
1409	211	217	44
1410	211	212	32
1411	211	213	93
1412	212	214	81
1413	212	214	65
1414	212	220	87
1415	213	223	27
1416	213	214	94
1417	213	216	63
1418	213	215	97
1419	213	215	92
1420	213	217	35
1421	213	215	34
1422	214	216	70
1423	214	218	71
1424	214	224	98
1425	214	220	73
1426	214	216	32
1427	214	245	71
1428	214	215	28
1429	215	216	44
1430	215	220	66
1431	215	219	96
1432	215	217	27
1433	215	226	88
1434	215	221	57
1435	215	219	31
1436	215	218	22
1437	215	216	90
1438	215	221	46
1439	215	217	53
1440	215	216	63
1441	215	219	40
1442	215	216	36
1443	216	220	74
1444	216	221	25
1445	216	218	58
1446	216	222	66
1447	217	219	57
1448	218	222	74
1449	218	219	42
1450	218	227	33
1451	218	219	95
1452	218	227	92
1453	218	219	61
1454	218	219	49
1455	218	223	55
1456	218	221	55
1457	218	226	65
1458	219	226	61
1459	219	223	87
1460	219	223	67
1461	220	222	11
1462	220	221	21
1463	220	232	53
1464	220	221	67
1465	220	233	60
1466	220	221	54
1467	220	224	100
1468	220	222	98
1469	220	222	47
1470	220	221	41
1471	220	224	47
1472	221	223	99
1473	221	223	27
1474	221	227	73
1475	221	228	28
1476	221	222	19
1477	222	223	13
1478	222	228	74
1479	222	225	36
1480	222	223	40
1481	222	227	31
1482	222	226	11
1483	222	226	72
1484	222	226	71
1485	222	225	72
1486	222	224	75
1487	223	225	10
1488	223	236	61
1489	223	228	90
1490	223	226	53
1491	223	227	17
1492	223	225	14
1493	223	225	11
1494	223	225	43
1495	224	225	17
1496	224	225	53
1497	224	225	29
1498	224	230	63
1499	224	228	61
1500	224	225	85
1501	224	231	13
1502	225	231	68
1503	225	228	40
1504	225	226	13
1505	225	227	77
1506	225	229	99
1507	225	229	39
1508	225	227	42
1509	225	238	62
1510	225	226	27
1511	226	233	18
1512	226	236	10
1513	226	233	93
1514	226	230	67
1515	226	235	38
1516	226	228	47
1517	226	233	23
1518	227	229	50
1519	227	231	87
1520	227	228	50
1521	227	232	39
1522	228	230	59
1523	228	236	77
1524	228	234	26
1525	228	230	81
1526	228	232	65
1527	228	235	77
1528	228	229	26
1529	229	237	83
1530	229	234	49
1531	229	231	21
1532	229	236	61
1533	229	232	30
1534	230	232	60
1535	230	238	100
1536	230	233	21
1537	230	235	27
1538	230	241	78
1539	230	234	54
1540	231	239	87
1541	231	244	77
1542	232	238	25
1543	232	234	69
1544	232	234	34
1545	233	237	59
1546	233	242	79
1547	233	251	18
1548	233	236	92
1549	234	239	49
1550	234	241	82
1551	234	248	74
1552	234	235	60
1553	234	241	18
1554	234	245	52
1555	234	240	95
1556	234	241	13
1557	234	237	93
1558	234	235	76
1559	234	236	94
1560	234	236	92
1561	234	238	25
1562	234	249	57
1563	235	244	92
1564	236	246	18
1565	236	245	43
1566	237	238	23
1567	237	241	19
1568	237	238	55
1569	237	244	40
1570	237	240	67
1571	237	243	75
1572	237	245	49
1573	237	249	92
1574	237	240	66
1575	238	239	77
1576	238	242	32
1577	238	241	100
1578	238	240	92
1579	238	251	37
1580	238	239	100
1581	238	250	96
1582	238	239	82
1583	239	244	48
1584	239	249	16
1585	240	245	16
1586	240	256	74
1587	240	244	90
1588	240	242	32
1589	240	261	69
1590	241	242	15
1591	242	245	49
1592	242	245	26
1593	242	243	51
1594	242	245	50
1595	242	244	26
1596	242	243	17
1597	243	246	11
1598	243	244	47
1599	243	247	33
1600	243	254	67
1601	244	258	18
1602	244	247	18
1603	244	253	42
1604	244	249	88
1605	244	246	55
1606	244	250	69
1607	244	245	93
1608	245	247	44
1609	245	258	33
1610	245	248	81
1611	245	251	97
1612	245	247	69
1613	245	249	19
1614	245	252	65
1615	245	248	55
1616	245	246	62
1617	246	247	22
1618	246	252	81
1619	246	254	78
1620	246	247	86
1621	246	247	65
1622	246	250	54
1623	246	248	11
1624	246	252	34
1625	246	247	46
1626	247	255	90
1627	247	248	19
1628	247	253	50
1629	248	255	60
1630	248	249	48
1631	248	254	31
1632	248	254	73
1633	248	259	53
1634	248	250	81
1635	248	249	63
1636	248	253	100
1637	248	257	98
1638	248	251	57
1639	248	253	95
1640	248	251	91
1641	249	251	25
1642	249	260	93
1643	249	251	39
1644	250	257	50
1645	250	251	46
1646	251	255	27
1647	251	253	80
1648	251	253	25
1649	251	253	45
1650	251	252	49
1651	251	254	80
1652	251	252	48
1653	251	257	32
1654	252	253	19
1655	253	254	34
1656	253	256	50
1657	253	259	15
1658	253	258	34
1659	253	257	86
1660	253	261	11
1661	253	259	51
1662	253	261	50
1663	253	254	84
1664	253	254	24
1665	253	265	53
1666	253	257	35
1667	253	255	61
1668	254	256	69
1669	254	257	77
1670	254	256	15
1671	255	271	67
1672	255	256	37
1673	255	256	85
1674	255	256	78
1675	255	260	72
1676	255	256	48
1677	255	259	31
1678	255	256	80
1679	255	259	10
1680	256	265	26
1681	256	258	64
1682	256	257	26
1683	256	257	36
1684	256	258	13
1685	256	267	95
1686	257	258	19
1687	257	260	97
1688	257	258	22
1689	257	267	42
1690	257	272	42
1691	257	258	61
1692	258	273	59
1693	258	260	28
1694	258	260	35
1695	258	259	59
1696	258	260	26
1697	258	263	93
1698	258	269	28
1699	258	261	54
1700	259	262	67
1701	259	265	42
1702	259	261	48
1703	259	261	61
1704	259	262	78
1705	259	262	17
1706	260	270	15
1707	260	264	30
1708	260	261	41
1709	260	262	27
1710	260	263	39
1711	260	276	80
1712	260	264	22
1713	261	262	88
1714	261	262	62
1715	261	264	33
1716	261	265	46
1717	261	263	16
1718	261	268	48
1719	261	263	81
1720	261	265	57
1721	261	262	42
1722	261	265	54
1723	261	263	65
1724	261	265	97
1725	261	264	24
1726	262	264	34
1727	262	271	31
1728	262	268	32
1729	263	266	91
1730	263	268	98
1731	263	267	65
1732	263	265	85
1733	263	265	32
1734	263	264	84
1735	263	264	46
1736	263	266	72
1737	263	264	10
1738	263	264	37
1739	263	267	14
1740	264	268	99
1741	264	266	63
1742	264	270	93
1743	264	272	79
1744	264	269	26
1745	264	267	12
1746	264	269	30
1747	264	269	12
1748	265	269	40
1749	265	266	33
1750	265	266	34
1751	265	269	47
1752	265	269	13
1753	265	269	90
1754	265	266	55
1755	265	270	13
1756	266	267	17
1757	266	272	93
1758	266	272	38
1759	266	269	59
1760	266	267	63
1761	266	269	37
1762	266	271	44
1763	266	270	20
1764	266	286	95
1765	267	269	88
1766	267	278	20
1767	267	270	99
1768	267	270	45
1769	267	270	44
1770	267	272	25
1771	268	272	47
1772	268	283	35
1773	268	272	94
1774	268	273	69
1775	268	280	83
1776	269	273	71
1777	270	275	28
1778	270	271	72
1779	270	276	84
1780	270	275	78
1781	270	271	91
1782	270	272	68
1783	270	271	66
1784	270	276	97
1785	270	272	92
1786	270	278	85
1787	270	273	30
1788	270	275	72
1789	270	278	85
1790	270	271	62
1791	271	276	29
1792	271	277	65
1793	271	279	24
1794	271	276	77
1795	271	273	24
1796	271	272	97
1797	271	272	66
1798	271	274	58
1799	271	282	96
1800	271	274	23
1801	272	273	41
1802	272	274	20
1803	272	273	66
1804	272	275	94
1805	272	275	73
1806	272	275	75
1807	272	282	54
1808	273	280	12
1809	274	283	24
1810	274	275	54
1811	274	275	76
1812	274	276	46
1813	274	280	41
1814	274	277	72
1815	275	279	15
1816	275	282	67
1817	275	277	49
1818	275	277	14
1819	275	278	29
1820	275	281	70
1821	275	276	37
1822	275	279	16
1823	275	277	89
1824	275	276	68
1825	276	280	35
1826	276	280	96
1827	276	283	12
1828	276	277	72
1829	276	277	99
1830	277	285	21
1831	277	290	100
1832	277	286	41
1833	277	278	73
1834	277	279	76
1835	277	279	76
1836	278	280	88
1837	278	279	46
1838	278	279	97
1839	278	290	61
1840	278	279	57
1841	278	280	91
1842	278	279	42
1843	278	283	15
1844	278	284	17
1845	279	282	33
1846	279	280	45
1847	279	283	44
1848	279	293	54
1849	279	282	50
1850	280	286	73
1851	280	286	28
1852	280	285	81
1853	280	285	89
1854	280	287	93
1855	280	281	35
1856	280	281	92
1857	280	281	79
1858	280	296	39
1859	280	293	90
1860	280	286	94
1861	280	281	44
1862	280	283	11
1863	280	281	93
1864	280	281	40
1865	280	282	56
1866	281	284	69
1867	281	286	98
1868	281	282	87
1869	281	282	31
1870	281	283	67
1871	281	282	83
1872	282	295	44
1873	282	284	52
1874	282	287	75
1875	282	287	91
1876	282	283	76
1877	282	284	91
1878	282	291	90
1879	282	288	44
1880	283	285	74
1881	284	290	79
1882	284	286	56
1883	284	288	54
1884	284	285	88
1885	284	288	13
1886	284	295	31
1887	284	286	24
1888	284	289	84
1889	284	285	47
1890	285	293	55
1891	285	295	93
1892	285	289	44
1893	285	292	40
1894	285	286	25
1895	285	287	30
1896	285	287	49
1897	285	288	66
1898	285	292	54
1899	286	290	64
1900	286	287	78
1901	287	290	94
1902	287	288	79
1903	287	294	81
1904	287	288	23
1905	287	304	80
1906	287	288	22
1907	288	294	68
1908	288	300	16
1909	288	289	78
1910	288	290	25
1911	288	293	81
1912	288	294	69
1913	288	290	50
1914	288	293	94
1915	288	289	35
1916	288	294	78
1917	289	292	25
1918	289	295	99
1919	289	290	25
1920	289	290	71
1921	289	291	33
1922	290	298	30
1923	290	295	35
1924	290	291	13
1925	290	294	37
1926	290	291	72
1927	290	292	76
1928	291	302	90
1929	291	297	13
1930	291	298	71
1931	291	293	82
1932	291	292	49
1933	291	292	85
1934	291	306	58
1935	291	299	33
1936	291	292	96
1937	291	295	80
1938	292	295	46
1939	292	294	36
1940	292	296	95
1941	292	293	41
1942	292	297	53
1943	292	296	24
1944	292	293	70
1945	292	297	47
1946	292	293	66
1947	293	297	74
1948	294	300	43
1949	294	306	70
1950	294	295	42
1951	294	296	12
1952	294	296	84
1953	294	295	41
1954	294	311	88
1955	294	302	42
1956	294	307	73
1957	295	303	66
1958	295	296	70
1959	295	299	29
1960	295	300	11
1961	295	298	81
1962	295	297	94
1963	295	298	86
1964	295	296	61
1965	295	299	53
1966	296	298	81
1967	296	297	91
1968	296	297	33
1969	296	310	44
1970	296	304	90
1971	296	298	31
1972	297	299	38
1973	297	300	16
1974	297	298	81
1975	298	310	36
1976	298	299	18
1977	298	300	68
1978	298	303	18
1979	298	302	15
1980	298	300	44
1981	298	306	24
1982	299	313	45
1983	299	301	55
1984	299	300	59
1985	299	309	51
1986	299	309	18
1987	299	306	19
1988	299	311	25
1989	299	309	92
1990	300	302	34
1991	300	301	36
1992	300	301	34
1993	300	301	79
1994	300	302	79
1995	300	302	78
1996	300	304	26
1997	300	303	24
1998	300	302	80
1999	300	301	52
2000	300	303	36
2001	301	302	60
2002	301	304	27
2003	301	310	53
2004	302	306	81
2005	302	319	51
2006	302	306	24
2007	302	307	94
2008	302	304	36
2009	302	304	14
2010	302	304	95
2011	302	304	51
2012	303	305	72
2013	303	308	96
2014	303	305	20
2015	303	307	20
2016	303	308	28
2017	303	307	69
2018	303	306	50
2019	303	304	93
2020	303	305	31
2021	304	317	48
2022	304	307	55
2023	304	305	62
2024	304	309	94
2025	305	306	86
2026	305	306	81
2027	305	307	89
2028	305	311	97
2029	305	309	45
2030	306	308	67
2031	306	307	75
2032	306	307	47
2033	306	313	28
2034	306	307	15
2035	306	313	48
2036	306	308	46
2037	306	308	83
2038	306	311	72
2039	306	311	73
2040	306	308	58
2041	307	310	64
2042	307	308	71
2043	307	308	19
2044	307	310	24
2045	307	315	56
2046	307	308	70
2047	307	309	83
2048	307	315	25
2049	307	308	87
2050	307	318	63
2051	307	309	95
2052	308	312	75
2053	309	312	81
2054	309	311	43
2055	309	310	98
2056	309	311	43
2057	309	314	17
2058	309	319	52
2059	309	311	47
2060	309	313	88
2061	309	312	68
2062	310	322	32
2063	310	314	31
2064	310	318	96
2065	310	311	51
2066	310	314	86
2067	310	317	14
2068	310	324	87
2069	311	322	78
2070	311	315	53
2071	311	313	40
2072	311	326	16
2073	311	312	29
2074	311	329	15
2075	311	313	30
2076	311	312	64
2077	311	312	39
2078	311	318	23
2079	311	312	20
2080	311	314	73
2081	312	314	14
2082	312	316	98
2083	312	318	44
2084	312	313	63
2085	312	317	43
2086	312	313	20
2087	313	325	14
2088	313	319	82
2089	313	317	49
2090	313	326	61
2091	313	316	51
2092	314	316	60
2093	314	321	50
2094	314	319	85
2095	314	315	80
2096	314	321	41
2097	314	315	14
2098	315	322	33
2099	315	316	80
2100	315	316	12
2101	315	322	71
2102	315	319	68
2103	315	320	59
2104	315	321	49
2105	315	322	97
2106	315	316	57
2107	315	324	18
2108	316	318	88
2109	316	317	94
2110	316	318	64
2111	316	325	74
2112	317	318	25
2113	318	319	25
2114	318	319	35
2115	318	321	51
2116	318	321	52
2117	318	323	69
2118	318	320	71
2119	318	319	60
2120	319	324	61
2121	319	327	74
2122	319	323	60
2123	319	337	44
2124	319	320	100
2125	319	329	17
2126	319	325	43
2127	319	329	11
2128	319	320	77
2129	320	323	21
2130	320	321	85
2131	320	325	72
2132	320	328	70
2133	320	321	94
2134	320	321	21
2135	320	335	100
2136	320	328	82
2137	320	321	70
2138	320	328	75
2139	321	325	80
2140	322	332	71
2141	322	330	69
2142	322	330	22
2143	322	325	54
2144	322	323	87
2145	322	324	19
2146	322	323	12
2147	322	323	37
2148	322	331	49
2149	322	331	21
2150	322	326	29
2151	322	331	24
2152	322	329	17
2153	323	332	12
2154	323	325	18
2155	323	325	25
2156	323	329	93
2157	323	326	24
2158	323	328	16
2159	324	325	66
2160	325	326	63
2161	325	329	54
2162	325	327	28
2163	325	327	16
2164	325	326	79
2165	326	335	26
2166	326	330	27
2167	326	327	51
2168	326	329	57
2169	326	331	44
2170	326	331	18
2171	326	331	66
2172	327	329	92
2173	327	333	95
2174	327	328	75
2175	327	328	12
2176	327	337	20
2177	328	334	89
2178	328	337	84
2179	328	330	23
2180	328	336	19
2181	328	333	27
2182	328	333	77
2183	328	351	63
2184	328	330	63
2185	328	339	37
2186	328	330	62
2187	328	329	30
2188	329	337	31
2189	330	335	23
2190	330	335	87
2191	330	334	49
2192	330	334	21
2193	330	332	20
2194	330	331	92
2195	330	331	96
2196	331	337	99
2197	331	334	71
2198	331	332	75
2199	331	332	57
2200	331	332	96
2201	331	335	95
2202	331	332	45
2203	332	334	72
2204	332	341	57
2205	332	333	35
2206	332	333	59
2207	332	335	96
2208	332	334	45
2209	332	334	52
2210	332	340	35
2211	332	334	28
2212	332	340	43
2213	332	336	31
2214	332	333	39
2215	332	343	58
2216	332	333	55
2217	332	338	52
2218	333	334	79
2219	334	339	72
2220	334	342	78
2221	334	346	38
2222	334	336	100
2223	334	337	13
2224	334	336	82
2225	334	335	18
2226	334	335	54
2227	334	337	82
2228	334	335	29
2229	334	340	93
2230	334	341	97
2231	334	336	15
2232	335	336	49
2233	335	337	47
2234	335	338	23
2235	335	340	40
2236	335	343	22
2237	335	341	29
2238	335	341	68
2239	336	344	20
2240	336	345	83
2241	336	339	75
2242	336	347	90
2243	337	338	72
2244	337	346	12
2245	337	338	85
2246	337	340	24
2247	337	339	82
2248	337	344	25
2249	337	338	56
2250	337	341	28
2251	337	353	81
2252	337	339	27
2253	338	341	36
2254	338	339	38
2255	338	360	28
2256	339	341	85
2257	339	354	34
2258	339	340	60
2259	339	340	57
2260	339	340	37
2261	339	349	49
2262	339	344	89
2263	339	346	69
2264	339	355	31
2265	339	349	74
2266	339	340	86
2267	339	340	67
2268	340	344	77
2269	340	350	15
2270	340	343	22
2271	340	344	30
2272	340	342	80
2273	340	345	73
2274	340	341	43
2275	340	341	84
2276	340	341	98
2277	341	342	51
2278	341	342	31
2279	341	347	90
2280	341	345	74
2281	341	344	37
2282	341	342	47
2283	342	343	64
2284	343	346	60
2285	343	347	48
2286	343	344	28
2287	343	348	62
2288	343	345	63
2289	343	347	62
2290	343	347	70
2291	343	348	58
2292	343	348	23
2293	343	348	72
2294	343	346	67
2295	344	349	99
2296	344	361	83
2297	344	346	74
2298	344	346	25
2299	344	348	86
2300	344	346	100
2301	344	345	43
2302	344	354	99
2303	345	346	88
2304	346	354	65
2305	346	350	41
2306	346	349	21
2307	346	355	85
2308	346	351	12
2309	346	348	41
2310	346	349	69
2311	346	350	65
2312	346	350	78
2313	346	351	84
2314	346	348	94
2315	347	352	54
2316	348	349	59
2317	348	350	27
2318	348	351	52
2319	348	349	88
2320	348	349	45
2321	348	354	97
2322	348	350	49
2323	348	369	99
2324	348	349	47
2325	348	351	14
2326	348	351	28
2327	349	358	84
2328	349	350	38
2329	349	350	56
2330	349	355	67
2331	349	357	19
2332	349	356	92
2333	350	351	58
2334	350	353	52
2335	350	353	77
2336	350	355	76
2337	350	351	58
2338	351	358	81
2339	351	352	86
2340	351	355	13
2341	351	352	31
2342	351	353	53
2343	351	363	78
2344	351	357	40
2345	351	357	18
2346	351	360	49
2347	351	352	60
2348	351	356	17
2349	351	355	18
2350	351	352	38
2351	351	352	81
2352	351	361	65
2353	352	358	49
2354	352	354	55
2355	352	355	21
2356	352	359	99
2357	352	365	92
2358	352	359	78
2359	352	355	88
2360	352	361	19
2361	353	356	10
2362	354	357	92
2363	354	359	81
2364	354	357	31
2365	354	359	10
2366	354	355	50
2367	354	357	74
2368	354	362	42
2369	355	367	37
2370	355	358	12
2371	355	359	17
2372	355	358	79
2373	356	357	41
2374	356	358	77
2375	356	357	95
2376	356	358	99
2377	357	362	12
2378	357	364	61
2379	357	360	100
2380	358	363	90
2381	358	359	66
2382	358	365	76
2383	358	368	21
2384	358	368	60
2385	358	362	94
2386	358	368	36
2387	358	363	11
2388	358	361	83
2389	358	367	97
2390	358	368	39
2391	358	360	86
2392	358	361	66
2393	358	374	19
2394	358	361	47
2395	358	359	88
2396	359	360	82
2397	359	360	36
2398	359	361	21
2399	360	366	38
2400	360	363	92
2401	360	370	58
2402	361	362	43
2403	361	363	77
2404	361	367	98
2405	361	362	40
2406	361	366	70
2407	361	366	79
2408	361	368	11
2409	361	365	53
2410	361	369	70
2411	361	364	23
2412	361	364	96
2413	362	368	11
2414	362	365	94
2415	362	381	50
2416	362	368	56
2417	362	374	44
2418	362	366	52
2419	363	364	98
2420	363	367	55
2421	363	366	50
2422	363	383	10
2423	363	367	37
2424	363	364	22
2425	363	364	80
2426	363	369	86
2427	364	369	80
2428	364	370	51
2429	364	367	85
2430	364	373	68
2431	364	370	37
2432	365	366	71
2433	365	367	33
2434	366	373	39
2435	366	368	10
2436	366	368	71
2437	366	371	49
2438	366	378	20
2439	367	373	21
2440	367	369	63
2441	367	380	66
2442	367	380	58
2443	367	370	14
2444	367	376	91
2445	367	369	12
2446	367	368	92
2447	367	372	58
2448	367	374	88
2449	368	370	84
2450	368	371	65
2451	368	371	26
2452	368	371	17
2453	368	374	88
2454	368	370	94
2455	369	370	24
2456	369	373	100
2457	369	371	95
2458	369	377	80
2459	370	387	54
2460	370	372	94
2461	370	372	12
2462	370	371	94
2463	371	372	45
2464	371	372	93
2465	371	372	42
2466	371	375	57
2467	371	372	29
2468	371	375	67
2469	371	372	36
2470	371	376	47
2471	371	375	66
2472	371	373	28
2473	371	374	29
2474	371	381	71
2475	372	373	97
2476	372	374	68
2477	372	375	82
2478	372	374	80
2479	372	381	20
2480	372	377	84
2481	372	375	16
2482	372	377	37
2483	372	382	87
2484	373	374	42
2485	373	374	67
2486	373	375	11
2487	373	376	12
2488	373	377	59
2489	373	374	70
2490	374	375	76
2491	374	376	43
2492	374	384	32
2493	374	378	48
2494	374	375	19
2495	374	375	33
2496	374	376	11
2497	374	380	78
2498	374	390	65
2499	374	379	43
2500	374	389	64
2501	374	387	29
2502	375	381	55
2503	375	383	99
2504	375	381	29
2505	376	384	32
2506	376	384	68
2507	376	379	17
2508	376	389	17
2509	376	378	17
2510	377	378	65
2511	378	384	82
2512	378	380	88
2513	378	387	27
2514	378	383	22
2515	378	381	24
2516	378	379	100
2517	378	379	42
2518	378	380	61
2519	378	389	53
2520	378	380	97
2521	378	380	88
2522	378	380	42
2523	378	382	61
2524	379	380	14
2525	379	381	41
2526	379	381	36
2527	379	380	73
2528	379	386	39
2529	380	384	59
2530	380	382	15
2531	380	388	85
2532	381	383	49
2533	381	383	80
2534	381	389	48
2535	381	386	90
2536	381	382	76
2537	381	384	79
2538	381	383	13
2539	382	385	70
2540	382	383	96
2541	382	384	21
2542	382	386	43
2543	382	391	38
2544	382	385	34
2545	382	390	17
2546	382	386	64
2547	382	388	40
2548	383	384	99
2549	383	385	42
2550	383	384	47
2551	383	388	54
2552	383	393	81
2553	383	385	47
2554	384	389	29
2555	384	387	40
2556	384	391	28
2557	385	396	38
2558	385	387	58
2559	385	389	44
2560	385	390	21
2561	385	386	59
2562	385	386	50
2563	385	388	78
2564	385	388	98
2565	385	387	44
2566	385	386	38
2567	385	391	15
2568	385	389	37
2569	385	392	61
2570	385	387	46
2571	386	387	94
2572	387	388	21
2573	387	393	47
2574	387	390	35
2575	387	390	51
2576	387	390	43
2577	388	390	81
2578	388	390	42
2579	388	395	59
2580	388	390	16
2581	388	391	23
2582	388	391	86
2583	388	393	58
2584	388	390	26
2585	388	400	40
2586	388	389	78
2587	388	389	86
2588	388	389	63
2589	388	399	87
2590	388	393	86
2591	388	391	86
2592	389	392	79
2593	389	395	78
2594	389	391	45
2595	389	394	40
2596	389	393	15
2597	389	394	46
2598	389	393	31
2599	389	391	25
2600	389	394	30
2601	389	399	80
2602	390	391	47
2603	390	423	94
2604	390	392	50
2605	390	393	50
2606	390	395	46
2607	390	397	88
2608	390	392	48
2609	390	409	13
2610	390	395	100
2611	391	392	10
2612	391	395	23
2613	391	397	21
2614	391	399	81
2615	391	395	46
2616	392	403	63
2617	393	394	54
2618	393	394	81
2619	393	398	34
2620	393	397	100
2621	393	394	36
2622	393	395	51
2623	393	395	11
2624	393	397	66
2625	393	399	26
2626	393	396	62
2627	394	396	77
2628	394	406	59
2629	394	398	50
2630	394	399	35
2631	394	396	97
2632	394	398	71
2633	394	397	36
2634	394	398	58
2635	394	397	99
2636	394	396	74
2637	394	402	72
2638	394	399	83
2639	395	401	30
2640	395	406	86
2641	395	404	16
2642	396	399	11
2643	397	399	91
2644	397	400	99
2645	397	401	84
2646	397	400	51
2647	397	400	78
2648	397	398	27
2649	397	400	100
2650	397	402	73
2651	397	402	77
2652	397	401	39
2653	398	400	22
2654	398	403	44
2655	398	399	51
2656	398	399	97
2657	398	400	75
2658	398	401	50
2659	398	400	32
2660	398	401	27
2661	398	407	89
2662	398	408	58
2663	399	406	19
2664	399	401	23
2665	399	403	98
2666	399	405	43
2667	400	402	41
2668	400	408	77
2669	400	401	56
2670	400	412	56
2671	400	402	27
2672	400	405	91
2673	400	403	65
2674	400	402	17
2675	400	401	58
2676	400	401	50
2677	400	401	58
2678	400	404	87
