3561	100	0	0
0	1	13	40
1	1	2	100
2	1	7	47
3	1	5	61
4	1	5	13
5	1	4	37
6	1	11	43
7	1	2	15
8	1	4	53
9	1	4	67
10	1	3	99
11	1	3	62
12	1	15	48
13	1	2	96
14	1	2	33
15	1	7	85
16	1	9	56
17	1	2	84
18	1	3	81
19	1	8	12
20	1	2	54
21	1	17	31
22	1	4	16
23	1	8	18
24	1	2	98
25	1	4	14
26	1	2	51
27	1	4	76
28	1	5	54
29	1	3	71
30	2	3	42
31	2	3	98
32	2	6	87
33	2	4	55
34	2	8	88
35	2	3	34
36	2	3	84
37	2	6	17
38	3	10	42
39	3	4	87
40	3	5	29
41	3	22	66
42	3	4	86
43	3	6	89
44	3	7	23
45	3	10	93
46	4	7	81
47	4	9	14
48	4	9	88
49	4	11	35
50	4	6	46
51	4	5	53
52	4	10	77
53	4	6	90
54	4	7	16
55	5	10	41
56	5	7	57
57	5	7	86
58	5	8	45
59	5	7	79
60	6	9	16
61	6	11	31
62	6	7	20
63	6	14	64
64	6	9	63
65	7	8	35
66	7	11	10
67	7	9	25
68	7	10	81
69	7	13	65
70	7	11	45
71	7	9	96
72	7	18	47
73	7	13	82
74	8	20	52
75	8	9	65
76	8	14	95
77	8	9	37
78	8	12	12
79	9	10	65
80	9	13	18
81	9	15	27
82	9	10	99
83	9	12	96
84	9	10	22
85	9	19	75
86	9	12	72
87	9	10	16
88	10	11	76
89	10	11	63
90	10	17	87
91	10	23	72
92	10	11	15
93	10	12	24
94	10	11	58
95	10	18	22
96	10	13	96
97	11	12	76
98	11	12	57
99	11	16	89
100	11	12	82
101	11	15	88
102	11	25	65
103	11	18	69
104	11	20	52
105	11	13	68
106	12	17	44
107	12	21	64
108	12	15	71
109	12	15	17
110	12	13	14
111	12	20	69
112	12	14	73
113	13	22	99
114	13	14	26
115	13	19	27
116	13	22	61
117	13	15	94
118	13	27	100
119	13	18	68
120	14	15	94
121	14	21	74
122	14	16	44
123	14	17	21
124	15	17	50
125	15	16	58
126	15	17	97
127	15	19	92
128	15	36	35
129	15	20	42
130	15	16	90
131	16	17	37
132	16	21	76
133	16	24	97
134	16	17	13
135	17	25	37
136	17	19	77
137	17	28	78
138	17	21	39
139	17	24	54
140	17	18	32
141	17	18	36
142	17	19	15
143	18	20	65
144	18	25	97
145	18	23	42
146	18	19	70
147	18	19	98
148	18	21	86
149	19	30	50
150	19	25	29
151	19	20	25
152	19	20	63
153	19	24	87
154	19	23	85
155	19	24	90
156	20	28	15
157	20	21	40
158	20	21	44
159	20	22	19
160	20	31	15
161	20	25	75
162	20	23	89
163	21	22	24
164	21	22	68
165	21	22	89
166	21	22	10
167	21	26	12
168	21	22	68
169	21	31	59
170	22	26	86
171	22	26	19
172	22	30	51
173	22	27	94
174	22	24	23
175	22	24	73
176	22	24	37
177	22	25	67
178	22	29	13
179	23	24	100
180	23	25	96
181	23	26	28
182	23	24	50
183	24	33	99
184	24	25	15
185	24	28	55
186	24	26	71
187	24	29	88
188	24	30	90
189	24	29	60
190	24	25	96
191	24	34	15
192	25	34	69
193	25	26	40
194	25	29	15
195	25	26	20
196	25	27	24
197	25	26	66
198	25	34	59
199	25	26	32
200	25	30	58
201	26	29	66
202	26	38	69
203	26	39	27
204	26	40	36
205	26	37	10
206	26	29	64
207	26	27	27
208	26	29	27
209	26	33	42
210	27	36	100
211	27	35	22
212	27	28	76
213	27	31	48
214	28	29	83
215	28	32	49
216	28	29	82
217	28	31	15
218	29	37	63
219	29	30	62
220	29	36	71
221	29	30	34
222	29	33	94
223	29	30	16
224	29	34	42
225	29	30	64
226	29	30	21
227	30	31	13
228	30	31	46
229	30	36	27
230	30	34	90
231	30	31	25
232	30	32	85
233	30	37	44
234	30	34	38
235	30	31	69
236	31	33	59
237	31	39	66
238	31	48	38
239	31	43	29
240	31	46	96
241	31	32	27
242	31	32	15
243	31	46	20
244	32	34	21
245	32	34	92
246	32	39	61
247	32	37	71
248	33	38	16
249	33	51	26
250	33	35	28
251	33	34	13
252	34	35	55
253	34	43	53
254	34	35	38
255	34	39	35
256	34	39	73
257	34	37	35
258	34	37	75
259	34	35	79
260	34	35	27
261	35	39	71
262	35	37	97
263	35	38	15
264	35	40	98
265	35	46	49
266	35	38	61
267	36	44	15
268	36	38	35
269	36	49	75
270	36	42	63
271	37	38	28
272	37	40	88
273	37	45	55
274	37	41	100
275	37	38	65
276	37	39	100
277	37	38	83
278	38	55	71
279	38	50	14
280	38	39	41
281	38	53	41
282	38	40	28
283	38	39	94
284	38	40	13
285	38	47	24
286	39	41	32
287	39	47	15
288	39	44	99
289	39	44	63
290	39	44	50
291	39	52	84
292	39	44	43
293	39	40	99
294	39	41	27
295	40	42	27
296	40	42	36
297	40	44	35
298	40	46	10
299	40	52	29
300	40	41	29
301	41	45	34
302	41	42	63
303	41	50	44
304	41	44	57
305	42	60	80
306	42	43	49
307	42	43	58
308	42	44	27
309	43	51	12
310	43	49	47
311	43	48	75
312	43	44	98
313	44	48	13
314	44	53	31
315	44	45	91
316	44	51	41
317	44	45	45
318	44	49	11
319	44	52	69
320	44	49	61
321	44	47	37
322	45	54	97
323	45	55	30
324	45	67	87
325	45	47	21
326	46	58	49
327	46	49	86
328	46	48	21
329	46	47	49
330	47	56	38
331	47	50	14
332	47	48	32
333	47	51	39
334	47	50	42
335	48	56	94
336	48	54	30
337	48	51	76
338	48	49	95
339	48	51	60
340	49	58	71
341	49	59	73
342	49	50	82
343	49	52	13
344	49	59	47
345	49	50	77
346	50	56	90
347	50	51	91
348	50	54	26
349	50	53	16
350	50	60	62
351	50	53	42
352	51	65	95
353	51	52	84
354	51	56	88
355	51	52	63
356	51	53	55
357	51	57	34
358	51	60	18
359	52	70	28
360	52	53	100
361	52	60	44
362	52	56	10
363	52	56	19
364	52	56	48
365	53	64	96
366	53	54	14
367	53	55	30
368	53	54	43
369	53	63	73
370	53	58	32
371	54	55	54
372	54	57	36
373	54	69	85
374	54	63	20
375	54	55	31
376	55	56	100
377	55	56	14
378	55	57	89
379	55	63	63
380	55	64	66
381	56	71	44
382	56	59	36
383	56	63	38
384	56	58	50
385	56	59	68
386	56	59	90
387	56	58	77
388	56	69	35
389	56	57	40
390	57	67	19
391	57	61	67
392	57	65	24
393	57	58	77
394	58	61	85
395	58	63	39
396	58	66	54
397	58	59	26
398	58	60	89
399	58	70	52
400	59	67	42
401	59	61	28
402	59	62	95
403	59	61	19
404	59	92	91
405	59	64	35
406	60	63	47
407	60	70	72
408	60	62	22
409	60	67	54
410	60	63	74
411	61	62	77
412	61	65	38
413	61	66	28
414	61	63	13
415	62	67	91
416	62	64	53
417	62	63	32
418	63	73	67
419	63	69	54
420	63	76	99
421	63	71	37
422	63	67	74
423	63	74	39
424	63	65	20
425	63	70	84
426	63	75	46
427	64	72	39
428	64	71	45
429	64	65	94
430	64	67	10
431	65	66	97
432	65	70	62
433	65	66	86
434	65	71	66
435	65	67	22
436	66	69	50
437	66	67	30
438	66	68	86
439	66	76	49
440	67	68	31
441	67	70	55
442	67	73	21
443	67	71	18
444	67	83	41
445	67	68	66
446	67	68	27
447	67	82	42
448	67	70	46
449	68	69	40
450	68	69	79
451	68	70	52
452	68	78	63
453	69	73	35
454	69	78	12
455	69	73	58
456	69	72	23
457	69	72	37
458	69	73	45
459	70	74	13
460	70	80	13
461	70	75	28
462	70	73	43
463	70	72	96
464	70	73	40
465	70	77	21
466	70	93	16
467	71	72	32
468	71	79	88
469	71	75	74
470	71	74	68
471	71	72	11
472	72	84	73
473	72	75	66
474	72	76	81
475	72	74	56
476	72	74	60
477	72	73	66
478	73	77	74
479	73	74	97
480	73	74	71
481	73	74	26
482	73	79	89
483	73	88	62
484	73	76	96
485	73	77	24
486	74	90	28
487	74	82	60
488	74	75	77
489	74	75	74
490	74	96	46
491	74	78	19
492	74	87	37
493	74	75	19
494	75	83	39
495	75	76	79
496	75	76	20
497	75	80	54
498	75	76	76
499	75	76	50
500	75	80	95
501	76	78	61
502	76	79	83
503	76	77	46
504	76	77	79
505	76	77	43
506	76	77	33
507	76	78	69
508	76	98	86
509	77	79	36
510	77	83	88
511	77	85	98
512	77	79	63
513	77	88	55
514	77	80	57
515	77	78	52
516	78	79	99
517	78	89	15
518	78	79	49
519	78	79	76
520	78	85	33
521	78	79	58
522	79	80	10
523	79	81	34
524	79	82	11
525	79	81	70
526	79	81	92
527	79	81	53
528	79	90	39
529	79	80	59
530	79	91	42
531	80	88	39
532	80	86	65
533	80	82	93
534	80	84	52
535	80	82	22
536	80	84	17
537	81	86	34
538	81	84	38
539	81	83	44
540	81	82	96
541	82	85	57
542	82	83	74
543	82	83	62
544	82	88	66
545	82	88	70
546	82	83	62
547	83	85	95
548	83	84	58
549	83	93	96
550	83	84	74
551	83	93	35
552	83	91	19
553	83	90	27
554	84	85	10
555	84	88	48
556	84	86	21
557	84	86	87
558	84	88	41
559	84	86	62
560	85	89	33
561	85	90	81
562	85	87	71
563	85	86	71
564	85	86	85
565	86	89	87
566	86	96	91
567	86	87	34
568	86	89	84
569	86	90	87
570	86	87	45
571	86	88	40
572	87	88	13
573	87	89	45
574	87	97	50
575	87	89	28
576	88	90	27
577	88	97	36
578	88	97	49
579	88	89	83
580	88	97	63
581	88	91	87
582	88	94	36
583	88	89	42
584	88	89	69
585	89	94	36
586	89	90	96
587	89	95	31
588	89	91	59
589	89	94	75
590	89	93	73
591	89	96	32
592	89	90	46
593	89	90	71
594	90	96	16
595	90	92	28
596	90	92	41
597	90	91	31
598	90	93	29
599	90	98	24
600	90	99	51
601	90	92	69
602	90	94	35
603	91	97	45
604	91	93	80
605	91	93	90
606	91	94	20
607	91	94	95
608	92	102	59
609	92	95	85
610	92	94	96
611	92	99	82
612	93	106	93
613	93	104	77
614	93	94	34
615	93	101	49
616	93	94	36
617	93	97	38
618	93	103	53
619	94	95	48
620	94	98	14
621	94	100	24
622	94	103	20
623	94	108	72
624	94	95	23
625	94	100	80
626	94	96	51
627	94	100	90
628	95	98	21
629	95	98	32
630	95	99	56
631	95	102	21
632	96	102	47
633	96	102	19
634	96	97	65
635	96	102	36
636	96	98	22
637	97	99	18
638	97	98	100
639	97	98	22
640	97	98	27
641	97	101	84
642	97	115	64
643	97	104	76
644	98	99	48
645	98	100	77
646	98	103	93
647	98	107	64
648	98	99	46
649	98	100	90
650	98	116	31
651	98	100	94
652	98	104	77
653	99	113	36
654	99	102	75
655	99	120	34
656	99	101	84
657	99	102	60
658	99	101	39
659	100	105	30
660	100	101	19
661	100	119	79
662	100	101	93
663	100	102	43
664	100	104	99
665	101	105	84
666	101	103	99
667	101	105	83
668	101	106	99
669	101	110	100
670	101	123	30
671	102	113	16
672	102	105	50
673	102	105	83
674	102	107	16
675	102	104	39
676	102	107	15
677	102	105	84
678	102	103	22
679	103	105	21
680	103	108	45
681	103	106	36
682	103	107	87
683	103	105	43
684	104	106	36
685	104	107	28
686	104	109	71
687	104	105	21
688	104	115	82
689	105	112	64
690	105	114	43
691	105	107	30
692	105	112	23
693	105	106	88
694	105	110	57
695	105	108	18
696	105	106	73
697	105	118	23
698	106	108	11
699	106	110	71
700	106	115	35
701	106	119	54
702	106	108	85
703	106	110	17
704	107	108	78
705	107	114	31
706	107	108	20
707	107	123	38
708	107	111	75
709	107	108	92
710	108	113	35
711	108	110	44
712	108	110	64
713	108	109	33
714	108	109	98
715	108	110	63
716	108	115	76
717	108	110	76
718	109	113	28
719	109	111	71
720	109	111	60
721	110	111	40
722	110	112	27
723	110	112	52
724	110	112	18
725	110	117	56
726	110	111	68
727	110	111	73
728	110	113	85
729	111	116	83
730	111	121	47
731	111	117	63
732	111	148	81
733	111	112	85
734	111	113	95
735	112	113	33
736	112	113	54
737	112	113	76
738	112	116	23
739	112	114	53
740	112	118	25
741	113	126	25
742	113	115	41
743	113	116	68
744	113	115	51
745	113	115	33
746	113	123	36
747	113	114	38
748	113	118	91
749	113	120	15
750	114	115	43
751	114	117	24
752	114	126	49
753	114	115	43
754	115	119	55
755	115	124	79
756	115	118	92
757	115	121	80
758	115	117	34
759	115	118	36
760	115	121	85
761	115	125	29
762	115	116	82
763	116	125	52
764	116	124	62
765	116	118	86
766	116	125	85
767	116	117	96
768	117	118	20
769	117	118	69
770	117	119	100
771	117	125	72
772	117	118	55
773	118	126	57
774	118	123	57
775	118	121	10
776	118	136	46
777	118	122	77
778	118	124	39
779	118	121	35
780	118	121	74
781	118	124	14
782	119	120	36
783	119	123	77
784	119	124	82
785	119	126	22
786	120	129	89
787	120	121	98
788	120	121	49
789	121	132	75
790	121	125	59
791	121	122	40
792	121	122	16
793	121	123	94
794	121	129	79
795	121	122	100
796	121	123	45
797	122	125	63
798	122	124	60
799	122	131	57
800	122	125	87
801	123	134	68
802	123	129	33
803	123	128	65
804	123	129	52
805	123	127	97
806	123	131	98
807	123	143	94
808	124	125	78
809	124	128	34
810	124	129	93
811	124	126	38
812	124	125	97
813	124	127	86
814	125	130	15
815	125	130	76
816	125	129	16
817	125	128	30
818	125	127	96
819	125	126	77
820	125	130	59
821	125	130	32
822	125	128	74
823	126	128	99
824	126	127	92
825	126	129	50
826	126	134	97
827	126	128	100
828	126	127	22
829	127	131	23
830	127	132	38
831	127	131	14
832	127	136	36
833	127	131	30
834	128	129	64
835	128	131	94
836	128	135	98
837	128	137	63
838	128	129	89
839	128	132	61
840	129	132	98
841	129	135	43
842	129	130	54
843	129	131	25
844	129	130	68
845	129	133	46
846	129	131	97
847	129	130	46
848	129	130	65
849	130	132	18
850	130	137	44
851	130	136	92
852	130	132	24
853	130	140	46
854	130	132	85
855	130	133	47
856	130	132	81
857	131	144	30
858	131	136	15
859	131	135	24
860	131	149	77
861	131	137	56
862	131	133	23
863	131	137	90
864	131	140	71
865	132	140	80
866	132	133	65
867	132	137	64
868	132	136	97
869	132	136	37
870	132	134	38
871	132	135	32
872	132	137	43
873	133	134	57
874	133	135	84
875	133	158	59
876	133	138	75
877	134	139	74
878	134	138	16
879	134	135	13
880	134	138	95
881	135	149	38
882	135	139	83
883	135	142	29
884	135	136	32
885	135	139	35
886	135	136	16
887	136	150	13
888	136	138	16
889	136	137	88
890	136	141	81
891	136	138	31
892	136	144	19
893	136	137	63
894	136	154	40
895	137	142	44
896	137	138	49
897	137	146	98
898	137	140	87
899	137	138	35
900	137	138	33
901	137	139	36
902	137	150	46
903	138	145	27
904	138	140	45
905	138	142	25
906	138	141	53
907	138	145	37
908	138	153	92
909	138	140	90
910	138	142	56
911	139	148	94
912	139	141	32
913	139	147	40
914	139	148	92
915	140	156	49
916	140	141	53
917	140	145	77
918	140	142	61
919	140	146	20
920	140	145	22
921	141	146	85
922	141	142	68
923	141	144	17
924	141	155	15
925	142	143	58
926	142	146	86
927	142	145	75
928	142	146	97
929	142	147	31
930	142	143	19
931	143	145	71
932	143	148	81
933	143	147	49
934	144	148	34
935	144	146	67
936	144	152	50
937	145	147	99
938	145	149	25
939	145	151	31
940	145	152	18
941	145	146	86
942	145	152	50
943	146	151	28
944	146	147	22
945	146	148	77
946	146	155	35
947	146	156	34
948	146	148	99
949	146	151	14
950	147	148	55
951	147	148	83
952	147	152	48
953	147	150	66
954	147	152	35
955	148	149	49
956	148	149	63
957	148	162	32
958	148	152	96
959	148	149	24
960	148	149	74
961	148	158	22
962	148	152	12
963	148	151	75
964	149	151	52
965	149	155	73
966	149	153	30
967	149	151	99
968	149	158	84
969	149	150	53
970	149	151	53
971	150	154	94
972	150	161	42
973	150	153	63
974	150	151	10
975	151	152	35
976	151	156	81
977	151	161	100
978	151	153	58
979	151	155	64
980	151	154	56
981	151	160	99
982	151	152	92
983	152	159	52
984	152	153	37
985	152	156	81
986	152	155	42
987	152	156	99
988	152	158	58
989	152	153	83
990	152	154	73
991	152	159	97
992	153	157	97
993	153	157	25
994	153	157	21
995	153	156	11
996	153	157	16
997	153	165	36
998	154	158	23
999	154	161	35
1000	154	156	100
1001	154	173	14
1002	155	161	10
1003	155	157	35
1004	155	156	54
1005	155	157	30
1006	155	165	41
1007	156	157	46
1008	156	169	75
1009	156	157	69
1010	156	159	43
1011	156	159	22
1012	156	158	12
1013	156	157	68
1014	156	161	97
1015	157	160	39
1016	157	158	20
1017	157	162	85
1018	157	160	67
1019	157	175	69
1020	157	160	81
1021	157	158	37
1022	157	162	44
1023	157	169	45
1024	158	161	18
1025	158	160	86
1026	158	162	22
1027	158	161	46
1028	158	173	69
1029	158	160	17
1030	158	162	47
1031	158	165	96
1032	159	164	40
1033	159	180	31
1034	159	160	55
1035	159	160	12
1036	160	164	36
1037	160	167	73
1038	160	168	63
1039	160	168	84
1040	160	161	37
1041	160	163	27
1042	160	162	51
1043	160	163	69
1044	161	172	44
1045	161	163	14
1046	161	171	90
1047	161	163	70
1048	161	170	40
1049	161	163	38
1050	161	162	62
1051	161	167	12
1052	162	167	28
1053	162	165	66
1054	162	165	97
1055	162	167	83
1056	162	163	71
1057	162	170	66
1058	162	163	70
1059	163	168	70
1060	163	166	10
1061	163	170	21
1062	163	165	100
1063	163	166	37
1064	163	164	32
1065	163	165	63
1066	164	170	63
1067	164	170	100
1068	164	165	77
1069	165	172	23
1070	165	168	84
1071	165	168	78
1072	165	166	89
1073	165	166	19
1074	165	175	41
1075	165	172	90
1076	165	167	57
1077	166	167	23
1078	166	176	79
1079	166	177	82
1080	166	171	37
1081	167	172	76
1082	167	170	94
1083	167	168	97
1084	167	168	70
1085	167	171	78
1086	167	168	73
1087	168	169	36
1088	168	170	96
1089	168	170	20
1090	168	174	43
1091	168	169	61
1092	168	193	19
1093	168	170	50
1094	168	173	27
1095	169	172	54
1096	169	173	18
1097	169	171	61
1098	169	177	92
1099	170	174	86
1100	170	179	77
1101	170	176	43
1102	170	179	38
1103	170	175	53
1104	170	181	97
1105	170	175	100
1106	170	182	72
1107	170	172	63
1108	171	177	28
1109	171	179	21
1110	171	174	77
1111	171	172	84
1112	172	175	47
1113	172	174	59
1114	172	175	28
1115	172	173	28
1116	172	182	27
1117	172	180	88
1118	172	181	70
1119	173	178	35
1120	173	179	40
1121	173	180	75
1122	173	179	86
1123	173	177	90
1124	174	177	67
1125	174	175	11
1126	174	176	98
1127	174	180	75
1128	175	178	36
1129	175	178	85
1130	175	185	10
1131	175	177	52
1132	175	184	24
1133	175	177	64
1134	175	182	17
1135	176	184	36
1136	176	177	77
1137	176	177	44
1138	177	178	29
1139	177	180	62
1140	177	182	53
1141	177	179	84
1142	177	182	91
1143	177	180	30
1144	177	189	17
1145	177	182	33
1146	177	198	36
1147	178	192	56
1148	178	180	56
1149	178	184	96
1150	178	183	13
1151	179	188	13
1152	179	185	33
1153	179	190	20
1154	179	191	84
1155	179	189	35
1156	179	182	79
1157	180	186	89
1158	180	181	66
1159	180	185	49
1160	180	181	27
1161	180	183	82
1162	180	182	58
1163	180	183	58
1164	181	186	93
1165	181	187	73
1166	181	185	40
1167	181	182	51
1168	182	183	86
1169	182	191	65
1170	182	185	56
1171	182	184	66
1172	182	184	19
1173	182	183	43
1174	182	185	59
1175	182	194	13
1176	182	183	65
1177	183	190	57
1178	183	184	66
1179	183	186	76
1180	183	185	66
1181	183	189	92
1182	183	187	98
1183	184	186	70
1184	184	190	12
1185	184	185	72
1186	184	193	84
1187	184	196	68
1188	184	188	25
1189	185	201	16
1190	185	193	28
1191	185	188	84
1192	185	193	37
1193	185	187	98
1194	185	188	36
1195	185	193	78
1196	185	186	89
1197	186	194	78
1198	186	189	29
1199	186	190	27
1200	186	187	56
1201	186	193	42
1202	187	194	26
1203	187	189	51
1204	187	196	13
1205	187	192	79
1206	188	189	62
1207	188	201	77
1208	188	194	56
1209	188	199	76
1210	189	192	91
1211	189	195	58
1212	189	194	41
1213	189	198	83
1214	189	199	59
1215	189	198	63
1216	190	191	17
1217	190	192	13
1218	190	194	63
1219	190	194	65
1220	191	198	86
1221	191	192	67
1222	191	204	86
1223	192	195	23
1224	192	193	89
1225	192	195	81
1226	192	193	78
1227	192	193	15
1228	193	201	95
1229	193	198	80
1230	193	196	88
1231	193	195	87
1232	193	195	19
1233	193	196	25
1234	193	195	93
1235	193	195	85
1236	193	196	28
1237	194	207	98
1238	194	197	47
1239	194	197	57
1240	194	195	18
1241	194	198	51
1242	194	202	76
1243	194	196	73
1244	195	200	65
1245	195	196	68
1246	195	196	10
1247	195	197	99
1248	195	200	85
1249	195	196	61
1250	195	204	75
1251	195	207	17
1252	196	199	75
1253	196	199	51
1254	196	197	79
1255	196	206	67
1256	196	199	40
1257	196	198	99
1258	196	206	66
1259	196	206	17
1260	196	198	91
1261	197	200	80
1262	197	200	41
1263	197	200	62
1264	197	198	15
1265	198	204	50
1266	198	199	48
1267	198	199	54
1268	198	200	46
1269	198	206	98
1270	198	201	96
1271	198	199	57
1272	198	201	80
1273	198	199	20
1274	199	202	78
1275	199	217	12
1276	199	202	46
1277	199	202	55
1278	199	200	42
1279	199	206	28
1280	199	203	73
1281	199	200	96
1282	199	205	88
1283	200	202	74
1284	200	207	58
1285	200	202	75
1286	200	201	100
1287	200	201	63
1288	200	203	13
1289	200	209	93
1290	200	201	60
1291	201	209	63
1292	201	202	86
1293	201	204	81
1294	201	209	89
1295	201	205	82
1296	201	210	85
1297	201	212	75
1298	201	205	19
1299	202	212	44
1300	202	203	58
1301	202	203	93
1302	202	203	47
1303	202	212	28
1304	202	203	95
1305	202	203	47
1306	203	206	76
1307	203	210	31
1308	203	206	44
1309	203	208	50
1310	203	207	86
1311	203	204	49
1312	203	206	100
1313	204	205	54
1314	204	207	66
1315	204	206	44
1316	204	208	31
1317	204	209	40
1318	205	211	80
1319	205	212	32
1320	205	207	53
1321	205	209	17
1322	206	216	25
1323	206	211	51
1324	206	213	51
1325	206	209	80
1326	206	207	65
1327	206	207	68
1328	206	209	86
1329	206	209	54
1330	206	208	88
1331	207	211	12
1332	207	211	63
1333	207	212	74
1334	207	210	16
1335	207	213	80
1336	207	208	12
1337	207	208	73
1338	207	219	22
1339	208	209	22
1340	208	210	65
1341	208	210	36
1342	208	214	58
1343	208	211	11
1344	209	217	25
1345	209	212	97
1346	209	212	77
1347	209	233	76
1348	209	229	83
1349	209	224	38
1350	209	213	30
1351	209	210	95
1352	209	220	12
1353	210	211	17
1354	210	219	22
1355	210	211	42
1356	210	216	77
1357	210	212	74
1358	210	211	64
1359	211	222	45
1360	211	222	34
1361	211	219	44
1362	211	217	25
1363	211	234	38
1364	211	217	45
1365	211	212	45
1366	211	217	88
1367	212	213	43
1368	212	217	38
1369	212	213	56
1370	212	215	76
1371	212	214	57
1372	212	217	12
1373	212	213	28
1374	212	216	72
1375	212	214	22
1376	213	220	57
1377	213	215	71
1378	213	214	76
1379	213	221	70
1380	213	216	19
1381	213	220	76
1382	214	218	54
1383	214	215	89
1384	214	215	100
1385	214	222	46
1386	215	222	15
1387	215	222	19
1388	215	219	69
1389	215	221	85
1390	216	219	17
1391	216	221	48
1392	216	218	68
1393	216	219	83
1394	217	226	79
1395	217	226	96
1396	217	218	85
1397	217	223	15
1398	217	225	100
1399	217	218	50
1400	217	221	40
1401	218	221	51
1402	218	232	23
1403	218	222	11
1404	218	225	41
1405	219	221	18
1406	219	236	37
1407	219	227	12
1408	219	223	62
1409	219	225	30
1410	219	228	39
1411	220	223	86
1412	220	221	96
1413	220	221	56
1414	221	222	63
1415	221	224	45
1416	221	231	85
1417	221	224	62
1418	221	225	56
1419	221	231	50
1420	221	245	95
1421	221	227	92
1422	222	233	26
1423	222	230	85
1424	222	223	47
1425	222	227	37
1426	222	223	38
1427	222	228	82
1428	222	227	83
1429	223	243	62
1430	223	225	69
1431	223	231	20
1432	223	226	44
1433	223	232	98
1434	224	225	99
1435	224	227	64
1436	224	234	56
1437	225	236	20
1438	225	229	66
1439	225	226	18
1440	225	231	68
1441	225	235	17
1442	225	231	21
1443	226	229	12
1444	226	228	35
1445	226	230	82
1446	226	228	88
1447	227	228	66
1448	227	228	95
1449	227	230	16
1450	227	229	35
1451	227	233	18
1452	228	233	58
1453	228	231	12
1454	228	241	99
1455	228	229	10
1456	228	246	93
1457	228	236	50
1458	229	238	40
1459	229	231	63
1460	229	251	30
1461	229	231	20
1462	229	234	12
1463	230	231	82
1464	230	248	90
1465	230	235	63
1466	231	233	82
1467	231	238	84
1468	231	232	62
1469	231	240	25
1470	231	234	75
1471	231	236	51
1472	231	233	16
1473	231	235	87
1474	231	232	74
1475	232	233	100
1476	232	239	100
1477	232	233	60
1478	232	236	38
1479	233	238	91
1480	233	235	73
1481	233	234	49
1482	233	234	96
1483	233	234	91
1484	233	234	44
1485	233	237	36
1486	233	235	64
1487	234	236	29
1488	234	235	48
1489	234	235	73
1490	234	236	57
1491	234	235	17
1492	234	235	100
1493	234	241	59
1494	234	243	17
1495	235	241	62
1496	235	236	29
1497	235	240	78
1498	235	240	49
1499	235	240	68
1500	235	238	29
1501	235	237	40
1502	235	237	79
1503	235	252	56
1504	236	242	42
1505	236	237	94
1506	236	240	86
1507	236	244	65
1508	236	247	96
1509	236	239	76
1510	236	242	20
1511	236	239	64
1512	237	238	46
1513	237	251	23
1514	237	241	21
1515	237	240	61
1516	238	239	38
1517	238	249	66
1518	238	239	34
1519	238	244	72
1520	238	251	59
1521	239	240	67
1522	239	243	54
1523	239	243	93
1524	239	241	93
1525	239	243	97
1526	240	242	24
1527	240	246	89
1528	240	241	76
1529	240	243	24
1530	240	242	42
1531	240	244	73
1532	240	244	47
1533	241	246	65
1534	241	242	86
1535	241	246	45
1536	241	244	86
1537	241	249	100
1538	241	245	25
1539	242	246	58
1540	242	247	15
1541	242	244	51
1542	242	245	43
1543	242	243	84
1544	243	245	65
1545	243	248	75
1546	243	247	52
1547	243	245	97
1548	243	245	33
1549	243	250	22
1550	243	244	23
1551	244	245	71
1552	244	250	52
1553	244	249	65
1554	244	251	92
1555	244	245	13
1556	244	255	91
1557	244	245	45
1558	245	248	29
1559	245	252	87
1560	245	246	92
1561	245	248	24
1562	245	248	32
1563	245	254	81
1564	245	246	17
1565	245	253	14
1566	245	247	26
1567	246	249	55
1568	246	247	93
1569	246	249	41
1570	246	249	29
1571	246	250	60
1572	246	248	24
1573	246	248	65
1574	247	251	39
1575	247	249	93
1576	247	251	60
1577	247	257	85
1578	247	248	72
1579	248	258	73
1580	248	253	18
1581	248	254	75
1582	248	252	35
1583	248	250	46
1584	248	253	74
1585	248	249	37
1586	248	249	55
1587	249	269	26
1588	249	251	93
1589	249	250	88
1590	249	251	57
1591	249	254	87
1592	249	251	15
1593	249	252	43
1594	249	253	86
1595	249	256	67
1596	250	252	14
1597	250	252	63
1598	250	259	91
1599	250	253	14
1600	250	256	96
1601	251	260	80
1602	251	252	67
1603	251	254	49
1604	251	255	33
1605	251	253	37
1606	251	252	99
1607	251	258	17
1608	251	252	78
1609	251	254	76
1610	252	266	32
1611	252	255	66
1612	252	253	75
1613	252	259	48
1614	252	253	91
1615	252	267	38
1616	252	255	66
1617	252	253	25
1618	252	257	85
1619	253	257	10
1620	253	256	83
1621	253	256	37
1622	253	258	28
1623	253	262	22
1624	253	269	64
1625	253	254	31
1626	253	281	66
1627	253	262	20
1628	254	256	31
1629	254	263	34
1630	254	257	28
1631	254	255	33
1632	254	255	39
1633	254	262	52
1634	255	258	27
1635	255	256	96
1636	255	257	29
1637	255	263	56
1638	255	264	65
1639	255	256	72
1640	256	258	59
1641	256	261	25
1642	256	259	97
1643	256	258	59
1644	256	261	11
1645	256	262	38
1646	256	258	15
1647	257	265	50
1648	257	258	68
1649	257	262	80
1650	257	271	51
1651	257	258	49
1652	258	261	51
1653	258	259	83
1654	258	260	41
1655	258	260	87
1656	258	262	95
1657	258	265	34
1658	258	265	40
1659	258	259	88
1660	258	259	59
1661	259	261	19
1662	259	260	12
1663	259	260	49
1664	259	272	53
1665	259	262	30
1666	259	260	51
1667	260	263	87
1668	260	261	84
1669	260	267	34
1670	260	265	37
1671	260	265	92
1672	260	261	35
1673	261	262	55
1674	261	264	46
1675	261	264	20
1676	261	271	89
1677	261	273	48
1678	261	262	91
1679	262	263	23
1680	262	263	14
1681	262	263	55
1682	262	263	22
1683	262	264	15
1684	262	263	79
1685	262	273	41
1686	262	268	17
1687	262	268	43
1688	263	264	52
1689	263	280	12
1690	263	287	70
1691	263	271	79
1692	263	265	91
1693	263	264	23
1694	263	269	72
1695	263	265	83
1696	264	272	83
1697	264	270	48
1698	264	267	95
1699	264	272	94
1700	264	265	13
1701	264	275	67
1702	265	268	30
1703	265	272	12
1704	265	272	43
1705	265	266	45
1706	265	266	24
1707	265	268	32
1708	265	268	26
1709	265	268	70
1710	266	274	70
1711	266	268	84
1712	266	268	42
1713	267	269	11
1714	267	270	53
1715	267	268	79
1716	268	270	67
1717	268	273	100
1718	268	273	64
1719	268	271	100
1720	268	271	57
1721	268	284	18
1722	268	272	22
1723	268	269	51
1724	268	274	26
1725	269	274	48
1726	269	271	36
1727	269	275	79
1728	269	271	70
1729	269	270	63
1730	270	275	53
1731	270	275	95
1732	270	273	79
1733	270	271	58
1734	271	273	52
1735	271	272	45
1736	271	274	34
1737	271	281	26
1738	271	272	10
1739	271	273	57
1740	271	280	78
1741	271	272	22
1742	272	278	44
1743	272	277	60
1744	272	276	85
1745	272	285	78
1746	272	273	25
1747	272	273	32
1748	272	274	90
1749	272	282	75
1750	272	274	18
1751	273	274	93
1752	273	274	63
1753	273	276	86
1754	273	281	51
1755	273	274	84
1756	273	275	24
1757	273	277	90
1758	273	280	98
1759	273	279	41
1760	274	276	51
1761	274	276	33
1762	274	280	70
1763	274	278	70
1764	274	288	87
1765	274	279	14
1766	274	276	20
1767	274	275	28
1768	274	276	44
1769	275	278	58
1770	275	278	51
1771	275	276	91
1772	275	279	68
1773	275	276	87
1774	275	277	38
1775	276	285	68
1776	276	279	100
1777	276	277	30
1778	276	277	77
1779	276	278	46
1780	276	279	63
1781	276	278	55
1782	276	277	63
1783	277	282	43
1784	277	278	100
1785	277	289	88
1786	277	283	32
1787	277	280	61
1788	277	279	91
1789	278	280	59
1790	278	287	85
1791	278	279	14
1792	278	284	57
1793	278	295	98
1794	278	281	15
1795	278	280	87
1796	279	287	29
1797	279	281	26
1798	279	280	51
1799	279	280	75
1800	279	281	98
1801	279	281	83
1802	279	283	33
1803	280	283	15
1804	280	282	69
1805	280	283	78
1806	280	281	47
1807	280	285	51
1808	280	282	21
1809	280	281	14
1810	280	290	88
1811	280	283	84
1812	281	283	45
1813	281	282	54
1814	281	287	37
1815	281	287	75
1816	281	282	13
1817	281	284	67
1818	281	292	27
1819	281	284	55
1820	281	289	24
1821	282	291	51
1822	282	286	18
1823	282	288	99
1824	282	288	41
1825	282	283	27
1826	282	283	42
1827	283	284	28
1828	283	287	80
1829	283	284	94
1830	283	286	58
1831	283	286	24
1832	283	293	51
1833	283	284	77
1834	283	289	95
1835	284	292	75
1836	284	285	71
1837	284	285	99
1838	284	285	100
1839	284	288	21
1840	284	285	76
1841	284	286	67
1842	285	292	33
1843	285	289	39
1844	285	286	40
1845	285	291	63
1846	285	292	37
1847	285	286	19
1848	285	298	39
1849	286	289	76
1850	286	291	87
1851	286	289	41
1852	286	287	85
1853	286	288	76
1854	286	291	81
1855	287	288	53
1856	287	288	36
1857	287	292	58
1858	287	290	29
1859	287	289	69
1860	287	299	43
1861	287	289	45
1862	288	296	61
1863	288	297	87
1864	288	293	36
1865	288	297	71
1866	288	293	33
1867	288	294	67
1868	288	289	65
1869	289	301	48
1870	289	297	28
1871	289	290	99
1872	289	291	19
1873	289	293	49
1874	289	290	55
1875	289	293	79
1876	289	296	44
1877	289	299	78
1878	290	305	77
1879	290	293	98
1880	290	297	16
1881	290	319	66
1882	291	293	91
1883	291	294	90
1884	291	295	94
1885	291	292	23
1886	291	292	21
1887	292	295	85
1888	292	293	69
1889	292	298	42
1890	292	297	38
1891	292	303	83
1892	292	293	95
1893	292	295	44
1894	293	297	65
1895	293	307	18
1896	293	297	88
1897	293	294	21
1898	293	298	76
1899	293	304	73
1900	293	294	39
1901	293	298	30
1902	293	297	11
1903	294	299	42
1904	294	297	69
1905	294	295	20
1906	294	296	29
1907	295	298	88
1908	295	296	27
1909	295	300	25
1910	295	300	89
1911	295	299	44
1912	296	305	81
1913	296	300	83
1914	296	298	97
1915	296	311	96
1916	297	304	34
1917	297	300	99
1918	297	301	37
1919	297	300	34
1920	297	302	96
1921	297	301	28
1922	297	298	21
1923	297	301	47
1924	297	303	43
1925	298	301	24
1926	298	302	80
1927	298	300	23
1928	298	300	61
1929	298	299	71
1930	298	299	19
1931	298	299	61
1932	299	302	69
1933	299	300	32
1934	299	300	76
1935	299	304	47
1936	299	302	78
1937	299	305	21
1938	299	303	24
1939	300	303	37
1940	300	305	91
1941	300	314	73
1942	300	301	77
1943	300	305	81
1944	300	301	79
1945	300	305	95
1946	300	301	76
1947	300	307	22
1948	301	306	71
1949	301	304	12
1950	301	304	35
1951	301	311	100
1952	301	306	57
1953	301	303	74
1954	301	308	50
1955	301	317	50
1956	302	303	50
1957	302	305	60
1958	302	312	37
1959	302	307	20
1960	303	308	72
1961	303	304	93
1962	303	306	93
1963	303	310	23
1964	303	317	67
1965	303	306	69
1966	304	305	40
1967	304	306	51
1968	304	305	92
1969	304	318	14
1970	304	307	81
1971	304	307	100
1972	305	307	26
1973	305	306	56
1974	305	306	58
1975	305	308	38
1976	305	311	50
1977	305	309	40
1978	305	309	87
1979	305	310	42
1980	305	307	23
1981	306	308	53
1982	306	330	49
1983	306	309	48
1984	306	312	80
1985	306	316	38
1986	306	307	91
1987	306	309	51
1988	307	310	31
1989	307	308	71
1990	307	309	38
1991	307	330	58
1992	307	308	72
1993	307	308	27
1994	307	311	91
1995	307	311	94
1996	308	310	17
1997	308	319	38
1998	308	310	22
1999	308	311	79
2000	308	309	39
2001	308	309	32
2002	308	310	88
2003	309	316	56
2004	309	315	15
2005	309	310	53
2006	309	310	35
2007	309	314	34
2008	309	312	35
2009	309	310	67
2010	310	315	92
2011	310	311	37
2012	310	319	57
2013	310	313	28
2014	310	315	75
2015	310	311	71
2016	310	315	13
2017	310	311	61
2018	310	317	19
2019	311	314	33
2020	311	330	48
2021	311	313	53
2022	311	319	96
2023	311	319	48
2024	311	313	16
2025	311	316	16
2026	311	315	71
2027	311	324	99
2028	312	315	89
2029	312	316	44
2030	312	318	28
2031	313	324	58
2032	313	316	55
2033	313	333	46
2034	314	315	10
2035	314	321	81
2036	314	315	47
2037	315	316	73
2038	315	328	32
2039	315	320	95
2040	315	321	51
2041	315	317	32
2042	315	316	58
2043	315	321	83
2044	315	321	81
2045	316	319	37
2046	316	318	39
2047	316	328	16
2048	316	324	77
2049	316	323	98
2050	316	319	66
2051	316	321	71
2052	317	324	18
2053	317	319	18
2054	317	318	39
2055	317	326	30
2056	318	322	11
2057	318	328	18
2058	318	320	92
2059	318	320	90
2060	319	323	94
2061	319	324	82
2062	319	320	69
2063	319	343	22
2064	319	320	91
2065	319	320	88
2066	319	334	90
2067	319	329	60
2068	320	324	17
2069	320	321	19
2070	320	321	61
2071	320	326	65
2072	320	325	65
2073	320	324	85
2074	321	322	47
2075	321	330	60
2076	321	322	72
2077	321	323	85
2078	321	322	45
2079	321	331	91
2080	321	322	43
2081	322	327	13
2082	322	323	31
2083	322	324	48
2084	322	331	18
2085	322	324	46
2086	323	325	63
2087	323	327	14
2088	323	327	20
2089	323	326	83
2090	324	326	21
2091	324	333	49
2092	324	331	27
2093	324	331	61
2094	324	330	78
2095	324	326	74
2096	324	327	78
2097	324	325	38
2098	324	328	22
2099	325	330	60
2100	325	342	12
2101	325	326	83
2102	326	328	32
2103	326	327	57
2104	326	327	93
2105	326	328	88
2106	326	328	27
2107	326	334	43
2108	327	328	20
2109	327	329	67
2110	327	329	20
2111	327	337	45
2112	327	328	19
2113	327	330	24
2114	328	334	54
2115	328	338	38
2116	328	339	31
2117	328	335	56
2118	328	329	80
2119	328	333	39
2120	328	330	66
2121	328	338	79
2122	328	330	15
2123	329	332	53
2124	329	333	46
2125	329	342	82
2126	329	332	48
2127	330	335	70
2128	330	332	59
2129	330	331	26
2130	330	334	40
2131	330	333	61
2132	330	332	17
2133	330	335	87
2134	330	336	62
2135	330	331	95
2136	331	336	93
2137	331	333	78
2138	331	340	50
2139	331	333	12
2140	331	349	18
2141	331	335	94
2142	332	333	66
2143	332	339	79
2144	332	333	55
2145	332	334	18
2146	333	336	10
2147	333	335	24
2148	333	340	44
2149	333	340	46
2150	333	345	36
2151	333	345	25
2152	333	337	97
2153	333	340	41
2154	333	335	41
2155	334	338	68
2156	334	337	56
2157	334	335	45
2158	334	336	95
2159	334	340	24
2160	335	340	71
2161	335	342	99
2162	335	345	19
2163	335	337	37
2164	335	339	21
2165	335	337	21
2166	335	342	70
2167	336	341	19
2168	336	337	98
2169	336	354	23
2170	336	343	93
2171	337	338	35
2172	337	339	40
2173	337	339	68
2174	337	338	96
2175	337	343	48
2176	337	346	94
2177	338	347	25
2178	338	341	56
2179	338	340	58
2180	338	343	64
2181	338	339	19
2182	339	351	99
2183	339	343	94
2184	339	344	62
2185	339	342	18
2186	339	340	68
2187	339	342	89
2188	340	342	50
2189	340	346	52
2190	340	347	48
2191	340	347	58
2192	340	342	57
2193	340	344	32
2194	340	344	28
2195	340	341	58
2196	341	355	18
2197	341	352	73
2198	341	347	68
2199	342	345	34
2200	342	343	52
2201	342	347	49
2202	342	343	28
2203	342	349	83
2204	342	344	97
2205	342	344	77
2206	342	347	45
2207	343	347	61
2208	343	349	81
2209	343	344	13
2210	343	345	66
2211	343	346	44
2212	343	355	63
2213	343	345	63
2214	344	348	26
2215	344	350	92
2216	344	349	81
2217	344	348	69
2218	344	346	59
2219	344	352	81
2220	345	348	22
2221	345	347	94
2222	345	352	11
2223	345	349	10
2224	345	356	47
2225	345	346	52
2226	346	361	33
2227	346	347	25
2228	346	352	95
2229	346	354	60
2230	346	358	62
2231	347	349	80
2232	347	348	75
2233	347	353	37
2234	347	352	93
2235	347	351	57
2236	347	355	71
2237	347	348	40
2238	347	353	97
2239	347	357	49
2240	348	355	46
2241	348	349	13
2242	348	352	89
2243	348	349	44
2244	348	350	39
2245	349	350	89
2246	349	355	10
2247	349	351	33
2248	349	350	97
2249	349	350	44
2250	349	363	76
2251	349	351	22
2252	349	352	42
2253	350	358	84
2254	350	354	96
2255	350	359	87
2256	350	351	84
2257	350	354	27
2258	351	378	80
2259	351	352	82
2260	351	353	47
2261	351	356	86
2262	351	355	74
2263	352	357	90
2264	352	353	30
2265	352	354	20
2266	352	358	71
2267	352	354	12
2268	352	366	47
2269	352	357	44
2270	352	356	92
2271	353	358	39
2272	353	360	27
2273	353	361	85
2274	353	354	16
2275	354	357	46
2276	354	359	78
2277	354	356	13
2278	354	358	56
2279	354	360	43
2280	354	361	63
2281	354	366	86
2282	355	356	83
2283	355	365	85
2284	355	359	20
2285	355	358	28
2286	355	367	28
2287	355	371	35
2288	356	360	23
2289	356	362	99
2290	356	357	51
2291	356	366	38
2292	356	360	45
2293	357	358	50
2294	357	367	20
2295	357	361	77
2296	357	358	38
2297	357	358	45
2298	358	369	27
2299	358	359	32
2300	358	360	16
2301	358	359	90
2302	358	359	30
2303	358	359	52
2304	358	363	63
2305	358	361	93
2306	358	389	79
2307	359	363	11
2308	359	361	73
2309	359	368	17
2310	359	361	91
2311	359	372	46
2312	359	372	12
2313	359	362	69
2314	360	364	41
2315	360	361	57
2316	360	371	24
2317	360	367	20
2318	360	363	99
2319	361	372	68
2320	361	363	72
2321	361	362	30
2322	361	369	15
2323	361	364	38
2324	361	364	99
2325	361	363	41
2326	361	362	11
2327	362	370	75
2328	362	368	43
2329	362	380	77
2330	362	367	16
2331	363	365	88
2332	363	379	61
2333	363	374	92
2334	363	373	32
2335	363	364	23
2336	363	368	91
2337	364	366	80
2338	364	371	69
2339	364	365	27
2340	364	370	10
2341	365	366	93
2342	365	366	31
2343	365	368	70
2344	366	370	64
2345	366	369	30
2346	366	370	22
2347	366	367	10
2348	366	371	59
2349	366	378	60
2350	367	369	44
2351	367	374	32
2352	367	375	87
2353	367	387	55
2354	367	370	22
2355	368	369	82
2356	368	376	90
2357	368	369	74
2358	368	372	56
2359	369	370	13
2360	369	371	84
2361	369	370	65
2362	369	371	94
2363	369	372	73
2364	369	373	83
2365	370	379	52
2366	370	375	97
2367	370	372	65
2368	370	373	61
2369	370	375	85
2370	370	373	35
2371	370	372	64
2372	371	375	70
2373	371	372	76
2374	371	375	82
2375	371	376	46
2376	371	372	79
2377	371	377	16
2378	372	374	79
2379	372	374	16
2380	372	374	17
2381	372	374	51
2382	372	378	70
2383	372	373	26
2384	372	374	20
2385	372	398	39
2386	372	379	33
2387	373	380	41
2388	373	374	11
2389	373	375	54
2390	373	375	67
2391	373	374	15
2392	374	376	15
2393	374	376	66
2394	374	384	52
2395	374	375	50
2396	374	378	59
2397	374	377	57
2398	374	375	58
2399	374	376	23
2400	374	377	98
2401	375	379	85
2402	375	377	42
2403	375	388	11
2404	375	382	58
2405	375	378	48
2406	375	377	70
2407	375	384	92
2408	375	378	92
2409	375	376	71
2410	376	378	93
2411	376	377	46
2412	376	384	69
2413	376	377	91
2414	376	381	87
2415	376	377	87
2416	377	378	82
2417	377	378	37
2418	377	389	22
2419	377	383	80
2420	377	385	33
2421	377	379	65
2422	377	392	76
2423	377	380	94
2424	378	381	56
2425	378	381	20
2426	378	382	30
2427	378	379	87
2428	378	380	87
2429	378	380	25
2430	378	385	22
2431	378	389	17
2432	378	382	54
2433	379	396	19
2434	379	380	49
2435	379	384	27
2436	379	380	49
2437	379	380	17
2438	379	380	95
2439	380	386	50
2440	380	391	47
2441	380	389	78
2442	380	390	17
2443	380	387	88
2444	380	382	23
2445	380	381	92
2446	380	382	30
2447	380	382	56
2448	381	385	42
2449	381	385	81
2450	381	384	50
2451	381	382	87
2452	382	385	59
2453	382	389	27
2454	382	385	79
2455	382	387	94
2456	382	383	44
2457	382	383	74
2458	382	383	98
2459	383	385	80
2460	383	390	61
2461	383	384	36
2462	383	387	94
2463	384	390	57
2464	384	387	64
2465	384	391	29
2466	384	386	37
2467	384	385	85
2468	384	385	44
2469	385	393	66
2470	385	390	81
2471	385	392	36
2472	385	386	64
2473	385	391	63
2474	385	401	15
2475	385	386	24
2476	385	386	51
2477	385	388	53
2478	386	390	73
2479	386	387	44
2480	386	388	13
2481	386	397	50
2482	386	399	75
2483	387	393	45
2484	387	389	85
2485	387	389	31
2486	387	402	92
2487	387	390	51
2488	387	391	34
2489	388	389	94
2490	388	390	34
2491	388	392	96
2492	389	392	62
2493	389	390	17
2494	389	394	16
2495	389	395	90
2496	389	390	67
2497	389	395	71
2498	389	405	55
2499	389	391	88
2500	390	392	20
2501	390	395	23
2502	390	391	44
2503	390	394	67
2504	390	400	99
2505	390	397	76
2506	390	399	38
2507	390	394	22
2508	390	397	61
2509	391	393	69
2510	391	395	68
2511	391	395	84
2512	391	394	46
2513	391	392	69
2514	391	395	76
2515	392	395	17
2516	392	396	88
2517	392	401	73
2518	392	400	45
2519	392	402	57
2520	392	395	54
2521	393	397	30
2522	393	404	81
2523	393	395	16
2524	394	396	68
2525	394	397	47
2526	394	398	60
2527	394	400	44
2528	395	399	93
2529	395	397	15
2530	395	397	77
2531	395	398	99
2532	395	397	71
2533	395	400	66
2534	395	396	75
2535	395	396	87
2536	395	399	92
2537	396	401	86
2538	396	398	77
2539	396	404	49
2540	396	399	26
2541	396	402	47
2542	397	402	22
2543	397	409	96
2544	397	401	79
2545	397	403	99
2546	397	411	18
2547	397	404	76
2548	397	400	65
2549	397	400	79
2550	398	399	36
2551	398	405	66
2552	398	406	51
2553	398	399	27
2554	399	402	24
2555	399	409	15
2556	399	401	85
2557	399	402	36
2558	399	414	76
2559	399	403	31
2560	399	406	90
2561	400	404	81
2562	400	415	62
2563	400	401	95
2564	400	405	95
2565	400	402	17
2566	400	403	25
2567	401	405	26
2568	401	405	75
2569	401	402	40
2570	401	402	76
2571	401	415	89
2572	401	405	43
2573	402	405	81
2574	402	404	29
2575	402	406	21
2576	402	406	55
2577	402	408	98
2578	402	410	37
2579	402	408	20
2580	402	412	10
2581	402	406	27
2582	403	415	78
2583	403	408	96
2584	403	409	52
2585	404	413	45
2586	404	407	16
2587	404	414	56
2588	404	405	92
2589	404	405	88
2590	405	406	62
2591	405	406	77
2592	405	411	94
2593	405	411	47
2594	405	407	74
2595	405	408	50
2596	405	408	65
2597	405	410	63
2598	405	410	75
2599	406	407	87
2600	406	413	85
2601	406	407	75
2602	406	410	17
2603	406	414	35
2604	406	408	94
2605	406	409	88
2606	407	413	13
2607	407	409	61
2608	407	410	12
2609	407	410	28
2610	408	419	25
2611	408	410	12
2612	408	411	85
2613	408	418	26
2614	408	410	94
2615	408	410	83
2616	409	411	14
2617	409	414	22
2618	409	416	100
2619	409	413	32
2620	409	414	86
2621	410	431	15
2622	410	413	33
2623	410	414	30
2624	410	411	55
2625	410	416	51
2626	410	412	71
2627	410	412	38
2628	410	412	86
2629	410	414	16
2630	411	426	59
2631	411	420	19
2632	411	415	73
2633	411	413	56
2634	411	412	42
2635	411	413	47
2636	412	425	79
2637	412	415	54
2638	412	418	93
2639	412	430	66
2640	412	413	76
2641	413	425	13
2642	413	416	34
2643	413	419	25
2644	413	422	18
2645	413	420	72
2646	413	421	98
2647	413	418	39
2648	413	419	53
2649	414	415	16
2650	414	420	80
2651	414	417	14
2652	414	423	61
2653	414	419	94
2654	414	423	12
2655	414	422	91
2656	415	417	98
2657	415	421	54
2658	415	417	35
2659	415	423	42
2660	415	418	38
2661	415	416	64
2662	416	424	84
2663	416	418	31
2664	416	418	67
2665	416	422	35
2666	417	421	33
2667	417	418	89
2668	417	419	77
2669	418	423	85
2670	418	420	85
2671	418	421	57
2672	418	423	94
2673	418	438	16
2674	418	427	30
2675	418	419	33
2676	419	421	63
2677	419	426	72
2678	419	423	97
2679	419	429	89
2680	419	427	36
2681	419	421	81
2682	420	427	97
2683	420	422	78
2684	420	424	91
2685	420	421	53
2686	421	425	90
2687	421	432	16
2688	421	424	67
2689	421	428	94
2690	421	427	16
2691	421	432	38
2692	421	428	12
2693	422	423	28
2694	422	450	69
2695	422	423	63
2696	422	430	100
2697	423	428	52
2698	423	428	42
2699	423	432	66
2700	423	427	81
2701	423	425	77
2702	423	425	91
2703	423	425	49
2704	423	426	25
2705	424	432	85
2706	424	428	74
2707	424	425	23
2708	425	426	24
2709	425	426	40
2710	425	429	20
2711	425	431	77
2712	425	434	72
2713	425	427	70
2714	425	426	23
2715	426	430	12
2716	426	431	69
2717	426	428	71
2718	426	427	15
2719	426	431	88
2720	426	434	96
2721	427	428	48
2722	427	430	70
2723	427	435	91
2724	427	431	85
2725	427	429	79
2726	427	435	18
2727	427	436	36
2728	428	431	35
2729	428	430	77
2730	428	438	42
2731	428	438	42
2732	428	445	86
2733	428	429	53
2734	428	430	44
2735	429	430	78
2736	429	430	73
2737	429	430	84
2738	429	433	49
2739	430	431	70
2740	430	434	95
2741	430	431	50
2742	430	432	58
2743	430	436	25
2744	430	434	27
2745	430	431	36
2746	430	432	15
2747	430	432	68
2748	431	434	86
2749	431	441	67
2750	431	442	62
2751	431	433	72
2752	431	437	44
2753	431	432	39
2754	431	440	80
2755	431	446	93
2756	431	438	66
2757	432	435	53
2758	432	438	50
2759	432	434	71
2760	432	433	88
2761	432	434	42
2762	432	435	86
2763	432	433	86
2764	432	433	68
2765	433	443	84
2766	433	434	44
2767	433	442	70
2768	433	439	99
2769	433	442	52
2770	434	436	84
2771	434	445	45
2772	434	437	55
2773	434	435	31
2774	434	436	40
2775	434	439	48
2776	434	437	17
2777	434	439	21
2778	435	439	37
2779	435	436	41
2780	435	437	36
2781	435	440	29
2782	435	438	77
2783	436	439	86
2784	436	443	21
2785	436	439	25
2786	436	443	95
2787	436	440	19
2788	437	438	41
2789	437	440	39
2790	437	438	79
2791	437	438	13
2792	438	458	13
2793	438	441	15
2794	438	439	55
2795	438	441	81
2796	438	440	31
2797	438	443	10
2798	438	439	100
2799	438	442	52
2800	438	439	49
2801	439	449	52
2802	439	441	77
2803	439	448	38
2804	439	441	100
2805	439	444	67
2806	439	459	73
2807	439	441	77
2808	439	441	91
2809	439	440	79
2810	440	447	63
2811	440	443	16
2812	440	452	100
2813	440	441	65
2814	440	444	69
2815	440	444	44
2816	441	465	83
2817	441	445	63
2818	441	442	98
2819	441	444	35
2820	441	449	84
2821	441	457	32
2822	441	443	32
2823	441	442	68
2824	442	449	35
2825	442	447	29
2826	442	445	100
2827	442	455	14
2828	442	445	51
2829	442	444	83
2830	443	450	49
2831	443	444	56
2832	443	444	40
2833	443	444	33
2834	443	448	73
2835	443	447	95
2836	444	445	31
2837	444	447	62
2838	444	449	78
2839	444	448	44
2840	444	446	94
2841	444	447	71
2842	444	446	49
2843	444	449	38
2844	445	447	73
2845	445	452	73
2846	445	448	43
2847	445	452	87
2848	445	449	68
2849	445	453	21
2850	446	448	38
2851	446	447	32
2852	446	450	92
2853	447	448	37
2854	447	453	97
2855	447	468	71
2856	447	450	92
2857	447	448	51
2858	447	449	87
2859	447	456	40
2860	448	449	24
2861	448	450	46
2862	448	449	78
2863	448	454	86
2864	448	454	27
2865	448	450	32
2866	448	451	47
2867	449	455	33
2868	449	453	13
2869	449	450	24
2870	449	450	71
2871	449	453	63
2872	449	450	63
2873	449	457	42
2874	449	454	51
2875	449	459	19
2876	450	451	44
2877	450	452	63
2878	450	461	17
2879	450	452	31
2880	450	462	16
2881	450	452	14
2882	450	451	79
2883	450	461	69
2884	450	458	71
2885	451	453	48
2886	451	462	12
2887	451	454	55
2888	452	453	49
2889	452	459	32
2890	452	454	85
2891	452	456	54
2892	452	454	33
2893	452	458	83
2894	453	457	18
2895	453	454	100
2896	453	455	37
2897	453	463	16
2898	453	460	51
2899	453	457	97
2900	454	457	38
2901	454	456	48
2902	454	455	57
2903	454	458	75
2904	454	455	35
2905	454	465	42
2906	454	459	50
2907	455	458	11
2908	455	459	98
2909	455	459	31
2910	455	456	94
2911	455	456	18
2912	456	464	55
2913	456	457	24
2914	456	457	88
2915	456	477	35
2916	456	458	83
2917	457	462	80
2918	457	458	71
2919	457	464	31
2920	457	460	20
2921	457	459	16
2922	457	463	50
2923	457	460	23
2924	458	468	74
2925	458	461	11
2926	458	459	73
2927	458	463	100
2928	458	462	24
2929	458	459	36
2930	458	460	51
2931	459	463	79
2932	459	468	13
2933	459	462	44
2934	459	460	51
2935	459	463	10
2936	459	464	40
2937	459	468	26
2938	459	464	12
2939	459	461	90
2940	460	468	27
2941	460	464	69
2942	460	461	10
2943	460	464	45
2944	460	462	34
2945	461	465	84
2946	461	465	32
2947	461	462	100
2948	461	462	37
2949	461	462	42
2950	462	464	11
2951	462	465	44
2952	462	467	53
2953	462	471	57
2954	462	466	58
2955	462	470	31
2956	462	466	41
2957	462	463	98
2958	462	463	72
2959	463	471	29
2960	463	464	14
2961	463	464	37
2962	463	465	25
2963	463	476	58
2964	463	469	12
2965	463	470	98
2966	464	467	74
2967	464	466	76
2968	464	471	30
2969	464	466	37
2970	464	471	74
2971	464	467	55
2972	464	467	24
2973	464	465	91
2974	464	465	59
2975	465	470	63
2976	465	467	88
2977	465	466	54
2978	465	469	66
2979	465	470	52
2980	465	468	10
2981	465	474	100
2982	465	480	28
2983	466	473	99
2984	466	467	78
2985	466	471	11
2986	466	470	59
2987	466	473	44
2988	467	468	11
2989	467	470	78
2990	467	473	15
2991	467	468	97
2992	467	470	53
2993	467	470	69
2994	468	471	22
2995	468	473	90
2996	468	478	26
2997	468	471	36
2998	468	469	41
2999	468	474	20
3000	468	476	36
3001	468	472	44
3002	469	475	30
3003	469	470	63
3004	469	472	62
3005	470	474	99
3006	470	475	69
3007	470	487	95
3008	470	471	68
3009	470	475	89
3010	470	474	65
3011	470	472	52
3012	470	493	84
3013	470	471	97
3014	471	472	34
3015	471	473	44
3016	471	473	54
3017	471	474	24
3018	471	483	28
3019	471	476	40
3020	471	472	69
3021	471	474	46
3022	471	475	18
3023	472	474	53
3024	472	481	69
3025	472	482	83
3026	472	484	13
3027	472	477	81
3028	473	474	47
3029	473	481	36
3030	473	477	57
3031	473	476	49
3032	473	474	11
3033	473	478	76
3034	474	478	32
3035	474	483	95
3036	474	478	52
3037	474	475	89
3038	474	477	52
3039	474	475	66
3040	474	478	100
3041	474	478	40
3042	474	479	86
3043	475	476	80
3044	475	476	72
3045	475	482	16
3046	475	478	58
3047	475	476	88
3048	475	476	92
3049	476	480	49
3050	476	491	23
3051	476	482	100
3052	476	479	29
3053	476	477	83
3054	476	481	90
3055	476	480	93
3056	476	477	24
3057	477	485	50
3058	477	479	54
3059	477	478	80
3060	477	481	65
3061	477	485	15
3062	477	478	38
3063	478	479	93
3064	478	479	68
3065	478	483	10
3066	478	479	39
3067	478	488	34
3068	478	480	60
3069	478	483	70
3070	478	484	17
3071	478	486	99
3072	479	480	26
3073	479	482	47
3074	479	480	96
3075	479	480	30
3076	479	480	48
3077	479	480	48
3078	480	485	11
3079	480	483	72
3080	480	481	67
3081	480	486	43
3082	480	483	13
3083	480	482	13
3084	480	481	47
3085	480	489	26
3086	480	488	67
3087	481	482	74
3088	481	485	35
3089	481	485	93
3090	481	484	24
3091	481	488	82
3092	481	483	63
3093	482	486	61
3094	482	484	95
3095	482	485	87
3096	482	485	68
3097	482	483	71
3098	482	487	22
3099	483	487	52
3100	483	485	94
3101	483	484	39
3102	483	487	68
3103	483	486	37
3104	483	489	80
3105	483	489	69
3106	483	488	60
3107	484	498	57
3108	484	488	91
3109	484	486	17
3110	484	486	89
3111	484	485	24
3112	485	486	83
3113	485	488	51
3114	485	500	52
3115	485	487	33
3116	485	499	38
3117	485	486	41
3118	485	490	48
3119	485	488	16
3120	485	489	49
3121	486	490	83
3122	486	493	72
3123	486	490	63
3124	486	488	40
3125	486	487	82
3126	486	490	63
3127	486	491	67
3128	486	488	42
3129	487	489	33
3130	487	489	40
3131	487	493	25
3132	487	492	39
3133	487	495	89
3134	487	491	41
3135	488	491	77
3136	488	489	21
3137	488	492	63
3138	488	495	43
3139	488	490	48
3140	488	490	25
3141	488	497	99
3142	488	489	30
3143	488	494	49
3144	489	496	99
3145	489	509	29
3146	489	496	20
3147	489	490	39
3148	489	498	84
3149	489	490	55
3150	489	493	43
3151	489	490	27
3152	490	494	10
3153	490	505	70
3154	490	503	76
3155	490	491	84
3156	490	495	79
3157	490	501	83
3158	490	494	35
3159	490	491	42
3160	490	492	34
3161	491	496	36
3162	491	498	55
3163	491	492	25
3164	491	496	78
3165	491	494	34
3166	491	494	39
3167	492	494	61
3168	492	498	60
3169	492	496	79
3170	492	498	11
3171	493	496	74
3172	493	494	95
3173	493	494	19
3174	493	495	37
3175	494	503	91
3176	494	496	52
3177	494	497	21
3178	494	500	63
3179	494	501	30
3180	494	500	67
3181	494	497	59
3182	494	496	67
3183	495	504	42
3184	495	500	46
3185	495	506	98
3186	495	498	85
3187	496	497	37
3188	496	497	71
3189	496	511	70
3190	496	501	30
3191	496	497	41
3192	496	498	74
3193	496	497	36
3194	496	500	50
3195	497	510	34
3196	497	500	12
3197	497	505	65
3198	497	502	71
3199	497	511	29
3200	497	499	54
3201	497	498	64
3202	498	501	14
3203	498	499	21
3204	498	503	25
3205	498	499	61
3206	498	501	29
3207	498	504	83
3208	498	501	74
3209	498	510	76
3210	499	500	59
3211	499	507	57
3212	499	503	84
3213	499	507	48
3214	500	506	40
3215	500	503	95
3216	500	501	100
3217	500	507	26
3218	500	503	77
3219	500	501	91
3220	500	502	98
3221	501	502	33
3222	501	510	57
3223	501	502	82
3224	501	504	15
3225	501	508	73
3226	501	511	63
3227	501	514	34
3228	501	503	16
3229	502	511	96
3230	502	506	67
3231	502	505	81
3232	502	507	39
3233	503	508	64
3234	503	505	25
3235	503	507	52
3236	503	513	85
3237	503	505	40
3238	503	504	96
3239	503	510	34
3240	504	509	12
3241	504	506	63
3242	504	515	64
3243	504	511	13
3244	505	511	26
3245	505	509	45
3246	505	508	76
3247	505	516	16
3248	505	508	28
3249	506	511	89
3250	506	508	10
3251	506	509	31
3252	506	518	60
3253	507	509	78
3254	507	509	42
3255	507	509	26
3256	507	508	79
3257	507	508	21
3258	508	513	78
3259	508	510	83
3260	508	509	80
3261	508	513	30
3262	508	516	29
3263	508	510	58
3264	508	517	56
3265	509	515	48
3266	509	518	18
3267	509	517	54
3268	509	515	67
3269	509	511	49
3270	509	510	88
3271	509	513	76
3272	509	510	89
3273	510	517	29
3274	510	512	48
3275	510	517	66
3276	510	517	66
3277	510	513	30
3278	510	513	80
3279	510	516	17
3280	510	512	47
3281	511	514	64
3282	511	512	45
3283	511	512	19
3284	511	512	48
3285	511	519	11
3286	511	515	89
3287	511	516	59
3288	511	518	26
3289	512	516	12
3290	512	514	48
3291	512	513	79
3292	512	516	99
3293	512	520	45
3294	513	515	67
3295	513	522	91
3296	513	514	41
3297	513	519	45
3298	513	516	34
3299	513	523	98
3300	513	514	65
3301	514	519	94
3302	514	515	13
3303	514	521	45
3304	514	522	70
3305	514	517	13
3306	515	523	74
3307	515	523	89
3308	515	522	18
3309	515	522	100
3310	515	519	82
3311	515	519	37
3312	516	519	94
3313	516	525	85
3314	516	518	48
3315	516	532	37
3316	516	520	36
3317	516	529	23
3318	516	520	23
3319	517	518	33
3320	517	519	71
3321	517	521	10
3322	517	521	41
3323	517	549	87
3324	517	535	63
3325	518	520	67
3326	518	526	11
3327	518	519	97
3328	518	521	26
3329	518	520	26
3330	519	524	64
3331	519	523	70
3332	519	521	71
3333	519	520	79
3334	519	522	54
3335	519	526	48
3336	519	522	78
3337	519	533	76
3338	520	523	12
3339	520	521	78
3340	520	522	49
3341	520	526	84
3342	520	522	85
3343	520	524	91
3344	521	522	32
3345	521	532	13
3346	521	523	81
3347	521	527	73
3348	521	537	24
3349	521	524	18
3350	522	530	46
3351	522	523	57
3352	522	524	66
3353	522	528	47
3354	522	523	28
3355	522	524	89
3356	522	524	58
3357	522	527	77
3358	522	524	53
3359	523	525	18
3360	523	524	63
3361	523	537	34
3362	523	525	49
3363	523	538	43
3364	523	531	62
3365	523	526	92
3366	523	526	60
3367	524	526	36
3368	524	527	52
3369	524	525	66
3370	524	525	100
3371	524	530	89
3372	524	525	55
3373	524	525	73
3374	524	527	14
3375	525	532	17
3376	525	531	78
3377	525	530	83
3378	525	526	25
3379	525	526	84
3380	525	528	91
3381	525	528	12
3382	526	540	76
3383	526	527	78
3384	526	528	59
3385	526	528	96
3386	526	534	57
3387	526	532	60
3388	526	531	73
3389	526	529	10
3390	527	528	22
3391	527	528	59
3392	527	530	77
3393	527	529	25
3394	527	530	70
3395	528	529	75
3396	528	532	39
3397	528	531	52
3398	528	540	31
3399	528	529	24
3400	528	531	39
3401	528	532	38
3402	529	535	35
3403	529	530	100
3404	529	537	28
3405	529	532	53
3406	529	530	60
3407	530	534	38
3408	530	540	78
3409	530	531	69
3410	530	531	18
3411	530	531	67
3412	530	531	43
3413	530	536	84
3414	531	532	41
3415	531	533	13
3416	531	532	68
3417	531	536	99
3418	531	533	93
3419	531	537	72
3420	531	534	11
3421	531	542	28
3422	531	540	28
3423	532	539	54
3424	532	534	30
3425	532	535	35
3426	532	534	77
3427	532	535	66
3428	532	533	80
3429	532	537	57
3430	532	538	74
3431	532	534	31
3432	533	534	62
3433	533	534	36
3434	533	535	54
3435	533	534	11
3436	534	539	55
3437	534	542	47
3438	534	535	58
3439	534	535	73
3440	534	538	76
3441	534	545	18
3442	534	535	33
3443	534	547	87
3444	534	535	56
3445	535	537	53
3446	535	540	32
3447	535	537	74
3448	535	537	48
3449	535	536	19
3450	535	538	27
3451	535	539	99
3452	535	544	37
3453	535	545	57
3454	536	537	90
3455	536	541	43
3456	536	540	36
3457	537	538	35
3458	537	539	53
3459	537	539	83
3460	537	539	83
3461	537	545	91
3462	537	547	16
3463	537	538	88
3464	537	547	78
3465	537	541	26
3466	538	539	43
3467	538	544	63
3468	538	540	30
3469	538	540	34
3470	538	545	19
3471	538	543	57
3472	539	542	10
3473	539	544	61
3474	539	541	48
3475	539	545	32
3476	539	540	18
3477	539	549	21
3478	539	543	69
3479	540	541	19
3480	540	543	37
3481	540	541	81
3482	540	543	88
3483	540	541	32
3484	540	546	44
3485	540	542	86
3486	540	542	23
3487	540	548	35
3488	541	544	40
3489	541	552	68
3490	541	542	46
3491	541	548	17
3492	541	546	37
3493	541	556	79
3494	542	544	62
3495	542	544	33
3496	542	543	17
3497	542	543	42
3498	542	548	59
3499	542	548	58
3500	543	544	31
3501	543	548	37
3502	543	549	39
3503	543	545	18
3504	543	545	14
3505	543	546	69
3506	544	546	14
3507	544	545	60
3508	544	549	31
3509	544	545	71
3510	544	556	70
3511	544	550	37
3512	544	549	63
3513	545	547	65
3514	545	546	67
3515	545	557	36
3516	545	547	40
3517	545	546	34
3518	545	547	32
3519	545	546	61
3520	545	546	91
3521	545	547	90
3522	546	547	22
3523	546	554	17
3524	546	557	23
3525	546	550	14
3526	546	557	31
3527	546	548	70
3528	546	560	20
3529	546	550	51
3530	547	551	61
3531	547	548	65
3532	547	552	58
3533	547	554	44
3534	547	548	56
3535	547	562	69
3536	547	552	25
3537	547	549	84
3538	548	549	81
3539	548	556	50
3540	548	556	67
3541	548	549	33
3542	548	567	53
3543	548	549	85
3544	548	551	72
3545	548	554	13
3546	549	551	12
3547	549	555	92
3548	549	554	93
3549	549	550	79
3550	549	550	33
3551	549	551	54
3552	549	552	25
3553	549	550	46
3554	549	559	46
3555	550	551	74
3556	550	555	36
3557	550	551	85
3558	550	559	35
3559	550	558	52
3560	550	553	24
