3561	100	0	0
0	1	2	99
1	1	9	22
2	1	6	39
3	1	3	64
4	1	17	89
5	1	9	37
6	1	3	43
7	1	10	75
8	1	5	26
9	1	2	12
10	1	9	89
11	1	2	77
12	1	5	89
13	1	7	29
14	1	2	40
15	1	5	20
16	1	4	94
17	1	2	76
18	1	3	48
19	1	3	80
20	1	3	32
21	1	10	10
22	1	4	70
23	1	8	20
24	1	2	65
25	1	4	65
26	1	3	16
27	1	10	66
28	1	2	81
29	1	3	45
30	2	17	88
31	2	11	19
32	2	5	12
33	2	8	40
34	2	6	66
35	2	5	87
36	2	3	35
37	3	12	21
38	3	5	32
39	3	6	25
40	3	13	16
41	3	4	98
42	3	6	48
43	3	4	73
44	3	4	21
45	4	6	12
46	4	24	26
47	4	5	75
48	4	8	89
49	4	9	20
50	4	16	38
51	5	6	15
52	5	7	69
53	5	10	55
54	5	6	39
55	5	11	45
56	5	6	12
57	5	6	56
58	6	8	52
59	6	8	41
60	6	12	73
61	6	28	12
62	6	13	99
63	6	7	80
64	6	7	31
65	6	11	50
66	6	12	95
67	7	9	77
68	7	18	18
69	7	9	10
70	7	9	62
71	8	10	81
72	8	9	55
73	8	12	65
74	8	9	12
75	8	13	15
76	9	12	48
77	9	23	59
78	9	11	84
79	9	14	49
80	9	18	30
81	9	13	14
82	9	13	64
83	9	18	74
84	9	10	90
85	10	21	81
86	10	13	12
87	10	12	74
88	10	14	87
89	10	20	22
90	10	14	93
91	11	21	72
92	11	16	66
93	11	16	88
94	11	13	94
95	12	16	99
96	12	19	24
97	12	26	72
98	12	21	25
99	12	14	80
100	12	20	44
101	13	15	52
102	13	23	89
103	13	16	68
104	13	15	34
105	13	23	13
106	13	14	61
107	13	15	35
108	14	23	77
109	14	19	57
110	14	16	51
111	14	15	26
112	14	15	61
113	15	16	71
114	15	17	18
115	15	16	31
116	15	20	22
117	15	16	70
118	16	19	37
119	16	18	39
120	16	21	67
121	16	28	72
122	16	17	30
123	16	21	19
124	16	32	75
125	16	19	54
126	16	25	19
127	17	22	81
128	17	18	46
129	17	30	39
130	17	23	97
131	18	22	45
132	18	26	28
133	18	21	47
134	18	19	31
135	18	29	68
136	19	24	87
137	19	20	55
138	19	20	79
139	19	20	80
140	19	22	41
141	20	36	80
142	20	25	58
143	20	32	95
144	20	31	58
145	20	29	34
146	20	24	70
147	21	31	10
148	21	26	54
149	21	22	84
150	21	24	52
151	21	23	94
152	21	24	23
153	22	26	39
154	22	24	21
155	22	27	12
156	22	25	10
157	23	27	77
158	23	34	81
159	23	26	16
160	23	27	49
161	23	35	54
162	23	25	38
163	24	30	97
164	24	29	61
165	24	35	45
166	24	32	25
167	24	31	73
168	24	29	88
169	25	40	17
170	25	26	67
171	25	27	98
172	25	27	20
173	26	36	89
174	26	34	32
175	26	31	68
176	26	28	73
177	26	29	11
178	26	41	22
179	27	33	49
180	27	28	13
181	27	33	90
182	27	30	72
183	27	36	71
184	28	34	78
185	28	31	33
186	28	31	63
187	28	31	94
188	29	35	62
189	29	31	20
190	29	33	45
191	29	38	77
192	29	30	14
193	30	42	43
194	30	31	90
195	30	38	96
196	30	32	70
197	31	33	30
198	31	33	89
199	31	37	89
200	31	35	82
201	31	37	27
202	31	33	85
203	31	36	45
204	31	34	31
205	31	33	66
206	32	38	95
207	32	33	35
208	32	42	64
209	32	33	17
210	33	47	45
211	33	36	16
212	33	35	79
213	33	44	68
214	33	44	50
215	33	34	48
216	33	34	24
217	33	34	78
218	33	35	35
219	34	35	32
220	34	37	51
221	34	35	59
222	34	37	17
223	34	46	79
224	34	35	66
225	34	37	25
226	35	36	69
227	35	39	85
228	35	37	57
229	35	36	58
230	35	45	72
231	35	36	99
232	35	41	40
233	35	43	86
234	35	40	36
235	36	39	53
236	36	41	80
237	36	37	65
238	36	42	17
239	36	39	80
240	36	39	77
241	36	39	76
242	36	38	22
243	37	41	49
244	37	41	81
245	37	52	74
246	37	40	10
247	37	41	24
248	37	38	90
249	37	39	93
250	38	39	23
251	38	42	50
252	38	42	91
253	38	40	66
254	38	53	44
255	39	40	19
256	39	40	86
257	39	42	24
258	39	40	53
259	39	40	21
260	39	42	33
261	39	40	15
262	40	41	15
263	40	47	12
264	40	49	91
265	40	42	42
266	40	45	77
267	40	42	66
268	40	45	84
269	40	52	67
270	40	46	87
271	41	45	11
272	41	45	93
273	41	47	15
274	41	43	42
275	41	47	82
276	41	59	23
277	41	46	89
278	42	60	79
279	42	43	77
280	42	44	58
281	42	44	10
282	42	43	97
283	42	49	96
284	42	50	78
285	42	48	100
286	42	45	60
287	43	45	80
288	43	47	34
289	43	49	53
290	43	44	97
291	44	46	31
292	44	50	89
293	44	45	57
294	44	49	31
295	44	59	98
296	45	50	33
297	45	46	92
298	45	48	22
299	45	50	44
300	45	50	48
301	45	47	42
302	45	46	74
303	45	46	13
304	46	56	50
305	46	47	46
306	46	54	73
307	46	50	70
308	46	55	16
309	46	48	80
310	46	51	92
311	47	48	33
312	47	51	78
313	47	54	39
314	47	61	63
315	47	48	31
316	47	61	36
317	47	52	59
318	48	49	92
319	48	49	75
320	48	53	49
321	48	49	44
322	48	53	23
323	49	52	57
324	49	61	56
325	49	57	61
326	49	53	55
327	49	50	77
328	49	72	93
329	49	76	77
330	50	51	27
331	50	68	15
332	50	51	64
333	50	51	55
334	50	51	84
335	50	57	82
336	50	54	21
337	51	60	96
338	51	60	18
339	51	52	63
340	51	55	49
341	51	58	16
342	51	52	92
343	52	57	60
344	52	56	13
345	52	53	95
346	52	55	89
347	52	65	69
348	52	55	58
349	53	57	76
350	53	54	76
351	53	56	80
352	53	56	90
353	53	55	100
354	54	57	77
355	54	55	67
356	54	57	32
357	54	57	91
358	55	66	35
359	55	58	38
360	55	67	53
361	55	58	97
362	55	61	87
363	55	56	28
364	56	59	63
365	56	63	84
366	56	59	70
367	56	58	32
368	56	63	44
369	57	69	81
370	57	65	45
371	57	65	92
372	57	60	50
373	57	60	64
374	57	65	12
375	57	71	74
376	58	60	96
377	58	63	14
378	58	68	55
379	58	64	86
380	59	70	52
381	59	61	56
382	59	61	40
383	59	62	14
384	60	64	46
385	60	61	63
386	60	61	72
387	60	63	85
388	60	61	13
389	60	70	33
390	61	67	87
391	61	68	72
392	61	62	48
393	61	62	80
394	61	75	78
395	61	62	38
396	61	66	37
397	61	72	88
398	61	76	53
399	62	69	34
400	62	67	91
401	62	69	26
402	62	64	42
403	63	64	23
404	63	67	23
405	63	65	12
406	63	65	63
407	64	67	63
408	64	65	15
409	64	65	95
410	64	72	55
411	65	67	30
412	65	70	38
413	65	66	42
414	65	70	25
415	65	71	45
416	65	66	35
417	65	67	45
418	65	67	72
419	66	67	73
420	66	76	23
421	66	80	43
422	66	68	51
423	67	69	77
424	67	68	43
425	67	71	53
426	67	72	94
427	67	68	77
428	67	68	98
429	67	70	52
430	67	69	70
431	67	75	91
432	68	69	27
433	68	71	44
434	68	69	93
435	68	80	79
436	68	80	71
437	68	69	100
438	68	71	94
439	69	85	17
440	69	70	12
441	69	70	73
442	69	74	61
443	69	70	20
444	69	77	14
445	69	72	23
446	69	72	53
447	70	72	77
448	70	71	38
449	70	75	52
450	70	74	71
451	70	72	70
452	70	82	59
453	70	81	89
454	70	73	68
455	71	77	54
456	71	88	98
457	71	73	28
458	71	72	20
459	71	74	99
460	71	74	57
461	72	77	41
462	72	73	53
463	72	77	18
464	72	74	91
465	72	73	54
466	72	74	77
467	72	75	18
468	72	73	10
469	72	76	35
470	73	82	50
471	73	74	38
472	73	74	41
473	73	77	72
474	73	75	67
475	74	76	10
476	74	76	74
477	74	79	49
478	74	79	73
479	74	75	27
480	74	82	14
481	74	85	31
482	74	84	43
483	75	79	21
484	75	76	36
485	75	84	61
486	75	76	54
487	75	87	92
488	75	82	72
489	76	78	23
490	76	77	24
491	76	78	54
492	76	82	19
493	76	77	18
494	76	83	35
495	76	79	74
496	76	77	53
497	77	78	87
498	77	82	79
499	77	79	78
500	77	82	30
501	77	80	56
502	77	80	38
503	77	83	10
504	77	78	70
505	78	85	94
506	78	81	44
507	78	87	53
508	78	79	59
509	79	81	17
510	79	83	98
511	79	105	58
512	79	84	10
513	79	80	73
514	79	83	73
515	80	83	57
516	80	83	67
517	80	88	12
518	80	81	58
519	80	81	84
520	80	87	32
521	81	86	65
522	81	85	90
523	81	90	71
524	81	84	91
525	81	82	55
526	82	96	49
527	82	84	75
528	82	89	63
529	82	99	61
530	82	83	86
531	82	87	18
532	82	83	56
533	82	85	43
534	83	88	11
535	83	86	44
536	83	86	60
537	83	90	87
538	83	95	78
539	83	84	88
540	83	89	47
541	83	85	69
542	84	87	70
543	84	85	78
544	84	89	78
545	84	95	22
546	84	89	45
547	84	95	48
548	85	88	45
549	85	89	12
550	85	87	94
551	85	98	35
552	85	89	18
553	85	86	74
554	85	93	21
555	86	93	15
556	86	90	80
557	86	100	31
558	86	89	22
559	87	92	23
560	87	91	90
561	87	90	81
562	87	89	75
563	87	88	68
564	87	92	89
565	88	90	70
566	88	90	77
567	88	91	22
568	88	93	55
569	88	90	46
570	89	91	59
571	89	90	68
572	89	92	70
573	89	94	95
574	89	92	35
575	89	92	91
576	89	95	89
577	89	90	86
578	90	92	51
579	90	96	27
580	90	92	87
581	90	94	40
582	90	99	22
583	90	99	21
584	90	93	91
585	90	95	62
586	90	93	75
587	91	102	24
588	91	94	94
589	91	102	11
590	92	93	92
591	92	95	99
592	92	94	84
593	92	97	90
594	92	93	40
595	92	93	80
596	92	93	44
597	93	101	18
598	93	100	97
599	93	99	48
600	93	94	33
601	93	99	11
602	93	97	61
603	93	97	38
604	93	94	15
605	93	97	70
606	94	96	100
607	94	97	81
608	94	98	96
609	94	95	86
610	94	104	57
611	94	96	37
612	95	98	96
613	95	99	52
614	95	100	47
615	95	107	56
616	95	101	16
617	95	108	63
618	95	101	48
619	96	109	32
620	96	103	56
621	96	98	56
622	96	101	88
623	97	98	15
624	97	98	99
625	97	103	95
626	97	98	42
627	97	101	98
628	98	100	22
629	98	103	35
630	98	102	95
631	98	100	22
632	98	105	28
633	98	103	75
634	98	100	75
635	99	101	35
636	99	102	95
637	99	103	49
638	99	102	21
639	99	101	61
640	99	103	70
641	100	101	54
642	100	108	50
643	100	103	27
644	100	103	83
645	100	101	42
646	100	104	20
647	101	102	33
648	101	107	53
649	101	104	88
650	101	106	22
651	101	102	90
652	101	102	49
653	101	104	50
654	101	105	58
655	101	102	42
656	102	115	99
657	102	103	22
658	102	109	76
659	102	108	75
660	102	105	30
661	102	111	92
662	102	104	100
663	102	108	20
664	102	106	12
665	103	105	87
666	103	108	77
667	103	104	97
668	103	114	33
669	103	109	99
670	103	104	21
671	103	105	97
672	103	105	47
673	103	104	86
674	104	124	26
675	104	107	42
676	104	108	64
677	104	109	57
678	104	107	62
679	104	110	40
680	104	110	51
681	104	107	65
682	105	114	68
683	105	108	59
684	105	120	94
685	105	111	61
686	105	106	20
687	105	111	91
688	105	110	56
689	106	111	83
690	106	110	27
691	106	107	48
692	107	109	69
693	107	108	81
694	107	115	44
695	107	109	59
696	107	114	42
697	107	108	51
698	108	111	56
699	108	112	86
700	108	117	25
701	108	109	11
702	108	123	23
703	108	112	19
704	108	110	96
705	108	109	31
706	108	109	56
707	109	112	29
708	109	111	36
709	109	112	81
710	109	113	17
711	109	113	70
712	109	114	71
713	109	113	97
714	109	116	84
715	109	110	66
716	110	114	10
717	110	111	55
718	110	117	13
719	110	114	62
720	110	112	94
721	110	122	98
722	111	116	74
723	111	112	60
724	111	115	70
725	111	113	64
726	111	124	62
727	111	113	18
728	111	115	65
729	112	115	96
730	112	114	80
731	112	123	48
732	112	118	66
733	112	113	33
734	112	117	74
735	113	124	84
736	113	119	80
737	113	120	91
738	113	114	23
739	113	118	34
740	113	118	14
741	114	122	74
742	114	116	15
743	114	120	38
744	114	119	69
745	114	117	35
746	114	132	52
747	114	115	61
748	114	116	68
749	115	119	11
750	115	119	56
751	115	118	39
752	115	138	98
753	115	116	98
754	115	119	10
755	116	118	56
756	116	117	19
757	116	122	100
758	116	119	87
759	116	117	94
760	117	121	56
761	117	121	35
762	117	124	56
763	117	119	25
764	117	119	80
765	117	122	54
766	118	125	98
767	118	121	24
768	118	121	45
769	118	119	84
770	118	121	10
771	119	120	89
772	119	128	85
773	119	120	26
774	119	120	73
775	119	124	19
776	119	125	14
777	119	120	67
778	119	127	51
779	119	146	90
780	120	123	19
781	120	122	76
782	120	122	90
783	120	122	28
784	120	123	20
785	120	125	100
786	120	124	96
787	121	122	88
788	121	128	30
789	121	123	68
790	121	122	56
791	121	125	10
792	122	129	62
793	122	123	89
794	122	138	43
795	122	134	51
796	122	125	78
797	122	129	34
798	122	133	37
799	122	125	11
800	122	131	51
801	123	125	46
802	123	125	100
803	123	135	62
804	123	124	83
805	123	126	78
806	123	126	47
807	124	127	10
808	124	128	45
809	124	128	27
810	124	154	61
811	124	126	94
812	124	125	42
813	124	130	54
814	125	127	66
815	125	128	16
816	125	129	11
817	125	127	35
818	125	126	43
819	125	126	11
820	125	132	21
821	125	129	43
822	125	127	85
823	126	127	20
824	126	142	41
825	126	127	87
826	126	134	38
827	126	128	75
828	127	130	60
829	127	128	37
830	127	128	25
831	127	128	35
832	127	136	60
833	127	142	85
834	127	130	80
835	128	129	78
836	128	133	13
837	128	129	32
838	128	130	54
839	128	134	20
840	128	130	40
841	128	135	43
842	128	129	58
843	128	132	43
844	129	130	55
845	129	142	85
846	129	137	90
847	129	140	90
848	129	133	29
849	129	132	87
850	129	133	14
851	130	131	42
852	130	135	73
853	130	134	77
854	130	131	35
855	130	132	38
856	130	141	55
857	131	132	45
858	131	133	26
859	131	135	55
860	132	133	36
861	132	134	46
862	132	134	73
863	132	138	21
864	132	142	34
865	132	133	30
866	133	140	39
867	133	142	89
868	133	141	63
869	133	141	35
870	133	137	34
871	133	134	31
872	133	139	40
873	134	136	17
874	134	140	44
875	134	135	45
876	134	137	64
877	134	136	64
878	134	137	16
879	134	137	64
880	135	138	45
881	135	138	22
882	135	137	91
883	135	146	51
884	135	138	31
885	136	138	64
886	136	147	13
887	136	138	63
888	137	138	55
889	137	147	80
890	137	143	72
891	137	150	33
892	137	139	21
893	137	143	33
894	138	144	43
895	138	140	38
896	138	154	27
897	138	139	87
898	138	144	46
899	138	152	52
900	138	141	57
901	138	142	64
902	138	151	28
903	139	140	35
904	139	151	13
905	139	141	86
906	140	144	85
907	140	143	63
908	140	141	77
909	140	145	49
910	140	146	55
911	141	147	27
912	141	143	91
913	141	142	23
914	141	143	64
915	141	142	74
916	141	142	73
917	142	149	57
918	142	158	64
919	142	144	80
920	142	143	13
921	142	157	17
922	142	145	77
923	142	150	40
924	142	145	94
925	142	146	57
926	143	147	51
927	143	144	80
928	143	144	91
929	143	149	95
930	143	148	84
931	143	147	94
932	144	148	11
933	144	149	85
934	144	157	42
935	144	148	45
936	144	165	15
937	144	151	60
938	145	148	78
939	145	146	53
940	145	148	16
941	146	153	100
942	146	149	54
943	146	149	70
944	146	160	62
945	146	149	29
946	147	150	24
947	147	151	49
948	147	151	21
949	147	148	39
950	147	148	21
951	148	150	90
952	148	153	68
953	148	151	66
954	148	150	30
955	148	150	36
956	148	150	94
957	148	150	91
958	149	153	36
959	149	166	67
960	149	157	81
961	149	152	61
962	149	154	47
963	149	150	74
964	150	155	10
965	150	152	82
966	150	155	35
967	150	158	46
968	150	152	91
969	150	155	67
970	150	157	88
971	150	158	38
972	150	152	64
973	151	153	17
974	151	152	52
975	151	157	86
976	151	156	82
977	151	160	59
978	151	158	35
979	152	154	43
980	152	155	70
981	152	159	65
982	152	156	11
983	152	172	95
984	152	155	86
985	153	156	50
986	153	159	82
987	153	154	53
988	153	154	26
989	154	155	19
990	154	155	22
991	154	156	75
992	154	155	74
993	154	168	13
994	154	158	99
995	155	158	35
996	155	161	64
997	155	156	20
998	155	156	38
999	155	156	28
1000	155	168	22
1001	155	163	25
1002	155	164	19
1003	156	157	83
1004	156	158	45
1005	156	175	44
1006	156	160	66
1007	156	162	84
1008	156	158	30
1009	156	159	34
1010	157	159	88
1011	157	162	76
1012	157	159	49
1013	157	159	18
1014	157	158	58
1015	157	160	86
1016	158	165	42
1017	158	159	97
1018	158	165	49
1019	158	161	50
1020	158	159	79
1021	158	174	78
1022	158	165	46
1023	158	159	98
1024	158	161	17
1025	159	166	58
1026	159	162	53
1027	159	160	17
1028	159	162	10
1029	159	166	59
1030	159	165	60
1031	159	160	90
1032	159	161	44
1033	159	166	47
1034	160	163	36
1035	160	166	25
1036	160	165	57
1037	160	165	54
1038	160	161	46
1039	160	168	46
1040	161	166	47
1041	161	169	65
1042	161	176	72
1043	161	163	10
1044	161	166	45
1045	162	163	67
1046	162	171	24
1047	162	164	59
1048	162	166	63
1049	163	165	39
1050	163	169	89
1051	163	165	66
1052	163	164	80
1053	164	180	78
1054	164	167	50
1055	164	170	47
1056	165	173	61
1057	165	169	35
1058	165	167	64
1059	165	175	57
1060	165	167	22
1061	165	169	79
1062	165	166	64
1063	165	167	39
1064	165	177	30
1065	166	168	65
1066	166	173	36
1067	166	168	97
1068	166	170	17
1069	166	170	27
1070	166	168	10
1071	166	167	73
1072	166	169	11
1073	166	171	82
1074	167	185	62
1075	167	169	80
1076	167	168	78
1077	167	168	72
1078	167	170	25
1079	168	172	11
1080	168	171	27
1081	168	170	62
1082	168	171	100
1083	168	177	53
1084	168	174	30
1085	168	177	67
1086	168	171	56
1087	169	172	99
1088	169	171	69
1089	169	175	49
1090	169	170	34
1091	169	176	20
1092	169	172	22
1093	170	171	43
1094	170	180	60
1095	170	171	58
1096	170	174	41
1097	170	185	87
1098	170	174	83
1099	171	182	70
1100	171	172	22
1101	171	178	28
1102	171	177	88
1103	171	172	57
1104	171	180	54
1105	171	173	96
1106	171	177	47
1107	172	173	47
1108	172	176	55
1109	172	175	21
1110	172	181	80
1111	172	173	22
1112	172	175	78
1113	173	174	22
1114	173	176	67
1115	173	174	43
1116	173	178	30
1117	173	177	28
1118	174	177	96
1119	174	175	64
1120	174	187	94
1121	174	183	31
1122	174	178	31
1123	174	177	41
1124	175	178	25
1125	175	184	38
1126	175	182	95
1127	175	176	46
1128	175	176	17
1129	175	180	52
1130	176	180	75
1131	176	188	68
1132	176	177	87
1133	176	179	25
1134	176	191	26
1135	176	182	98
1136	177	180	56
1137	177	187	44
1138	177	178	10
1139	177	185	33
1140	177	184	75
1141	177	178	61
1142	177	178	47
1143	177	182	99
1144	177	183	93
1145	178	187	13
1146	178	181	63
1147	178	179	86
1148	178	180	87
1149	178	185	16
1150	178	179	17
1151	178	180	38
1152	179	190	16
1153	179	180	88
1154	179	188	46
1155	180	189	69
1156	180	181	27
1157	180	182	10
1158	180	181	95
1159	180	185	86
1160	180	184	25
1161	180	183	57
1162	180	185	94
1163	180	182	54
1164	181	183	29
1165	181	182	93
1166	181	182	54
1167	181	183	87
1168	182	183	65
1169	182	193	37
1170	182	185	22
1171	182	186	12
1172	182	194	55
1173	182	187	82
1174	182	191	46
1175	182	190	45
1176	183	188	17
1177	183	188	66
1178	183	190	72
1179	183	185	39
1180	183	184	31
1181	183	187	98
1182	184	187	34
1183	184	186	95
1184	184	191	61
1185	184	191	56
1186	185	186	55
1187	185	188	41
1188	185	188	36
1189	185	193	45
1190	185	186	90
1191	185	190	100
1192	185	190	25
1193	185	200	37
1194	186	192	18
1195	186	190	60
1196	186	191	46
1197	186	193	94
1198	187	191	91
1199	187	189	27
1200	187	190	43
1201	187	195	80
1202	187	189	75
1203	187	188	89
1204	188	195	12
1205	188	189	51
1206	188	206	100
1207	188	189	43
1208	188	189	100
1209	188	190	10
1210	188	189	75
1211	189	195	36
1212	189	190	41
1213	189	192	73
1214	189	193	86
1215	189	192	49
1216	189	191	100
1217	189	192	52
1218	190	192	51
1219	190	194	14
1220	190	192	65
1221	190	194	15
1222	190	192	31
1223	190	195	57
1224	190	192	66
1225	190	191	12
1226	190	194	38
1227	191	203	32
1228	191	195	37
1229	191	194	26
1230	191	194	93
1231	191	194	88
1232	191	193	47
1233	191	197	26
1234	191	202	51
1235	192	213	57
1236	192	196	27
1237	192	193	36
1238	192	199	63
1239	192	213	87
1240	192	195	23
1241	192	193	43
1242	192	194	66
1243	193	197	26
1244	193	195	47
1245	193	194	82
1246	193	205	22
1247	193	196	90
1248	193	210	95
1249	193	200	79
1250	194	199	99
1251	194	205	23
1252	194	195	22
1253	194	207	75
1254	194	195	32
1255	194	196	70
1256	194	196	24
1257	194	198	91
1258	194	196	25
1259	195	210	19
1260	195	197	24
1261	195	206	26
1262	195	201	79
1263	195	212	100
1264	195	197	32
1265	195	196	61
1266	195	197	39
1267	195	202	30
1268	196	199	19
1269	196	198	97
1270	196	201	58
1271	196	200	85
1272	196	197	26
1273	196	197	100
1274	197	204	24
1275	197	199	43
1276	197	198	48
1277	197	199	14
1278	197	204	47
1279	197	201	25
1280	197	198	18
1281	198	201	86
1282	198	200	12
1283	198	205	25
1284	198	199	18
1285	199	202	18
1286	199	200	27
1287	199	203	32
1288	199	204	41
1289	199	200	20
1290	199	203	61
1291	200	201	59
1292	200	201	100
1293	200	201	66
1294	200	213	81
1295	200	206	44
1296	200	204	53
1297	201	212	31
1298	201	205	14
1299	201	203	57
1300	201	211	11
1301	201	202	30
1302	201	206	22
1303	201	205	25
1304	202	219	65
1305	202	207	14
1306	202	205	27
1307	202	205	51
1308	203	211	45
1309	203	209	27
1310	203	214	12
1311	203	205	27
1312	204	205	92
1313	204	206	70
1314	204	220	43
1315	204	207	49
1316	205	210	45
1317	205	207	84
1318	205	207	54
1319	205	210	23
1320	205	206	74
1321	205	207	83
1322	205	219	43
1323	205	208	17
1324	205	208	95
1325	206	220	43
1326	206	208	42
1327	206	212	14
1328	206	209	74
1329	206	208	40
1330	206	214	48
1331	207	211	93
1332	207	219	87
1333	207	215	75
1334	207	208	71
1335	207	215	94
1336	207	208	15
1337	208	214	70
1338	208	209	55
1339	208	210	86
1340	208	210	55
1341	208	209	94
1342	208	210	43
1343	209	210	100
1344	209	214	93
1345	209	213	62
1346	209	215	89
1347	210	212	50
1348	210	212	32
1349	210	211	75
1350	210	219	40
1351	210	211	52
1352	210	215	84
1353	210	211	27
1354	210	215	44
1355	211	213	23
1356	211	213	11
1357	211	222	97
1358	211	212	76
1359	211	214	98
1360	211	212	61
1361	212	214	16
1362	212	218	47
1363	212	216	73
1364	212	217	71
1365	212	216	22
1366	212	218	58
1367	212	222	99
1368	213	215	21
1369	213	216	24
1370	213	219	94
1371	213	216	86
1372	213	215	80
1373	213	215	91
1374	214	226	68
1375	214	216	46
1376	214	221	86
1377	214	222	82
1378	214	216	32
1379	214	215	74
1380	215	216	63
1381	215	217	47
1382	215	222	32
1383	215	217	18
1384	215	217	45
1385	215	217	60
1386	215	216	43
1387	215	218	19
1388	215	221	33
1389	216	227	30
1390	216	220	37
1391	216	219	100
1392	216	217	49
1393	216	220	79
1394	216	218	79
1395	216	224	60
1396	216	218	72
1397	217	221	35
1398	217	219	98
1399	217	219	47
1400	217	218	34
1401	217	221	71
1402	217	227	32
1403	218	221	21
1404	218	222	36
1405	218	220	81
1406	218	222	40
1407	218	220	60
1408	218	219	30
1409	219	220	47
1410	219	222	49
1411	219	224	70
1412	219	220	74
1413	219	228	68
1414	219	221	47
1415	219	221	95
1416	219	231	83
1417	219	220	19
1418	220	221	39
1419	220	228	56
1420	220	231	89
1421	220	228	75
1422	220	223	45
1423	220	224	26
1424	220	223	22
1425	220	226	48
1426	220	221	32
1427	221	229	71
1428	221	225	81
1429	221	223	85
1430	221	223	46
1431	221	224	97
1432	221	223	26
1433	221	223	51
1434	221	222	46
1435	221	229	95
1436	222	224	25
1437	222	225	48
1438	222	228	67
1439	222	223	33
1440	222	224	56
1441	222	223	76
1442	222	226	38
1443	222	225	72
1444	223	227	50
1445	223	231	21
1446	223	226	24
1447	223	234	15
1448	223	224	80
1449	223	226	97
1450	223	224	94
1451	223	228	78
1452	224	243	84
1453	224	228	43
1454	224	232	38
1455	224	233	44
1456	224	225	16
1457	224	225	47
1458	224	227	89
1459	224	229	77
1460	225	226	32
1461	225	230	40
1462	225	226	24
1463	225	226	84
1464	225	234	46
1465	226	232	75
1466	226	230	25
1467	226	229	95
1468	226	229	55
1469	226	231	48
1470	226	228	96
1471	226	228	54
1472	226	242	55
1473	227	231	87
1474	227	228	60
1475	227	234	39
1476	227	233	17
1477	228	232	56
1478	228	237	88
1479	228	235	36
1480	228	232	97
1481	228	229	41
1482	228	230	10
1483	228	236	30
1484	228	231	28
1485	228	229	66
1486	229	232	39
1487	229	235	70
1488	229	233	88
1489	229	238	83
1490	229	235	30
1491	229	235	13
1492	229	231	14
1493	230	231	70
1494	230	232	52
1495	230	243	77
1496	231	232	57
1497	231	235	66
1498	231	232	46
1499	231	236	50
1500	231	236	37
1501	231	239	48
1502	231	236	60
1503	231	232	40
1504	232	235	61
1505	232	233	24
1506	232	234	14
1507	232	234	97
1508	232	236	60
1509	232	235	55
1510	232	245	96
1511	232	236	65
1512	232	241	73
1513	233	238	50
1514	233	240	54
1515	233	246	60
1516	233	239	23
1517	234	238	40
1518	234	240	89
1519	234	239	97
1520	234	240	19
1521	234	235	97
1522	235	236	39
1523	235	253	25
1524	235	236	30
1525	235	237	58
1526	235	242	71
1527	235	243	75
1528	235	248	18
1529	235	238	35
1530	236	237	81
1531	236	246	96
1532	236	250	69
1533	236	237	36
1534	236	241	87
1535	236	244	60
1536	236	240	46
1537	236	237	69
1538	237	238	68
1539	237	250	13
1540	237	253	99
1541	237	240	86
1542	237	238	57
1543	238	240	11
1544	238	240	78
1545	238	253	63
1546	238	241	20
1547	238	243	24
1548	238	248	80
1549	239	255	28
1550	239	250	31
1551	239	240	24
1552	240	242	46
1553	240	248	90
1554	240	245	95
1555	240	241	47
1556	240	241	100
1557	240	243	58
1558	240	247	34
1559	240	242	82
1560	241	242	75
1561	241	242	13
1562	241	244	39
1563	241	246	90
1564	241	248	72
1565	242	245	63
1566	242	249	12
1567	242	246	25
1568	242	243	53
1569	242	246	69
1570	242	249	31
1571	243	244	22
1572	243	247	59
1573	243	246	24
1574	243	244	17
1575	243	248	53
1576	243	247	69
1577	244	245	80
1578	244	251	83
1579	244	249	45
1580	244	249	96
1581	245	247	93
1582	245	256	73
1583	245	248	27
1584	245	246	34
1585	246	249	100
1586	246	251	92
1587	246	248	42
1588	246	257	38
1589	246	247	45
1590	246	260	41
1591	246	249	88
1592	247	250	11
1593	247	255	19
1594	247	250	86
1595	247	251	81
1596	247	249	52
1597	248	255	19
1598	248	249	63
1599	248	251	21
1600	248	252	55
1601	248	263	39
1602	248	253	54
1603	248	261	63
1604	249	251	28
1605	249	250	35
1606	249	250	93
1607	249	253	93
1608	249	252	88
1609	249	258	47
1610	249	250	30
1611	249	252	77
1612	250	252	14
1613	250	255	27
1614	250	255	72
1615	250	253	22
1616	250	251	40
1617	250	259	38
1618	250	251	99
1619	250	254	52
1620	251	254	31
1621	251	253	89
1622	251	252	52
1623	251	257	88
1624	251	256	49
1625	251	258	61
1626	251	257	14
1627	252	264	11
1628	252	254	12
1629	252	256	53
1630	252	266	82
1631	252	256	49
1632	253	261	11
1633	253	255	90
1634	253	255	44
1635	253	257	91
1636	253	256	13
1637	253	256	84
1638	253	255	35
1639	254	260	38
1640	254	256	27
1641	254	259	56
1642	255	265	45
1643	255	269	70
1644	255	259	86
1645	255	257	71
1646	255	257	47
1647	255	258	85
1648	255	259	24
1649	255	258	26
1650	256	258	19
1651	256	260	17
1652	256	260	98
1653	256	257	75
1654	256	262	75
1655	256	257	81
1656	256	257	78
1657	257	259	74
1658	257	263	87
1659	257	258	96
1660	257	263	50
1661	257	265	54
1662	257	258	98
1663	257	261	12
1664	257	258	67
1665	257	258	56
1666	258	266	71
1667	258	259	54
1668	258	260	18
1669	258	261	58
1670	258	259	66
1671	258	260	54
1672	258	260	12
1673	258	260	54
1674	258	259	12
1675	259	264	61
1676	259	262	66
1677	259	274	19
1678	259	260	38
1679	259	263	32
1680	259	262	45
1681	259	280	73
1682	259	263	96
1683	260	273	77
1684	260	261	53
1685	260	267	48
1686	260	268	72
1687	260	265	62
1688	260	264	38
1689	260	263	73
1690	260	264	99
1691	260	261	35
1692	261	263	86
1693	261	267	81
1694	261	262	45
1695	261	264	86
1696	261	262	84
1697	261	265	49
1698	262	267	24
1699	262	264	88
1700	262	266	59
1701	262	265	11
1702	262	264	26
1703	263	265	63
1704	263	267	99
1705	263	265	41
1706	263	266	10
1707	263	264	100
1708	263	271	49
1709	263	264	22
1710	264	267	63
1711	264	266	48
1712	264	270	48
1713	264	266	19
1714	264	272	57
1715	264	266	96
1716	264	271	98
1717	264	272	91
1718	264	268	50
1719	265	273	31
1720	265	275	87
1721	265	272	78
1722	265	266	47
1723	265	268	29
1724	265	268	37
1725	265	266	16
1726	266	272	52
1727	266	268	84
1728	266	268	27
1729	266	275	91
1730	266	274	81
1731	266	269	50
1732	266	270	49
1733	266	270	21
1734	266	268	32
1735	267	268	50
1736	267	268	75
1737	267	272	46
1738	267	270	21
1739	267	277	49
1740	268	276	37
1741	268	269	62
1742	268	269	78
1743	268	271	30
1744	268	271	15
1745	268	288	64
1746	268	269	65
1747	268	269	100
1748	268	285	40
1749	269	273	82
1750	269	280	53
1751	269	271	65
1752	269	272	96
1753	269	273	19
1754	269	270	90
1755	270	273	43
1756	270	272	87
1757	270	276	16
1758	270	272	51
1759	270	274	97
1760	271	274	45
1761	271	275	14
1762	271	278	34
1763	271	272	67
1764	271	275	88
1765	272	274	52
1766	272	276	40
1767	272	275	13
1768	272	275	80
1769	272	283	86
1770	272	273	24
1771	272	274	25
1772	272	277	41
1773	272	276	11
1774	273	274	94
1775	273	274	65
1776	273	282	75
1777	273	284	41
1778	273	275	95
1779	273	277	53
1780	274	276	80
1781	274	279	81
1782	274	284	22
1783	274	280	72
1784	274	279	17
1785	274	281	91
1786	274	288	36
1787	274	278	28
1788	275	277	61
1789	275	280	45
1790	275	280	73
1791	275	276	23
1792	275	281	94
1793	275	277	16
1794	275	278	49
1795	276	282	96
1796	276	278	88
1797	276	278	74
1798	276	280	67
1799	276	279	43
1800	276	295	74
1801	277	278	84
1802	277	279	10
1803	277	280	87
1804	277	285	64
1805	277	279	31
1806	278	279	60
1807	278	285	68
1808	278	282	11
1809	278	279	74
1810	278	279	52
1811	278	285	70
1812	279	282	41
1813	279	280	58
1814	279	280	68
1815	279	285	48
1816	279	284	92
1817	279	281	44
1818	279	289	43
1819	279	284	98
1820	280	284	70
1821	280	282	95
1822	280	283	60
1823	280	285	43
1824	280	283	43
1825	280	286	24
1826	280	283	27
1827	280	285	82
1828	280	281	66
1829	281	282	75
1830	281	287	44
1831	281	283	38
1832	281	288	14
1833	282	291	64
1834	282	284	57
1835	282	284	80
1836	282	283	27
1837	282	283	94
1838	282	287	10
1839	283	289	15
1840	283	294	66
1841	283	289	70
1842	283	284	94
1843	283	291	34
1844	283	289	23
1845	283	284	87
1846	284	291	42
1847	284	288	82
1848	284	288	100
1849	284	289	77
1850	284	285	100
1851	284	288	39
1852	284	285	12
1853	284	288	32
1854	284	287	47
1855	285	308	62
1856	285	288	47
1857	285	290	64
1858	285	294	36
1859	285	297	66
1860	285	289	99
1861	285	286	98
1862	285	286	21
1863	285	286	90
1864	286	288	52
1865	286	294	47
1866	286	310	58
1867	286	295	48
1868	287	292	23
1869	287	291	83
1870	287	289	58
1871	288	304	13
1872	288	290	99
1873	288	294	63
1874	288	290	20
1875	288	289	67
1876	288	290	35
1877	288	290	41
1878	288	289	70
1879	288	295	78
1880	289	295	86
1881	289	292	33
1882	289	292	10
1883	289	305	73
1884	289	293	90
1885	289	290	13
1886	289	292	53
1887	289	295	80
1888	289	293	57
1889	290	300	64
1890	290	303	66
1891	290	296	99
1892	290	293	31
1893	290	291	44
1894	290	299	13
1895	291	292	98
1896	291	294	60
1897	291	296	42
1898	291	294	82
1899	291	292	40
1900	292	293	63
1901	292	300	57
1902	292	298	50
1903	292	300	47
1904	292	301	72
1905	292	293	68
1906	293	300	11
1907	293	302	19
1908	293	303	76
1909	293	294	84
1910	293	307	77
1911	294	298	35
1912	294	297	26
1913	294	296	96
1914	294	303	28
1915	294	298	52
1916	294	304	30
1917	294	298	18
1918	295	301	15
1919	295	297	86
1920	295	298	37
1921	295	302	32
1922	295	296	95
1923	296	297	31
1924	296	299	47
1925	296	299	53
1926	296	299	53
1927	297	298	62
1928	297	299	76
1929	297	321	71
1930	297	314	21
1931	298	301	86
1932	298	299	67
1933	298	301	83
1934	298	300	23
1935	298	303	24
1936	298	301	51
1937	299	306	94
1938	299	300	39
1939	299	300	29
1940	299	300	63
1941	299	303	80
1942	299	300	25
1943	300	303	31
1944	300	302	55
1945	300	301	24
1946	300	303	55
1947	300	303	23
1948	300	306	23
1949	300	305	15
1950	300	313	65
1951	300	304	78
1952	301	302	38
1953	301	302	80
1954	301	302	23
1955	301	304	97
1956	301	309	64
1957	301	312	25
1958	302	307	88
1959	302	303	70
1960	302	304	81
1961	302	306	66
1962	302	314	53
1963	302	312	52
1964	303	304	31
1965	303	304	47
1966	303	316	89
1967	303	306	29
1968	303	304	72
1969	303	305	88
1970	303	305	88
1971	303	304	54
1972	303	305	13
1973	304	305	28
1974	304	305	12
1975	304	306	66
1976	304	313	43
1977	304	313	18
1978	304	309	64
1979	304	307	21
1980	304	310	70
1981	304	305	68
1982	305	307	51
1983	305	306	47
1984	305	313	33
1985	305	308	56
1986	305	318	17
1987	305	306	47
1988	305	311	79
1989	305	306	94
1990	306	307	45
1991	306	309	24
1992	306	309	18
1993	306	315	35
1994	306	307	61
1995	306	309	74
1996	306	325	64
1997	306	311	97
1998	307	309	14
1999	307	311	61
2000	307	308	10
2001	307	313	44
2002	307	309	64
2003	307	312	37
2004	308	309	15
2005	308	309	66
2006	308	318	82
2007	309	311	51
2008	309	316	43
2009	309	318	94
2010	309	311	40
2011	309	319	94
2012	309	314	15
2013	309	310	61
2014	309	311	88
2015	309	316	89
2016	310	314	56
2017	310	320	58
2018	310	312	51
2019	311	318	23
2020	311	312	24
2021	311	317	67
2022	311	312	54
2023	311	318	13
2024	311	313	44
2025	312	315	99
2026	312	317	32
2027	312	313	94
2028	312	313	70
2029	312	320	22
2030	312	322	96
2031	313	326	22
2032	313	316	18
2033	313	320	92
2034	313	315	25
2035	313	316	14
2036	313	316	79
2037	313	318	76
2038	313	317	77
2039	314	316	60
2040	314	321	14
2041	314	315	88
2042	314	316	64
2043	315	317	11
2044	315	318	31
2045	315	320	57
2046	315	321	15
2047	316	323	11
2048	316	319	79
2049	316	317	99
2050	316	318	29
2051	316	326	68
2052	316	317	77
2053	316	317	87
2054	316	321	41
2055	317	318	29
2056	317	320	28
2057	317	328	98
2058	317	326	40
2059	317	322	66
2060	317	319	68
2061	317	320	75
2062	318	328	95
2063	318	321	84
2064	318	326	53
2065	318	321	59
2066	318	322	58
2067	318	324	45
2068	318	319	30
2069	318	323	32
2070	318	324	33
2071	319	321	14
2072	319	323	19
2073	319	322	15
2074	319	328	29
2075	320	330	76
2076	320	322	31
2077	320	326	32
2078	320	329	63
2079	320	325	87
2080	320	322	62
2081	321	327	34
2082	321	323	31
2083	321	329	33
2084	321	332	64
2085	321	328	45
2086	321	330	52
2087	321	331	69
2088	322	330	18
2089	322	325	34
2090	322	328	73
2091	322	323	32
2092	322	326	62
2093	322	326	46
2094	323	331	37
2095	323	325	76
2096	323	324	77
2097	323	328	50
2098	323	324	56
2099	324	329	60
2100	324	325	51
2101	324	336	96
2102	324	325	58
2103	325	334	77
2104	325	329	99
2105	325	330	85
2106	325	342	15
2107	325	332	68
2108	325	326	36
2109	326	331	42
2110	326	329	64
2111	326	328	39
2112	326	327	61
2113	326	347	54
2114	326	333	19
2115	326	336	59
2116	326	327	81
2117	327	328	91
2118	327	329	14
2119	327	339	36
2120	328	337	66
2121	328	330	26
2122	328	337	21
2123	328	330	36
2124	328	329	53
2125	328	337	90
2126	328	331	44
2127	328	331	77
2128	329	330	40
2129	329	330	99
2130	329	335	91
2131	329	331	19
2132	329	334	73
2133	329	330	50
2134	329	340	13
2135	330	332	70
2136	330	331	35
2137	330	331	30
2138	330	333	91
2139	330	337	16
2140	330	331	43
2141	330	344	62
2142	330	341	58
2143	330	334	42
2144	331	342	35
2145	331	339	79
2146	331	340	90
2147	331	340	98
2148	331	332	51
2149	331	332	24
2150	331	333	57
2151	331	337	24
2152	331	335	47
2153	332	336	92
2154	332	335	55
2155	332	333	21
2156	332	333	55
2157	332	336	87
2158	333	338	52
2159	333	340	75
2160	333	336	11
2161	333	335	23
2162	333	337	55
2163	334	361	49
2164	334	335	90
2165	334	340	60
2166	335	338	13
2167	335	339	75
2168	335	338	67
2169	335	342	61
2170	335	336	54
2171	336	341	64
2172	336	341	67
2173	336	347	72
2174	336	341	74
2175	336	343	82
2176	336	338	39
2177	337	340	50
2178	337	339	40
2179	337	345	91
2180	337	340	71
2181	337	338	79
2182	337	346	24
2183	338	347	28
2184	338	345	12
2185	338	350	69
2186	338	344	59
2187	338	339	30
2188	339	343	76
2189	339	344	10
2190	339	344	10
2191	339	340	75
2192	339	343	32
2193	340	342	37
2194	340	341	27
2195	340	343	20
2196	340	347	18
2197	340	347	88
2198	340	343	87
2199	340	352	87
2200	340	344	68
2201	341	342	11
2202	341	343	81
2203	341	342	68
2204	341	361	18
2205	341	343	40
2206	342	344	46
2207	342	345	86
2208	342	344	25
2209	342	348	71
2210	342	343	34
2211	342	343	91
2212	343	349	58
2213	343	345	45
2214	343	348	36
2215	343	346	28
2216	343	350	100
2217	343	350	67
2218	343	349	34
2219	343	345	15
2220	343	351	22
2221	344	353	19
2222	344	346	27
2223	344	346	72
2224	344	352	72
2225	344	347	64
2226	344	348	82
2227	344	345	52
2228	345	350	56
2229	345	347	19
2230	345	351	84
2231	345	348	15
2232	345	354	87
2233	345	350	79
2234	346	348	53
2235	346	347	72
2236	346	349	79
2237	346	350	30
2238	347	350	95
2239	347	349	33
2240	347	351	57
2241	347	349	66
2242	347	355	49
2243	347	349	29
2244	347	352	14
2245	347	350	91
2246	348	349	28
2247	348	350	42
2248	348	352	99
2249	348	353	98
2250	348	364	40
2251	349	352	20
2252	349	352	100
2253	349	352	80
2254	349	354	51
2255	349	353	63
2256	349	351	82
2257	349	351	32
2258	350	356	19
2259	350	353	97
2260	350	356	20
2261	350	360	12
2262	350	354	40
2263	350	356	35
2264	350	351	79
2265	350	352	17
2266	350	362	63
2267	351	354	22
2268	351	353	94
2269	351	352	17
2270	351	354	70
2271	351	359	14
2272	351	355	94
2273	352	354	55
2274	352	353	83
2275	352	358	58
2276	352	362	32
2277	352	364	98
2278	352	353	39
2279	352	365	49
2280	352	353	63
2281	352	353	14
2282	353	359	63
2283	353	364	86
2284	353	354	27
2285	353	355	72
2286	353	361	11
2287	353	354	42
2288	353	354	38
2289	353	355	52
2290	353	367	10
2291	354	358	25
2292	354	370	20
2293	354	357	36
2294	354	359	62
2295	354	360	55
2296	354	356	19
2297	354	359	17
2298	354	365	82
2299	354	357	46
2300	355	356	54
2301	355	357	64
2302	355	360	93
2303	355	365	26
2304	356	358	92
2305	356	358	62
2306	356	357	24
2307	356	359	28
2308	356	364	48
2309	357	361	20
2310	357	360	86
2311	357	367	60
2312	357	362	30
2313	358	359	83
2314	358	361	94
2315	358	362	61
2316	358	359	84
2317	359	362	69
2318	359	364	35
2319	359	360	90
2320	359	365	74
2321	359	361	45
2322	359	360	30
2323	359	370	46
2324	360	367	44
2325	360	364	69
2326	360	368	13
2327	360	361	71
2328	360	361	37
2329	360	363	11
2330	361	362	97
2331	361	363	17
2332	361	366	62
2333	361	363	48
2334	361	363	15
2335	361	365	68
2336	361	364	19
2337	361	376	100
2338	362	372	42
2339	362	365	72
2340	362	369	46
2341	362	363	34
2342	362	373	33
2343	362	364	55
2344	363	367	64
2345	363	364	75
2346	363	365	22
2347	363	367	92
2348	363	366	19
2349	364	365	40
2350	364	367	61
2351	364	369	19
2352	364	366	60
2353	364	365	40
2354	364	366	76
2355	364	368	23
2356	364	378	21
2357	364	368	78
2358	365	374	97
2359	365	368	73
2360	365	369	98
2361	365	367	18
2362	365	367	96
2363	365	372	51
2364	365	368	32
2365	365	369	41
2366	365	377	45
2367	366	372	37
2368	366	371	14
2369	366	371	92
2370	366	368	18
2371	367	371	42
2372	367	369	55
2373	367	374	12
2374	367	374	80
2375	367	369	36
2376	367	368	33
2377	367	368	85
2378	367	369	19
2379	368	369	34
2380	368	370	98
2381	368	376	50
2382	368	371	28
2383	368	374	26
2384	368	372	53
2385	368	373	40
2386	368	370	30
2387	369	376	98
2388	369	376	55
2389	369	371	35
2390	369	375	71
2391	369	372	56
2392	369	377	76
2393	369	372	54
2394	369	370	57
2395	370	371	15
2396	370	372	60
2397	370	372	10
2398	370	372	20
2399	370	371	24
2400	371	375	44
2401	371	376	68
2402	371	374	40
2403	371	375	88
2404	371	379	66
2405	371	373	18
2406	371	380	76
2407	372	385	89
2408	372	381	86
2409	372	373	39
2410	372	385	56
2411	372	376	11
2412	372	377	62
2413	372	378	70
2414	372	383	55
2415	372	375	88
2416	373	374	16
2417	373	388	81
2418	373	380	67
2419	373	389	26
2420	374	382	50
2421	374	377	13
2422	374	379	58
2423	374	385	19
2424	374	382	29
2425	374	391	54
2426	375	376	58
2427	375	380	50
2428	375	377	77
2429	375	379	26
2430	376	386	83
2431	376	377	18
2432	376	378	65
2433	376	377	36
2434	376	384	87
2435	376	383	52
2436	376	381	83
2437	377	381	19
2438	377	382	54
2439	377	380	35
2440	377	383	84
2441	377	381	58
2442	377	380	41
2443	377	380	76
2444	378	384	10
2445	378	379	73
2446	378	390	80
2447	379	380	21
2448	379	381	87
2449	379	381	76
2450	379	380	75
2451	380	382	33
2452	380	381	11
2453	380	381	66
2454	380	388	84
2455	380	383	57
2456	380	385	92
2457	380	383	25
2458	380	395	94
2459	381	392	88
2460	381	383	71
2461	381	388	57
2462	381	386	62
2463	381	382	26
2464	381	385	37
2465	381	383	22
2466	381	387	49
2467	382	395	69
2468	382	383	39
2469	382	395	97
2470	382	385	44
2471	382	390	36
2472	383	387	83
2473	383	387	51
2474	383	385	44
2475	383	392	81
2476	383	386	38
2477	383	384	29
2478	383	389	49
2479	383	389	100
2480	384	390	48
2481	384	391	54
2482	384	387	39
2483	385	387	81
2484	385	386	46
2485	385	386	78
2486	385	386	84
2487	385	386	60
2488	385	386	44
2489	385	386	78
2490	386	397	38
2491	386	389	89
2492	386	392	56
2493	386	391	76
2494	386	388	91
2495	386	391	44
2496	386	387	24
2497	386	391	36
2498	386	395	11
2499	387	393	97
2500	387	392	22
2501	387	389	22
2502	387	388	80
2503	387	389	19
2504	387	400	52
2505	388	393	55
2506	388	391	49
2507	388	390	70
2508	388	389	56
2509	388	392	11
2510	389	397	76
2511	389	392	43
2512	389	397	47
2513	389	395	34
2514	389	391	36
2515	389	398	14
2516	389	392	73
2517	390	400	29
2518	390	392	10
2519	390	392	25
2520	390	398	37
2521	391	394	60
2522	391	403	74
2523	391	393	93
2524	391	411	51
2525	391	407	57
2526	391	394	98
2527	391	393	56
2528	392	396	68
2529	392	394	22
2530	392	394	38
2531	392	396	88
2532	392	399	38
2533	392	395	56
2534	392	395	86
2535	392	396	46
2536	392	395	32
2537	393	402	87
2538	393	394	42
2539	393	394	85
2540	393	397	78
2541	394	396	72
2542	394	398	12
2543	394	395	33
2544	394	397	36
2545	394	399	20
2546	394	406	44
2547	395	397	61
2548	395	396	83
2549	395	397	66
2550	395	402	68
2551	395	398	50
2552	395	398	23
2553	395	402	67
2554	395	398	83
2555	395	399	59
2556	396	397	47
2557	396	405	58
2558	396	397	36
2559	396	400	67
2560	396	399	42
2561	397	405	71
2562	397	400	33
2563	397	407	66
2564	397	403	10
2565	397	398	69
2566	397	403	20
2567	397	400	45
2568	397	398	82
2569	397	398	62
2570	398	401	90
2571	398	402	70
2572	398	400	29
2573	398	399	13
2574	398	403	64
2575	398	403	60
2576	398	417	74
2577	398	405	40
2578	398	406	58
2579	399	400	81
2580	399	404	100
2581	399	400	79
2582	399	407	14
2583	399	401	37
2584	400	405	54
2585	400	406	39
2586	400	406	57
2587	400	405	10
2588	400	403	55
2589	400	403	60
2590	400	401	96
2591	400	402	67
2592	401	402	89
2593	401	402	30
2594	401	407	62
2595	402	406	92
2596	402	409	29
2597	402	410	43
2598	402	403	78
2599	402	414	79
2600	402	411	76
2601	402	404	12
2602	403	404	95
2603	403	410	76
2604	403	407	80
2605	403	412	76
2606	403	405	84
2607	403	404	36
2608	403	404	31
2609	403	407	32
2610	404	410	63
2611	404	408	29
2612	404	408	34
2613	404	406	27
2614	404	414	60
2615	405	420	62
2616	405	409	16
2617	405	406	76
2618	405	413	71
2619	405	408	96
2620	405	409	83
2621	406	407	37
2622	406	411	59
2623	406	417	54
2624	406	410	80
2625	406	407	87
2626	406	408	27
2627	406	408	15
2628	407	412	14
2629	407	413	37
2630	407	410	29
2631	407	408	75
2632	407	408	59
2633	407	412	33
2634	407	408	42
2635	407	417	40
2636	408	416	66
2637	408	418	45
2638	408	409	12
2639	408	414	40
2640	408	410	55
2641	408	417	90
2642	408	411	29
2643	408	415	30
2644	409	411	73
2645	409	414	85
2646	409	415	54
2647	409	414	44
2648	410	416	37
2649	410	412	21
2650	410	416	16
2651	410	415	76
2652	410	413	50
2653	410	424	46
2654	411	412	32
2655	411	412	28
2656	411	412	68
2657	411	416	99
2658	411	413	84
2659	412	413	61
2660	412	417	66
2661	412	413	24
2662	412	413	70
2663	412	415	20
2664	412	418	85
2665	412	413	59
2666	413	421	99
2667	413	414	19
2668	413	416	84
2669	413	428	89
2670	413	426	49
2671	413	417	68
2672	413	420	10
2673	413	414	52
2674	414	419	41
2675	414	417	40
2676	414	418	45
2677	414	421	24
2678	414	420	28
2679	414	415	65
2680	414	415	84
2681	415	420	74
2682	415	416	57
2683	415	416	83
2684	415	416	54
2685	415	419	70
2686	415	418	44
2687	416	423	66
2688	416	419	24
2689	416	417	71
2690	416	420	46
2691	416	422	88
2692	416	432	89
2693	416	423	72
2694	416	417	68
2695	417	419	83
2696	417	418	26
2697	417	418	21
2698	417	423	51
2699	417	418	43
2700	417	421	51
2701	417	419	82
2702	417	420	61
2703	417	421	35
2704	418	421	35
2705	418	420	29
2706	418	422	86
2707	418	419	92
2708	418	420	40
2709	418	421	12
2710	418	435	91
2711	419	422	22
2712	419	423	22
2713	419	421	68
2714	419	429	87
2715	419	422	65
2716	419	430	91
2717	420	423	66
2718	420	428	37
2719	420	422	87
2720	420	421	75
2721	420	422	24
2722	420	426	75
2723	420	421	41
2724	420	425	16
2725	421	429	64
2726	421	425	37
2727	421	430	94
2728	421	422	28
2729	421	429	26
2730	421	422	92
2731	421	429	69
2732	421	422	55
2733	421	426	85
2734	422	426	66
2735	422	423	99
2736	422	426	100
2737	422	426	51
2738	422	423	50
2739	422	424	50
2740	422	437	75
2741	422	424	16
2742	422	423	20
2743	423	428	94
2744	423	425	98
2745	423	425	14
2746	423	424	95
2747	423	424	73
2748	423	426	100
2749	423	424	24
2750	423	424	41
2751	424	428	70
2752	424	437	100
2753	424	427	66
2754	424	431	60
2755	424	426	68
2756	424	426	26
2757	424	425	59
2758	425	430	11
2759	425	428	31
2760	425	446	45
2761	425	427	87
2762	425	427	89
2763	426	430	43
2764	426	427	30
2765	426	427	72
2766	426	430	12
2767	426	429	94
2768	426	430	80
2769	426	428	35
2770	426	431	10
2771	426	437	55
2772	427	428	65
2773	427	433	16
2774	427	434	99
2775	427	447	13
2776	427	431	77
2777	428	438	43
2778	428	429	66
2779	428	435	48
2780	428	432	68
2781	428	434	84
2782	428	431	79
2783	428	432	24
2784	429	432	61
2785	429	432	34
2786	429	434	90
2787	429	441	14
2788	429	431	43
2789	429	432	30
2790	430	431	29
2791	430	449	87
2792	430	435	57
2793	430	433	55
2794	430	436	45
2795	430	435	97
2796	431	442	65
2797	431	437	21
2798	431	436	10
2799	431	432	96
2800	431	437	12
2801	431	435	88
2802	432	437	51
2803	432	435	47
2804	432	433	12
2805	432	439	69
2806	432	433	95
2807	432	439	51
2808	432	448	25
2809	433	434	58
2810	433	439	73
2811	433	437	32
2812	433	442	93
2813	434	435	55
2814	434	440	16
2815	434	436	34
2816	434	435	12
2817	435	447	35
2818	435	440	42
2819	435	436	10
2820	435	442	63
2821	435	438	38
2822	435	442	17
2823	435	436	75
2824	435	436	92
2825	436	440	19
2826	436	437	26
2827	436	440	86
2828	436	445	69
2829	436	440	89
2830	436	443	89
2831	437	440	20
2832	437	453	61
2833	437	445	44
2834	437	449	53
2835	437	440	67
2836	437	444	14
2837	437	438	55
2838	437	442	37
2839	438	439	94
2840	438	439	80
2841	438	445	98
2842	439	442	92
2843	439	446	64
2844	439	441	12
2845	439	445	68
2846	439	451	43
2847	440	444	86
2848	440	442	88
2849	440	441	98
2850	440	454	90
2851	440	446	18
2852	440	448	94
2853	440	441	70
2854	441	443	96
2855	441	445	66
2856	441	443	40
2857	441	455	18
2858	442	447	19
2859	442	445	60
2860	442	444	63
2861	442	448	55
2862	442	443	13
2863	442	443	26
2864	442	443	73
2865	443	444	27
2866	443	451	99
2867	443	453	62
2868	443	448	80
2869	443	444	48
2870	443	447	46
2871	444	445	60
2872	444	447	26
2873	444	448	76
2874	444	453	29
2875	444	449	14
2876	445	448	15
2877	445	450	30
2878	445	451	29
2879	445	470	100
2880	445	459	85
2881	445	446	48
2882	445	448	37
2883	446	459	68
2884	446	447	58
2885	446	448	81
2886	446	447	35
2887	447	456	70
2888	447	450	28
2889	447	450	51
2890	447	455	99
2891	447	449	63
2892	447	450	48
2893	447	448	83
2894	448	450	77
2895	448	449	30
2896	448	449	30
2897	448	456	44
2898	448	454	79
2899	448	449	90
2900	448	449	42
2901	448	450	12
2902	448	449	61
2903	449	450	34
2904	449	460	83
2905	449	451	21
2906	449	450	51
2907	449	453	10
2908	449	453	96
2909	449	460	81
2910	449	452	76
2911	449	450	52
2912	450	451	40
2913	450	455	95
2914	450	459	47
2915	450	451	24
2916	450	453	61
2917	450	452	59
2918	450	462	39
2919	450	453	82
2920	450	461	38
2921	451	456	60
2922	451	453	70
2923	451	452	38
2924	451	454	30
2925	451	464	61
2926	451	459	52
2927	452	459	33
2928	452	455	69
2929	452	453	28
2930	453	455	67
2931	453	467	83
2932	453	457	77
2933	453	455	12
2934	453	454	15
2935	453	458	15
2936	453	454	44
2937	453	456	29
2938	453	474	41
2939	454	456	81
2940	454	458	88
2941	454	463	14
2942	454	458	46
2943	454	459	46
2944	455	461	98
2945	455	461	65
2946	455	458	15
2947	455	457	25
2948	455	456	91
2949	455	461	57
2950	456	458	50
2951	456	465	97
2952	456	457	14
2953	456	464	64
2954	456	461	97
2955	456	457	20
2956	457	479	100
2957	457	463	37
2958	457	464	42
2959	457	458	17
2960	458	463	56
2961	458	472	87
2962	458	459	59
2963	458	460	90
2964	458	462	15
2965	458	464	27
2966	459	462	33
2967	459	461	82
2968	459	468	47
2969	459	465	48
2970	459	463	74
2971	459	461	16
2972	459	461	86
2973	460	465	75
2974	460	462	48
2975	460	461	73
2976	461	462	46
2977	461	466	78
2978	461	462	15
2979	461	467	97
2980	461	467	81
2981	461	467	55
2982	461	463	90
2983	461	464	12
2984	461	466	12
2985	462	464	74
2986	462	463	77
2987	462	467	68
2988	462	466	97
2989	462	463	88
2990	462	468	84
2991	463	467	84
2992	463	464	44
2993	463	465	53
2994	463	468	23
2995	463	471	58
2996	463	475	50
2997	463	473	24
2998	464	468	58
2999	464	465	50
3000	464	472	65
3001	464	469	71
3002	464	467	56
3003	464	468	17
3004	464	472	12
3005	465	466	56
3006	465	469	26
3007	465	466	38
3008	465	469	28
3009	465	467	49
3010	466	471	40
3011	466	467	17
3012	466	468	27
3013	466	468	21
3014	466	469	11
3015	467	468	11
3016	467	468	93
3017	467	470	11
3018	467	469	75
3019	467	471	20
3020	467	470	22
3021	467	476	89
3022	467	469	35
3023	467	472	32
3024	468	481	90
3025	468	470	35
3026	468	471	47
3027	468	481	37
3028	468	469	96
3029	468	473	65
3030	468	471	26
3031	468	470	98
3032	468	469	40
3033	469	475	48
3034	469	472	47
3035	469	486	54
3036	469	472	53
3037	469	470	22
3038	469	477	15
3039	469	472	24
3040	469	470	89
3041	470	473	99
3042	470	473	56
3043	470	479	18
3044	470	471	29
3045	470	472	22
3046	470	483	26
3047	470	471	89
3048	471	475	30
3049	471	490	91
3050	471	478	86
3051	471	473	24
3052	471	475	63
3053	471	477	10
3054	471	472	94
3055	472	475	47
3056	472	476	65
3057	472	473	64
3058	472	476	15
3059	472	473	58
3060	472	474	65
3061	472	474	43
3062	472	473	52
3063	472	481	43
3064	473	479	43
3065	473	477	80
3066	473	482	45
3067	473	483	57
3068	473	480	26
3069	473	476	39
3070	473	474	35
3071	473	488	28
3072	474	476	10
3073	474	477	62
3074	474	495	66
3075	474	477	33
3076	475	476	98
3077	475	478	32
3078	475	481	77
3079	475	488	59
3080	475	476	59
3081	476	477	52
3082	476	477	85
3083	476	479	27
3084	476	477	46
3085	476	477	16
3086	476	479	21
3087	476	478	43
3088	477	480	19
3089	477	479	58
3090	477	482	97
3091	477	481	79
3092	477	482	52
3093	477	481	11
3094	477	478	82
3095	477	483	60
3096	477	481	22
3097	478	485	91
3098	478	481	26
3099	478	480	88
3100	478	479	39
3101	479	481	72
3102	479	483	36
3103	479	499	41
3104	479	482	33
3105	479	486	39
3106	479	484	43
3107	479	483	15
3108	480	484	61
3109	480	484	18
3110	480	483	95
3111	481	489	99
3112	481	485	53
3113	481	484	95
3114	481	487	68
3115	481	483	69
3116	481	483	67
3117	481	486	76
3118	481	487	24
3119	481	488	90
3120	482	484	95
3121	482	485	31
3122	482	483	95
3123	482	485	47
3124	483	486	77
3125	483	487	36
3126	483	484	55
3127	483	486	59
3128	483	499	36
3129	483	489	100
3130	483	484	70
3131	483	491	84
3132	483	485	93
3133	484	485	11
3134	484	492	40
3135	484	488	75
3136	484	493	21
3137	484	496	64
3138	484	495	64
3139	484	489	13
3140	485	486	11
3141	485	497	55
3142	485	495	23
3143	485	486	21
3144	485	511	57
3145	485	491	58
3146	486	489	99
3147	486	491	96
3148	486	494	44
3149	486	487	73
3150	486	487	59
3151	486	487	94
3152	486	487	78
3153	487	489	100
3154	487	498	89
3155	487	515	87
3156	487	488	47
3157	487	490	95
3158	487	491	84
3159	487	491	26
3160	488	489	47
3161	488	491	40
3162	488	493	72
3163	488	490	91
3164	488	491	24
3165	489	502	15
3166	489	497	79
3167	489	493	15
3168	489	505	27
3169	489	490	49
3170	489	496	20
3171	490	501	70
3172	490	504	41
3173	490	492	100
3174	490	491	74
3175	491	492	10
3176	491	494	35
3177	491	493	49
3178	491	494	84
3179	491	494	66
3180	491	493	74
3181	491	502	69
3182	491	500	38
3183	492	502	65
3184	492	501	11
3185	492	497	98
3186	493	495	62
3187	493	504	72
3188	493	503	61
3189	493	495	58
3190	493	495	27
3191	494	497	51
3192	494	495	15
3193	494	500	20
3194	494	495	94
3195	495	496	52
3196	495	498	96
3197	495	499	39
3198	495	502	91
3199	495	502	47
3200	495	498	23
3201	495	496	18
3202	495	500	87
3203	496	497	36
3204	496	499	79
3205	496	501	55
3206	496	498	99
3207	497	501	53
3208	497	499	47
3209	497	501	90
3210	497	499	81
3211	497	509	99
3212	498	501	81
3213	498	503	37
3214	498	499	17
3215	498	502	76
3216	499	502	52
3217	499	500	50
3218	499	514	85
3219	499	502	34
3220	499	506	36
3221	499	505	10
3222	499	501	92
3223	500	505	47
3224	500	511	83
3225	500	501	55
3226	500	503	48
3227	501	508	17
3228	501	506	48
3229	501	504	76
3230	501	503	10
3231	501	509	81
3232	501	513	42
3233	501	504	91
3234	501	502	58
3235	502	507	47
3236	502	512	34
3237	502	505	60
3238	502	507	29
3239	502	503	63
3240	502	506	50
3241	502	511	98
3242	502	506	91
3243	502	509	71
3244	503	504	57
3245	503	510	37
3246	503	506	14
3247	503	509	38
3248	503	509	55
3249	504	515	61
3250	504	507	51
3251	504	514	14
3252	504	507	64
3253	504	506	84
3254	505	511	32
3255	505	506	87
3256	505	512	30
3257	505	506	66
3258	506	510	88
3259	506	511	26
3260	506	511	83
3261	506	514	88
3262	506	508	64
3263	506	509	21
3264	506	508	66
3265	506	512	84
3266	507	517	17
3267	507	508	59
3268	507	509	10
3269	507	509	91
3270	508	513	80
3271	508	509	26
3272	508	526	96
3273	508	511	11
3274	509	520	91
3275	509	512	18
3276	509	510	24
3277	509	510	46
3278	509	512	52
3279	509	510	41
3280	509	519	85
3281	509	517	50
3282	509	526	40
3283	510	522	59
3284	510	525	76
3285	510	511	86
3286	510	513	64
3287	510	516	91
3288	511	512	91
3289	511	518	90
3290	511	521	18
3291	511	515	21
3292	511	514	99
3293	511	522	45
3294	511	513	78
3295	511	512	34
3296	512	536	45
3297	512	514	35
3298	512	518	37
3299	512	513	100
3300	512	513	14
3301	512	516	30
3302	512	519	93
3303	513	514	36
3304	513	514	60
3305	513	522	28
3306	513	532	67
3307	513	525	57
3308	513	518	72
3309	514	515	39
3310	514	518	84
3311	514	517	70
3312	514	519	97
3313	514	516	48
3314	514	523	34
3315	514	517	19
3316	515	516	66
3317	515	518	73
3318	515	517	30
3319	515	518	42
3320	516	518	51
3321	516	517	33
3322	516	525	98
3323	516	517	60
3324	517	522	20
3325	517	520	17
3326	517	518	16
3327	517	518	39
3328	517	519	37
3329	517	520	43
3330	517	520	89
3331	518	519	36
3332	518	521	42
3333	518	521	37
3334	518	520	18
3335	518	520	88
3336	518	525	76
3337	518	523	72
3338	518	523	85
3339	518	524	65
3340	519	525	26
3341	519	520	83
3342	519	526	40
3343	519	520	40
3344	519	521	55
3345	520	530	72
3346	520	522	16
3347	520	530	33
3348	520	521	41
3349	520	531	24
3350	520	522	58
3351	520	525	26
3352	520	523	48
3353	521	522	25
3354	521	524	34
3355	521	524	75
3356	521	536	29
3357	521	524	72
3358	522	523	69
3359	522	524	22
3360	522	524	90
3361	522	523	35
3362	522	524	86
3363	522	536	10
3364	522	528	19
3365	523	525	75
3366	523	524	67
3367	523	532	88
3368	523	524	18
3369	523	525	76
3370	523	530	58
3371	524	537	85
3372	524	530	76
3373	524	527	48
3374	524	526	40
3375	524	525	36
3376	524	527	97
3377	524	526	45
3378	524	531	66
3379	524	533	58
3380	525	529	18
3381	525	531	88
3382	525	532	79
3383	525	529	51
3384	525	530	48
3385	525	527	67
3386	525	531	95
3387	525	529	26
3388	525	526	52
3389	526	530	89
3390	526	528	90
3391	526	528	69
3392	526	528	71
3393	526	528	37
3394	526	528	91
3395	527	530	47
3396	527	528	40
3397	527	548	40
3398	528	531	76
3399	528	529	19
3400	528	529	38
3401	528	531	53
3402	528	537	43
3403	528	530	46
3404	528	529	54
3405	529	533	98
3406	529	531	31
3407	529	530	49
3408	529	533	15
3409	529	532	68
3410	529	533	67
3411	530	535	29
3412	530	547	86
3413	530	557	55
3414	530	533	40
3415	530	531	12
3416	530	532	97
3417	530	542	93
3418	530	537	77
3419	530	536	44
3420	531	535	99
3421	531	532	30
3422	531	534	31
3423	531	540	89
3424	531	532	45
3425	531	532	52
3426	531	538	94
3427	531	532	16
3428	532	534	23
3429	532	534	78
3430	532	533	84
3431	532	542	78
3432	532	534	91
3433	532	540	20
3434	532	534	35
3435	532	533	13
3436	532	534	49
3437	533	535	30
3438	533	539	33
3439	533	542	72
3440	533	539	34
3441	533	534	89
3442	533	538	17
3443	533	538	89
3444	534	537	73
3445	534	536	80
3446	534	537	64
3447	534	536	90
3448	534	537	71
3449	534	539	38
3450	534	547	50
3451	535	539	80
3452	535	540	70
3453	535	536	64
3454	536	538	86
3455	536	543	79
3456	536	537	54
3457	536	537	29
3458	536	540	79
3459	536	543	40
3460	536	538	62
3461	537	538	68
3462	537	538	33
3463	537	541	66
3464	537	538	41
3465	537	538	98
3466	537	539	100
3467	537	539	16
3468	537	539	71
3469	538	548	73
3470	538	539	83
3471	538	549	20
3472	538	543	31
3473	538	545	26
3474	538	540	72
3475	538	541	100
3476	538	544	85
3477	538	556	53
3478	539	540	78
3479	539	541	16
3480	539	540	25
3481	539	541	91
3482	539	541	92
3483	539	541	82
3484	539	541	75
3485	539	544	69
3486	540	545	24
3487	540	544	30
3488	540	543	71
3489	540	545	64
3490	540	541	22
3491	540	541	81
3492	540	552	83
3493	541	548	80
3494	541	544	28
3495	541	542	74
3496	541	544	50
3497	541	545	22
3498	541	542	52
3499	541	546	95
3500	541	546	33
3501	541	555	25
3502	542	555	20
3503	542	544	70
3504	542	543	50
3505	542	545	75
3506	542	543	42
3507	543	544	91
3508	543	545	24
3509	543	548	32
3510	543	545	25
3511	543	548	37
3512	543	548	91
3513	544	548	89
3514	544	546	10
3515	544	547	85
3516	544	545	23
3517	544	546	15
3518	544	550	46
3519	544	545	29
3520	545	563	46
3521	545	552	81
3522	545	553	98
3523	545	548	78
3524	545	549	80
3525	545	546	85
3526	545	553	28
3527	545	549	92
3528	545	546	64
3529	546	550	86
3530	546	554	46
3531	546	557	22
3532	546	552	44
3533	546	548	50
3534	546	547	73
3535	547	551	20
3536	547	552	57
3537	547	551	73
3538	547	549	87
3539	548	558	14
3540	548	552	86
3541	548	549	77
3542	548	549	31
3543	548	549	81
3544	548	550	58
3545	548	551	64
3546	548	554	60
3547	548	551	54
3548	549	555	23
3549	549	550	62
3550	549	554	13
3551	549	550	76
3552	549	557	29
3553	549	553	25
3554	549	550	24
3555	550	557	85
3556	550	552	71
3557	550	553	56
3558	550	553	48
3559	550	557	36
3560	550	556	47
