3027	100	0	0
0	1	24	26
1	1	2	74
2	1	6	73
3	1	16	94
4	1	2	66
5	1	3	57
6	1	6	19
7	1	9	29
8	1	7	20
9	1	3	53
10	1	3	10
11	1	2	36
12	1	5	36
13	1	10	82
14	1	3	52
15	1	5	24
16	1	8	70
17	1	3	11
18	1	2	62
19	1	2	87
20	1	13	97
21	1	2	18
22	1	4	93
23	1	2	63
24	1	7	67
25	1	6	64
26	1	10	31
27	1	2	81
28	1	4	71
29	1	4	58
30	1	2	43
31	1	5	87
32	1	12	39
33	1	2	54
34	1	9	19
35	2	3	56
36	3	4	34
37	3	4	68
38	3	6	91
39	3	10	89
40	3	4	70
41	3	4	10
42	3	5	51
43	4	5	100
44	4	5	73
45	4	7	11
46	4	5	75
47	4	13	64
48	4	8	76
49	4	6	77
50	4	7	83
51	4	7	39
52	4	6	73
53	4	14	40
54	5	7	35
55	5	6	69
56	5	9	23
57	5	9	38
58	5	11	71
59	5	19	14
60	5	9	10
61	5	7	21
62	5	7	43
63	5	7	66
64	6	8	25
65	6	9	24
66	7	10	34
67	7	10	78
68	7	13	56
69	7	9	50
70	7	11	86
71	7	10	73
72	7	10	37
73	8	13	11
74	8	10	47
75	8	9	82
76	8	13	77
77	8	12	87
78	9	10	69
79	9	15	23
80	9	12	68
81	9	19	82
82	9	15	65
83	9	14	55
84	9	23	41
85	9	10	72
86	9	12	17
87	9	14	15
88	9	26	69
89	9	24	38
90	10	13	19
91	10	16	67
92	10	14	99
93	10	21	64
94	10	11	79
95	10	11	13
96	10	11	29
97	11	12	47
98	11	17	94
99	11	15	52
100	11	18	24
101	11	12	92
102	11	12	35
103	11	13	96
104	11	13	73
105	11	12	32
106	11	12	72
107	12	15	38
108	12	17	42
109	12	14	68
110	12	17	56
111	12	15	33
112	12	16	18
113	12	13	75
114	12	22	77
115	13	17	10
116	14	16	10
117	14	16	35
118	14	17	56
119	14	19	15
120	14	15	57
121	14	15	35
122	14	17	27
123	14	30	65
124	15	28	58
125	15	23	97
126	15	17	74
127	15	35	78
128	15	16	90
129	16	19	95
130	16	26	78
131	16	18	61
132	16	17	41
133	16	18	26
134	16	33	53
135	16	19	25
136	16	20	30
137	16	34	19
138	17	20	99
139	17	22	61
140	17	18	71
141	17	19	44
142	17	21	55
143	17	18	21
144	17	18	45
145	17	20	30
146	17	18	16
147	17	20	89
148	17	18	78
149	18	20	41
150	18	23	88
151	18	22	33
152	18	24	39
153	19	22	84
154	19	21	78
155	19	22	72
156	19	23	86
157	19	24	46
158	19	27	50
159	19	29	100
160	19	20	73
161	19	26	42
162	19	21	76
163	19	31	87
164	20	21	17
165	21	33	57
166	21	24	71
167	21	22	67
168	22	32	53
169	22	23	54
170	22	24	27
171	22	23	51
172	23	26	66
173	23	33	39
174	23	24	12
175	23	28	37
176	23	26	21
177	23	25	96
178	23	25	33
179	23	29	94
180	23	29	56
181	23	25	92
182	23	25	35
183	23	25	93
184	23	29	69
185	23	25	63
186	23	24	49
187	23	24	86
188	24	28	79
189	25	26	12
190	25	26	30
191	25	26	22
192	25	26	34
193	25	32	32
194	25	26	43
195	25	30	46
196	25	31	46
197	25	31	98
198	25	32	21
199	25	27	83
200	25	27	94
201	25	31	84
202	25	26	95
203	26	28	91
204	26	31	32
205	27	29	59
206	27	33	36
207	27	29	18
208	27	52	96
209	27	36	56
210	27	29	18
211	27	28	19
212	27	32	41
213	27	31	28
214	28	29	25
215	28	31	42
216	28	33	94
217	28	31	28
218	28	35	31
219	28	33	97
220	28	35	50
221	28	33	19
222	29	30	50
223	29	37	72
224	29	31	18
225	29	43	40
226	29	30	61
227	30	35	95
228	30	32	37
229	30	46	67
230	30	31	25
231	30	41	11
232	30	32	23
233	31	37	93
234	32	33	21
235	32	35	74
236	32	33	70
237	32	42	20
238	32	37	58
239	32	34	93
240	32	36	20
241	32	40	58
242	32	36	40
243	32	37	29
244	32	34	35
245	33	34	42
246	33	35	72
247	33	37	21
248	33	37	70
249	33	34	48
250	33	34	77
251	33	35	96
252	33	36	79
253	33	35	61
254	33	36	36
255	34	51	12
256	35	38	67
257	35	37	26
258	35	43	19
259	35	40	52
260	35	39	77
261	35	41	82
262	35	36	16
263	35	36	70
264	35	45	67
265	35	39	42
266	35	36	43
267	35	38	85
268	35	39	77
269	36	43	44
270	36	40	97
271	36	43	35
272	36	39	43
273	36	38	68
274	36	38	87
275	36	45	36
276	36	44	36
277	36	44	56
278	36	39	21
279	36	51	66
280	37	39	49
281	37	45	79
282	37	40	68
283	37	39	63
284	37	40	81
285	37	41	78
286	38	42	97
287	38	39	45
288	38	41	51
289	38	45	49
290	38	40	73
291	39	46	81
292	40	46	84
293	40	48	44
294	40	41	98
295	40	42	25
296	40	42	79
297	40	46	75
298	40	42	60
299	40	42	13
300	41	42	62
301	41	42	32
302	41	42	99
303	42	43	41
304	42	43	21
305	42	48	53
306	42	46	37
307	42	47	24
308	42	43	47
309	42	45	72
310	42	44	85
311	42	43	12
312	42	47	71
313	42	52	90
314	42	43	99
315	42	45	98
316	43	48	67
317	43	45	73
318	43	44	85
319	43	45	39
320	43	49	11
321	43	44	87
322	44	47	29
323	44	46	82
324	45	48	53
325	45	50	80
326	45	46	32
327	45	56	93
328	45	62	35
329	45	47	77
330	45	46	38
331	45	47	44
332	45	46	14
333	45	49	14
334	45	47	82
335	45	54	72
336	45	47	96
337	45	48	85
338	45	55	54
339	46	48	61
340	46	50	65
341	46	49	29
342	46	60	11
343	46	48	94
344	47	48	98
345	47	48	47
346	47	49	36
347	47	49	81
348	47	56	29
349	47	52	61
350	47	61	20
351	47	50	16
352	48	51	91
353	48	50	96
354	48	52	34
355	48	59	54
356	48	51	83
357	48	57	100
358	48	50	28
359	49	55	40
360	49	50	57
361	49	50	99
362	49	51	59
363	49	58	76
364	49	52	50
365	49	50	80
366	49	54	68
367	49	50	62
368	49	68	34
369	49	52	23
370	49	55	22
371	50	56	73
372	50	52	100
373	50	55	21
374	50	53	11
375	50	53	73
376	50	53	86
377	51	55	99
378	51	52	47
379	51	54	12
380	51	54	59
381	51	62	54
382	51	55	15
383	51	52	27
384	52	57	59
385	53	59	48
386	53	56	77
387	53	62	64
388	53	55	79
389	53	57	15
390	53	54	95
391	53	60	76
392	54	55	20
393	54	57	22
394	54	57	13
395	54	55	87
396	55	57	59
397	55	70	71
398	55	67	76
399	55	56	53
400	55	58	69
401	55	63	23
402	55	63	15
403	55	61	23
404	55	65	59
405	55	57	61
406	55	60	96
407	55	58	67
408	56	57	79
409	56	65	47
410	56	71	16
411	56	62	61
412	56	59	67
413	56	60	66
414	57	59	100
415	57	58	10
416	57	59	60
417	57	67	90
418	57	66	33
419	57	58	27
420	57	58	41
421	57	62	41
422	58	59	88
423	58	64	65
424	58	60	54
425	58	59	85
426	58	61	48
427	58	60	75
428	58	66	42
429	58	67	86
430	59	80	60
431	59	61	79
432	59	62	65
433	59	60	52
434	59	70	100
435	59	60	98
436	59	64	36
437	59	62	68
438	60	65	25
439	61	64	20
440	61	68	35
441	61	69	17
442	61	72	18
443	61	62	31
444	62	63	56
445	62	63	17
446	62	63	25
447	62	64	90
448	63	70	43
449	63	66	10
450	63	73	79
451	63	64	100
452	63	68	73
453	64	70	91
454	64	65	25
455	64	74	26
456	64	65	33
457	64	65	78
458	64	65	55
459	65	66	27
460	65	70	20
461	65	74	47
462	65	71	22
463	65	72	85
464	65	66	65
465	66	69	83
466	66	72	77
467	66	70	14
468	66	67	28
469	66	68	64
470	66	72	88
471	66	78	76
472	66	69	87
473	66	69	82
474	66	69	37
475	66	68	16
476	66	67	39
477	66	73	14
478	66	73	83
479	67	68	32
480	67	68	53
481	67	75	48
482	67	68	92
483	68	75	17
484	68	69	75
485	68	70	80
486	68	76	25
487	68	73	97
488	68	73	80
489	68	70	49
490	68	70	25
491	69	74	31
492	69	71	70
493	70	72	63
494	70	80	83
495	70	74	18
496	70	71	33
497	70	72	74
498	70	73	12
499	70	76	34
500	70	73	37
501	70	72	60
502	70	75	53
503	70	72	68
504	71	72	12
505	72	75	20
506	72	86	35
507	72	74	83
508	72	77	88
509	72	75	66
510	72	79	26
511	72	74	53
512	72	73	57
513	72	78	73
514	72	75	58
515	72	73	19
516	72	73	44
517	72	82	30
518	73	78	22
519	73	77	49
520	73	77	78
521	73	77	62
522	73	74	13
523	73	76	73
524	73	75	97
525	74	84	47
526	74	75	96
527	74	78	90
528	74	83	21
529	75	86	82
530	75	76	62
531	75	80	46
532	75	77	70
533	75	76	61
534	75	76	13
535	75	78	43
536	75	80	44
537	75	78	76
538	76	82	91
539	76	81	46
540	76	78	35
541	76	77	99
542	76	77	55
543	76	77	99
544	76	78	99
545	76	77	61
546	76	80	43
547	76	82	21
548	76	85	85
549	76	78	47
550	76	77	37
551	77	83	78
552	77	78	66
553	77	79	83
554	77	79	87
555	77	79	53
556	77	79	27
557	77	81	16
558	77	82	66
559	77	80	67
560	77	82	59
561	78	79	90
562	79	86	37
563	79	86	58
564	79	91	28
565	79	83	85
566	79	81	16
567	79	90	33
568	79	82	47
569	80	84	32
570	80	84	11
571	80	87	80
572	80	85	57
573	80	86	33
574	80	85	28
575	80	81	14
576	80	83	38
577	81	82	73
578	81	82	18
579	82	88	15
580	82	83	14
581	82	83	36
582	82	84	96
583	82	85	53
584	82	88	92
585	82	89	83
586	82	83	60
587	82	90	46
588	82	88	39
589	82	84	74
590	82	89	35
591	82	87	76
592	82	85	16
593	82	85	47
594	83	94	85
595	83	88	47
596	83	102	10
597	83	86	56
598	83	85	64
599	83	87	67
600	83	88	59
601	83	94	40
602	84	86	25
603	84	86	80
604	85	87	79
605	85	91	63
606	85	87	48
607	85	87	26
608	85	88	10
609	85	86	65
610	85	88	65
611	85	86	72
612	85	90	12
613	86	90	30
614	86	87	36
615	87	96	97
616	87	90	14
617	87	94	22
618	87	93	82
619	87	92	52
620	87	88	36
621	87	97	49
622	87	101	25
623	87	88	59
624	87	88	47
625	87	90	19
626	87	88	99
627	87	94	97
628	87	96	17
629	87	100	73
630	87	95	14
631	87	97	13
632	88	90	44
633	88	89	71
634	88	98	44
635	88	91	41
636	88	95	78
637	88	96	12
638	88	89	48
639	88	93	79
640	88	90	73
641	88	103	17
642	88	91	65
643	89	92	97
644	89	93	75
645	89	91	32
646	89	99	66
647	90	101	69
648	91	92	63
649	91	92	60
650	91	92	34
651	91	94	57
652	91	92	30
653	92	93	52
654	92	95	47
655	92	95	50
656	92	98	86
657	92	100	68
658	92	97	59
659	92	94	21
660	92	96	48
661	93	97	53
662	93	100	67
663	93	94	81
664	94	99	38
665	94	101	81
666	94	96	26
667	94	96	39
668	94	100	79
669	94	96	92
670	94	105	57
671	94	96	20
672	94	97	80
673	94	96	60
674	94	98	91
675	95	98	68
676	95	100	30
677	95	102	50
678	95	100	33
679	95	99	85
680	95	101	28
681	96	98	65
682	97	101	91
683	97	98	41
684	97	100	97
685	97	99	84
686	97	100	47
687	97	110	83
688	97	100	99
689	97	103	66
690	97	98	28
691	97	102	81
692	97	98	21
693	97	105	29
694	97	98	72
695	98	104	31
696	99	108	14
697	99	106	47
698	99	104	57
699	99	100	59
700	99	100	69
701	99	102	25
702	99	101	98
703	99	103	73
704	99	106	90
705	99	108	89
706	99	102	32
707	100	109	87
708	100	106	62
709	100	101	13
710	100	102	43
711	101	102	88
712	101	102	27
713	101	102	99
714	101	111	42
715	101	103	99
716	101	102	76
717	101	110	83
718	101	104	43
719	101	105	27
720	101	106	37
721	101	108	73
722	101	107	83
723	101	108	76
724	102	106	16
725	102	106	83
726	102	103	33
727	102	104	82
728	102	105	100
729	102	104	25
730	102	108	19
731	102	105	15
732	102	104	53
733	102	103	17
734	102	103	100
735	102	104	94
736	103	106	49
737	103	105	63
738	103	104	43
739	103	104	43
740	103	106	72
741	104	109	29
742	104	108	44
743	104	107	35
744	104	114	30
745	104	107	31
746	104	108	53
747	105	112	38
748	105	111	52
749	105	112	51
750	105	106	57
751	105	109	81
752	105	111	47
753	105	113	51
754	105	113	21
755	105	106	95
756	105	107	46
757	105	114	57
758	106	116	87
759	106	107	94
760	106	110	70
761	106	111	76
762	106	107	64
763	106	115	64
764	107	111	36
765	107	109	77
766	108	113	96
767	108	115	11
768	108	111	95
769	108	114	41
770	108	113	97
771	108	109	12
772	108	110	72
773	108	109	100
774	108	113	44
775	108	112	51
776	108	110	71
777	108	109	21
778	108	112	96
779	108	113	18
780	109	115	21
781	109	112	91
782	109	111	33
783	109	110	15
784	109	112	79
785	109	112	69
786	109	111	87
787	110	111	34
788	110	113	15
789	110	114	50
790	110	112	71
791	110	114	94
792	110	114	67
793	111	116	65
794	112	126	100
795	112	114	21
796	112	113	16
797	112	116	32
798	112	115	97
799	112	118	59
800	112	114	10
801	112	117	90
802	112	114	10
803	112	118	74
804	112	117	55
805	113	118	62
806	113	117	73
807	113	123	67
808	113	125	22
809	113	120	36
810	113	118	57
811	113	116	45
812	113	115	75
813	113	120	38
814	113	117	75
815	113	120	51
816	113	120	91
817	113	115	82
818	113	125	84
819	114	116	67
820	115	117	18
821	115	117	71
822	115	122	92
823	115	119	26
824	115	116	33
825	115	123	60
826	115	121	80
827	115	122	58
828	115	126	87
829	115	120	82
830	115	120	52
831	116	117	90
832	116	130	16
833	116	120	65
834	116	121	18
835	116	117	49
836	116	123	23
837	116	128	18
838	116	118	71
839	116	122	46
840	117	118	25
841	118	124	31
842	118	134	14
843	118	119	90
844	118	119	45
845	118	122	79
846	118	119	27
847	118	122	35
848	118	129	34
849	119	121	67
850	119	125	76
851	119	122	97
852	120	123	52
853	120	121	60
854	120	124	84
855	120	126	26
856	120	125	35
857	120	123	27
858	120	121	93
859	120	121	82
860	121	122	67
861	121	125	61
862	122	130	64
863	122	124	43
864	122	123	67
865	122	129	45
866	122	124	14
867	122	127	16
868	122	126	78
869	122	125	81
870	122	123	53
871	122	123	99
872	122	123	34
873	122	137	72
874	122	131	34
875	122	130	75
876	123	138	99
877	123	139	58
878	123	125	10
879	124	126	98
880	124	132	55
881	124	125	77
882	124	128	49
883	124	126	99
884	124	129	36
885	124	130	10
886	124	141	88
887	124	126	26
888	124	128	14
889	124	125	24
890	124	125	18
891	125	131	68
892	126	131	40
893	126	128	62
894	126	127	66
895	126	135	44
896	126	130	39
897	126	127	77
898	127	139	67
899	127	130	43
900	127	135	31
901	127	133	59
902	127	129	51
903	127	138	81
904	127	142	91
905	128	129	40
906	128	130	89
907	128	136	61
908	128	129	75
909	128	130	70
910	128	133	51
911	129	134	87
912	129	131	96
913	129	134	82
914	129	131	66
915	129	131	84
916	129	132	51
917	129	138	33
918	129	136	15
919	129	131	73
920	130	132	22
921	130	132	18
922	130	131	19
923	130	131	96
924	130	142	31
925	131	135	17
926	131	132	87
927	131	138	39
928	131	132	59
929	131	134	43
930	132	142	61
931	132	135	44
932	132	133	73
933	132	133	82
934	132	133	78
935	132	138	38
936	133	150	60
937	133	138	75
938	133	135	73
939	133	137	47
940	133	141	49
941	133	142	41
942	133	141	72
943	133	141	49
944	133	137	32
945	133	140	45
946	134	135	13
947	134	138	27
948	134	135	17
949	134	136	51
950	134	135	79
951	135	140	17
952	135	146	16
953	135	136	69
954	135	136	75
955	135	139	81
956	135	138	19
957	135	141	28
958	135	140	67
959	135	136	62
960	135	136	85
961	136	140	95
962	136	138	74
963	136	137	88
964	136	140	11
965	136	137	55
966	136	150	77
967	136	138	88
968	137	142	91
969	137	140	66
970	138	139	56
971	138	144	25
972	138	142	26
973	138	144	67
974	138	144	99
975	138	144	12
976	139	142	96
977	139	141	34
978	139	151	53
979	139	141	15
980	139	141	22
981	139	141	67
982	139	145	41
983	139	140	78
984	139	152	41
985	140	144	49
986	140	141	68
987	140	144	96
988	140	145	100
989	140	145	11
990	140	144	18
991	140	142	60
992	140	147	79
993	140	146	93
994	141	143	73
995	142	146	80
996	142	143	34
997	142	145	86
998	142	146	68
999	142	145	96
1000	142	154	31
1001	142	143	53
1002	143	147	14
1003	143	148	78
1004	143	150	16
1005	144	145	83
1006	144	145	71
1007	144	147	17
1008	144	150	52
1009	144	145	94
1010	144	148	81
1011	144	145	38
1012	144	147	68
1013	144	147	26
1014	144	147	97
1015	144	146	97
1016	144	148	53
1017	145	161	20
1018	145	150	83
1019	145	151	41
1020	145	148	14
1021	145	160	77
1022	145	146	64
1023	145	155	68
1024	145	149	82
1025	145	149	21
1026	145	151	54
1027	145	151	13
1028	145	153	56
1029	146	147	12
1030	147	158	76
1031	147	153	82
1032	147	155	37
1033	147	148	17
1034	148	150	18
1035	148	150	93
1036	148	151	15
1037	148	150	92
1038	148	149	98
1039	148	150	83
1040	148	151	44
1041	148	153	13
1042	148	151	69
1043	149	152	83
1044	149	154	63
1045	149	150	99
1046	149	151	87
1047	149	153	38
1048	149	152	13
1049	149	151	45
1050	149	159	79
1051	149	160	86
1052	150	155	24
1053	150	151	50
1054	150	152	34
1055	150	153	32
1056	150	154	49
1057	150	161	29
1058	150	158	66
1059	150	153	50
1060	151	158	75
1061	151	156	15
1062	151	152	39
1063	151	158	84
1064	152	154	48
1065	152	155	15
1066	152	154	53
1067	152	167	66
1068	152	155	16
1069	152	159	15
1070	153	159	27
1071	153	162	84
1072	153	154	26
1073	154	157	43
1074	154	155	85
1075	154	157	51
1076	154	155	15
1077	154	164	39
1078	154	158	47
1079	154	155	99
1080	155	163	45
1081	155	160	77
1082	155	177	40
1083	155	160	34
1084	155	159	50
1085	155	156	40
1086	155	167	59
1087	155	159	77
1088	155	163	28
1089	155	156	71
1090	155	156	14
1091	155	158	11
1092	155	157	97
1093	155	161	24
1094	155	158	66
1095	156	157	54
1096	156	162	32
1097	156	158	10
1098	157	158	82
1099	157	169	84
1100	157	162	32
1101	157	173	44
1102	157	162	58
1103	157	165	48
1104	157	163	44
1105	158	167	54
1106	158	159	28
1107	158	159	19
1108	158	159	98
1109	159	163	34
1110	159	161	73
1111	159	161	52
1112	159	161	33
1113	159	161	89
1114	159	167	49
1115	159	165	70
1116	159	160	84
1117	159	163	55
1118	160	161	68
1119	160	164	59
1120	160	165	73
1121	160	165	36
1122	160	162	53
1123	160	161	66
1124	160	173	22
1125	161	163	55
1126	161	165	86
1127	161	164	31
1128	161	167	25
1129	161	164	61
1130	161	163	97
1131	161	172	45
1132	161	168	65
1133	161	179	24
1134	161	164	39
1135	161	163	98
1136	162	176	59
1137	162	168	99
1138	162	164	39
1139	163	165	77
1140	164	177	56
1141	164	166	12
1142	164	168	29
1143	164	171	30
1144	164	172	11
1145	164	166	59
1146	165	166	68
1147	165	168	79
1148	165	166	36
1149	165	169	21
1150	165	166	78
1151	165	169	96
1152	165	170	41
1153	165	166	62
1154	165	172	65
1155	165	175	10
1156	165	171	44
1157	165	166	30
1158	165	167	41
1159	166	169	35
1160	166	168	88
1161	166	167	55
1162	166	173	70
1163	166	172	18
1164	167	168	11
1165	167	168	49
1166	167	176	88
1167	167	169	97
1168	167	173	17
1169	167	168	57
1170	167	171	26
1171	167	170	22
1172	167	172	54
1173	167	168	69
1174	167	171	17
1175	168	169	53
1176	168	170	22
1177	168	169	34
1178	168	174	85
1179	168	173	65
1180	168	170	97
1181	168	182	38
1182	169	170	24
1183	169	171	51
1184	169	173	70
1185	169	184	39
1186	169	172	32
1187	169	170	22
1188	169	172	73
1189	170	172	39
1190	170	183	43
1191	170	178	21
1192	170	175	74
1193	170	172	34
1194	170	177	77
1195	170	173	92
1196	171	175	72
1197	171	174	39
1198	171	173	36
1199	171	175	68
1200	171	172	63
1201	172	175	81
1202	172	176	40
1203	172	173	36
1204	172	179	17
1205	172	174	41
1206	172	177	68
1207	172	176	79
1208	172	185	40
1209	172	174	74
1210	172	175	72
1211	172	174	96
1212	173	177	88
1213	173	175	34
1214	173	174	31
1215	173	176	49
1216	173	175	34
1217	174	176	12
1218	174	177	24
1219	174	175	13
1220	174	180	13
1221	174	178	28
1222	174	176	27
1223	174	175	32
1224	174	175	35
1225	174	181	60
1226	175	176	89
1227	175	182	80
1228	175	178	52
1229	176	192	15
1230	176	178	99
1231	176	178	47
1232	176	180	58
1233	176	177	41
1234	176	180	71
1235	176	180	13
1236	176	178	28
1237	176	178	33
1238	176	187	12
1239	176	178	54
1240	176	183	92
1241	176	178	61
1242	177	179	18
1243	177	180	84
1244	177	181	89
1245	177	193	97
1246	177	182	20
1247	177	181	37
1248	177	178	61
1249	177	192	47
1250	177	179	25
1251	178	183	46
1252	178	182	46
1253	178	188	78
1254	178	190	20
1255	179	182	84
1256	179	185	15
1257	179	184	18
1258	179	182	98
1259	180	184	62
1260	180	182	61
1261	180	184	67
1262	180	182	27
1263	180	183	83
1264	180	181	57
1265	180	183	97
1266	181	186	11
1267	181	195	37
1268	181	182	89
1269	181	183	64
1270	181	186	69
1271	181	184	86
1272	182	184	60
1273	182	189	48
1274	182	185	67
1275	182	185	96
1276	182	183	22
1277	182	183	82
1278	182	186	21
1279	182	190	42
1280	182	189	19
1281	182	184	14
1282	182	183	96
1283	182	186	31
1284	182	184	93
1285	183	184	29
1286	183	192	33
1287	183	208	44
1288	183	189	58
1289	183	191	44
1290	183	189	60
1291	183	184	24
1292	183	185	78
1293	184	194	44
1294	184	188	18
1295	184	186	21
1296	184	186	96
1297	184	185	21
1298	184	186	100
1299	184	186	95
1300	184	189	30
1301	184	196	40
1302	184	190	76
1303	184	190	47
1304	185	188	71
1305	186	193	98
1306	186	189	36
1307	186	191	45
1308	186	196	67
1309	186	199	70
1310	186	191	56
1311	186	187	10
1312	186	187	42
1313	186	200	69
1314	186	188	38
1315	186	196	48
1316	186	187	56
1317	187	189	78
1318	187	188	12
1319	188	191	36
1320	188	189	44
1321	188	189	30
1322	189	198	67
1323	189	205	40
1324	189	192	32
1325	189	190	29
1326	189	193	13
1327	189	190	83
1328	190	192	55
1329	190	194	65
1330	190	200	50
1331	190	196	85
1332	191	202	21
1333	191	193	70
1334	191	192	57
1335	191	198	60
1336	192	196	82
1337	192	197	73
1338	192	196	75
1339	192	193	90
1340	192	194	45
1341	192	209	88
1342	192	195	65
1343	192	200	74
1344	192	194	91
1345	192	202	91
1346	192	202	12
1347	192	210	83
1348	192	197	36
1349	192	199	47
1350	193	197	71
1351	193	197	94
1352	194	195	96
1353	195	199	22
1354	195	199	90
1355	195	196	27
1356	195	196	99
1357	196	201	60
1358	196	202	37
1359	196	204	24
1360	196	204	52
1361	196	200	91
1362	196	203	22
1363	196	211	95
1364	196	198	67
1365	197	199	77
1366	197	203	29
1367	197	199	64
1368	197	203	47
1369	198	199	54
1370	198	199	69
1371	199	203	51
1372	199	205	39
1373	199	202	52
1374	199	200	60
1375	199	202	82
1376	199	204	34
1377	199	200	38
1378	199	202	93
1379	200	212	33
1380	200	205	19
1381	200	209	52
1382	200	201	43
1383	200	203	76
1384	200	201	88
1385	200	208	87
1386	200	201	97
1387	200	202	44
1388	200	204	100
1389	201	202	37
1390	201	203	14
1391	201	205	58
1392	202	206	59
1393	202	203	85
1394	202	209	78
1395	202	203	16
1396	202	203	87
1397	202	212	80
1398	202	222	33
1399	203	207	98
1400	203	207	21
1401	203	207	83
1402	203	205	95
1403	203	207	89
1404	203	204	58
1405	203	209	65
1406	203	211	74
1407	203	206	69
1408	203	204	87
1409	203	204	63
1410	203	216	60
1411	203	212	81
1412	203	204	17
1413	203	204	13
1414	204	210	51
1415	205	208	16
1416	205	207	53
1417	205	214	95
1418	205	206	84
1419	205	209	10
1420	205	206	30
1421	206	208	66
1422	206	209	67
1423	206	212	56
1424	206	210	21
1425	206	215	93
1426	206	213	32
1427	206	208	25
1428	207	208	71
1429	207	209	84
1430	207	208	80
1431	208	212	19
1432	208	215	48
1433	208	209	36
1434	208	210	34
1435	209	214	23
1436	209	214	20
1437	209	217	58
1438	209	215	42
1439	209	210	79
1440	209	214	39
1441	209	213	40
1442	209	212	96
1443	210	215	26
1444	210	213	36
1445	210	213	21
1446	210	226	26
1447	210	213	35
1448	210	212	54
1449	210	211	15
1450	210	212	20
1451	210	218	87
1452	210	218	83
1453	210	212	80
1454	210	211	46
1455	210	219	41
1456	211	217	83
1457	212	224	83
1458	212	213	27
1459	212	221	15
1460	212	222	22
1461	212	213	16
1462	212	214	17
1463	212	224	33
1464	213	214	78
1465	213	223	72
1466	213	216	48
1467	213	225	20
1468	213	224	93
1469	213	216	34
1470	213	220	73
1471	213	218	50
1472	213	214	21
1473	213	217	30
1474	213	215	73
1475	213	225	44
1476	213	216	66
1477	214	217	13
1478	215	219	90
1479	215	217	88
1480	215	217	40
1481	215	218	91
1482	215	226	65
1483	215	219	89
1484	215	217	71
1485	215	218	93
1486	216	217	43
1487	216	226	49
1488	216	220	23
1489	216	218	19
1490	216	217	44
1491	216	227	79
1492	217	218	44
1493	218	220	73
1494	218	220	47
1495	218	220	94
1496	218	222	70
1497	218	246	63
1498	218	222	27
1499	218	222	61
1500	218	221	20
1501	218	221	100
1502	218	223	13
1503	218	219	100
1504	218	222	78
1505	218	219	99
1506	218	223	63
1507	219	220	32
1508	219	220	23
1509	220	222	88
1510	220	222	68
1511	220	229	13
1512	220	230	59
1513	220	227	98
1514	221	226	16
1515	222	227	88
1516	222	223	88
1517	222	224	13
1518	222	228	14
1519	222	228	30
1520	222	223	54
1521	222	231	60
1522	222	223	77
1523	222	223	10
1524	222	228	32
1525	222	229	73
1526	223	226	10
1527	223	225	62
1528	223	224	82
1529	223	224	63
1530	223	231	40
1531	223	224	62
1532	223	224	60
1533	223	224	84
1534	223	225	58
1535	224	230	16
1536	224	225	86
1537	224	232	18
1538	224	227	55
1539	224	225	66
1540	224	227	94
1541	224	227	69
1542	224	225	91
1543	224	233	37
1544	224	235	61
1545	224	225	17
1546	224	225	40
1547	225	229	78
1548	225	226	46
1549	225	226	37
1550	225	227	66
1551	226	229	10
1552	226	227	54
1553	226	237	78
1554	226	227	82
1555	226	231	84
1556	226	232	92
1557	226	232	40
1558	226	247	32
1559	226	229	48
1560	226	228	51
1561	226	234	44
1562	226	235	69
1563	227	229	87
1564	228	229	46
1565	228	234	92
1566	228	231	64
1567	228	229	75
1568	228	232	73
1569	228	230	34
1570	228	231	15
1571	228	229	53
1572	228	230	95
1573	228	230	70
1574	229	240	89
1575	229	232	16
1576	229	242	18
1577	229	231	79
1578	229	234	16
1579	229	231	57
1580	229	233	32
1581	229	235	98
1582	229	230	33
1583	229	234	31
1584	229	238	69
1585	229	231	41
1586	230	234	60
1587	230	231	11
1588	230	232	34
1589	230	234	74
1590	230	237	37
1591	230	231	93
1592	231	233	39
1593	231	232	66
1594	231	241	85
1595	231	236	51
1596	232	242	64
1597	232	252	44
1598	232	237	54
1599	232	234	73
1600	232	238	13
1601	232	236	26
1602	232	233	13
1603	232	236	75
1604	233	246	24
1605	233	235	96
1606	233	234	88
1607	233	237	76
1608	233	234	45
1609	233	237	74
1610	233	240	21
1611	233	237	95
1612	233	235	56
1613	233	234	20
1614	234	235	47
1615	235	241	46
1616	235	236	51
1617	235	240	95
1618	235	237	59
1619	235	236	52
1620	235	240	40
1621	235	236	99
1622	235	238	45
1623	235	236	60
1624	235	244	84
1625	235	236	94
1626	235	238	69
1627	235	241	27
1628	235	236	30
1629	235	244	46
1630	236	240	48
1631	236	239	13
1632	236	244	26
1633	236	239	43
1634	236	240	41
1635	236	237	24
1636	236	238	70
1637	236	254	78
1638	237	238	100
1639	237	238	66
1640	237	238	24
1641	237	249	50
1642	237	239	33
1643	237	248	90
1644	237	241	22
1645	237	262	91
1646	238	241	24
1647	238	239	69
1648	239	240	55
1649	239	241	35
1650	239	241	81
1651	239	242	23
1652	239	250	28
1653	239	243	40
1654	239	241	94
1655	239	242	58
1656	239	248	51
1657	240	256	90
1658	241	243	98
1659	241	242	97
1660	241	244	23
1661	241	242	27
1662	241	243	63
1663	241	249	46
1664	241	243	87
1665	241	244	64
1666	241	245	61
1667	241	245	82
1668	241	242	47
1669	241	250	22
1670	242	244	75
1671	242	245	22
1672	242	245	87
1673	242	243	79
1674	242	245	24
1675	242	244	44
1676	242	245	32
1677	242	244	45
1678	243	250	87
1679	243	244	63
1680	244	249	26
1681	244	247	89
1682	244	247	82
1683	244	249	85
1684	244	246	88
1685	244	245	79
1686	244	249	21
1687	245	246	47
1688	245	247	83
1689	245	247	26
1690	245	255	48
1691	245	247	68
1692	246	247	57
1693	246	248	76
1694	246	256	42
1695	246	250	10
1696	246	250	49
1697	246	249	54
1698	246	247	64
1699	246	247	41
1700	246	255	55
1701	246	247	26
1702	246	253	26
1703	246	249	73
1704	247	250	15
1705	247	250	36
1706	248	259	67
1707	248	267	31
1708	248	249	74
1709	248	249	80
1710	248	254	86
1711	248	253	59
1712	248	255	10
1713	248	249	43
1714	248	250	55
1715	248	251	64
1716	248	250	38
1717	248	251	59
1718	249	256	24
1719	249	251	62
1720	249	263	46
1721	249	259	53
1722	250	254	94
1723	250	253	21
1724	250	258	44
1725	250	257	30
1726	250	260	11
1727	250	251	48
1728	250	256	54
1729	250	252	66
1730	250	253	29
1731	250	257	90
1732	250	251	81
1733	250	252	27
1734	250	253	70
1735	250	251	72
1736	250	256	25
1737	250	252	58
1738	251	257	53
1739	251	257	35
1740	251	255	67
1741	251	255	27
1742	252	259	30
1743	252	253	93
1744	252	260	66
1745	252	268	51
1746	253	254	64
1747	254	255	21
1748	254	261	60
1749	254	257	78
1750	254	255	45
1751	254	256	33
1752	254	257	68
1753	254	257	46
1754	254	258	20
1755	254	256	37
1756	254	255	67
1757	254	258	95
1758	255	261	81
1759	255	268	91
1760	255	257	56
1761	255	261	67
1762	256	259	15
1763	256	264	30
1764	256	258	58
1765	257	263	26
1766	257	259	45
1767	257	277	58
1768	257	261	79
1769	257	258	38
1770	257	261	48
1771	257	265	64
1772	257	258	97
1773	257	258	86
1774	258	259	41
1775	258	262	16
1776	258	260	52
1777	258	260	82
1778	258	262	95
1779	258	269	46
1780	258	261	73
1781	258	260	62
1782	258	267	10
1783	258	263	15
1784	259	265	30
1785	259	267	63
1786	259	264	77
1787	259	265	16
1788	260	262	45
1789	260	262	82
1790	260	261	92
1791	260	262	80
1792	260	262	11
1793	260	264	26
1794	260	265	98
1795	260	263	27
1796	260	266	57
1797	260	261	41
1798	260	265	75
1799	261	281	59
1800	261	263	37
1801	262	264	21
1802	262	266	41
1803	262	294	88
1804	262	267	84
1805	262	264	79
1806	262	269	60
1807	262	275	44
1808	262	267	100
1809	263	269	16
1810	263	271	29
1811	263	265	43
1812	263	265	65
1813	263	271	24
1814	263	266	45
1815	263	264	23
1816	263	265	51
1817	263	284	79
1818	263	266	73
1819	264	265	37
1820	265	267	60
1821	265	268	16
1822	265	281	66
1823	265	270	63
1824	265	266	57
1825	265	271	99
1826	265	268	73
1827	265	268	79
1828	265	267	95
1829	265	267	83
1830	265	268	90
1831	265	266	22
1832	265	266	44
1833	265	268	73
1834	266	269	81
1835	267	276	12
1836	267	278	16
1837	267	275	23
1838	267	268	95
1839	267	271	37
1840	267	269	85
1841	267	272	78
1842	267	269	25
1843	267	269	79
1844	267	269	48
1845	267	271	60
1846	267	271	72
1847	267	270	22
1848	268	270	14
1849	268	277	46
1850	268	276	70
1851	268	271	93
1852	268	281	32
1853	268	269	90
1854	268	293	34
1855	269	275	73
1856	270	272	60
1857	270	272	58
1858	270	276	18
1859	270	272	86
1860	270	272	67
1861	270	272	78
1862	270	279	25
1863	271	273	81
1864	271	282	60
1865	271	273	58
1866	271	274	75
1867	271	275	22
1868	271	275	93
1869	271	278	30
1870	271	272	88
1871	271	273	23
1872	271	274	57
1873	272	274	66
1874	273	274	65
1875	273	283	72
1876	273	276	19
1877	273	277	98
1878	273	276	29
1879	273	275	33
1880	273	274	44
1881	273	275	29
1882	273	282	49
1883	273	278	88
1884	273	274	43
1885	274	288	44
1886	274	279	24
1887	274	284	50
1888	275	278	73
1889	276	278	67
1890	276	277	80
1891	276	278	31
1892	276	279	82
1893	276	277	27
1894	276	280	81
1895	277	279	78
1896	277	278	31
1897	277	278	51
1898	277	291	81
1899	277	286	83
1900	277	280	29
1901	277	280	94
1902	277	280	70
1903	277	280	40
1904	277	278	48
1905	277	278	40
1906	277	283	33
1907	278	290	90
1908	278	280	71
1909	278	282	59
1910	278	279	37
1911	278	282	98
1912	278	280	100
1913	278	280	87
1914	279	283	79
1915	279	280	89
1916	279	284	22
1917	279	283	73
1918	279	284	45
1919	279	280	26
1920	279	285	39
1921	279	290	81
1922	279	282	66
1923	280	286	96
1924	280	285	37
1925	280	287	50
1926	280	290	20
1927	280	281	62
1928	280	284	98
1929	280	282	13
1930	280	283	80
1931	280	282	23
1932	280	281	17
1933	280	284	61
1934	281	282	57
1935	282	283	35
1936	282	304	24
1937	282	286	46
1938	282	285	94
1939	283	287	29
1940	283	295	28
1941	283	289	47
1942	283	284	16
1943	283	287	63
1944	284	286	52
1945	284	285	93
1946	284	287	52
1947	284	287	100
1948	284	292	42
1949	284	288	92
1950	284	287	41
1951	284	287	49
1952	284	286	10
1953	285	287	73
1954	285	290	41
1955	285	293	81
1956	285	291	29
1957	285	286	55
1958	285	290	29
1959	285	286	50
1960	285	286	34
1961	285	289	88
1962	285	292	54
1963	286	291	14
1964	286	289	53
1965	286	289	31
1966	286	288	73
1967	286	287	47
1968	287	293	26
1969	287	291	60
1970	287	292	42
1971	288	295	76
1972	288	291	59
1973	288	292	80
1974	288	297	88
1975	288	294	68
1976	288	294	29
1977	288	289	27
1978	288	299	27
1979	288	293	15
1980	289	294	23
1981	290	292	29
1982	290	291	36
1983	290	292	53
1984	290	296	35
1985	290	296	13
1986	290	296	75
1987	290	292	60
1988	290	293	64
1989	291	292	62
1990	291	292	56
1991	291	296	92
1992	291	295	72
1993	291	294	70
1994	291	297	76
1995	291	293	27
1996	291	297	48
1997	291	292	100
1998	292	301	52
1999	292	294	13
2000	292	301	21
2001	292	297	54
2002	292	297	41
2003	292	299	22
2004	292	293	94
2005	293	295	65
2006	293	296	99
2007	293	294	43
2008	294	296	93
2009	294	295	25
2010	294	310	79
2011	294	302	94
2012	294	296	56
2013	294	298	81
2014	294	297	50
2015	294	295	77
2016	295	307	68
2017	295	298	50
2018	295	298	61
2019	295	297	40
2020	295	296	50
2021	295	303	80
2022	295	299	33
2023	295	297	38
2024	295	308	67
2025	295	296	10
2026	296	303	22
2027	296	297	75
2028	296	299	96
2029	296	299	21
2030	296	305	17
2031	297	299	57
2032	297	301	41
2033	297	299	72
2034	297	300	75
2035	297	300	55
2036	297	303	28
2037	297	298	29
2038	297	309	71
2039	297	304	38
2040	297	299	85
2041	298	301	58
2042	298	301	95
2043	298	300	56
2044	298	307	52
2045	298	299	78
2046	298	304	24
2047	298	301	62
2048	298	299	75
2049	299	303	46
2050	299	301	60
2051	299	305	96
2052	299	304	74
2053	299	309	37
2054	299	310	75
2055	299	302	21
2056	299	305	77
2057	299	300	54
2058	299	305	63
2059	299	301	45
2060	299	300	10
2061	299	305	79
2062	300	308	83
2063	300	302	39
2064	301	307	52
2065	302	316	93
2066	302	305	17
2067	302	309	63
2068	302	307	57
2069	302	305	68
2070	302	304	23
2071	302	306	81
2072	302	308	73
2073	302	304	90
2074	302	305	63
2075	303	307	71
2076	303	306	10
2077	303	308	34
2078	304	306	62
2079	304	307	56
2080	304	313	86
2081	304	308	82
2082	304	307	55
2083	305	312	28
2084	305	307	54
2085	305	306	32
2086	305	309	14
2087	305	308	64
2088	305	312	57
2089	305	311	93
2090	305	307	82
2091	305	308	19
2092	305	314	83
2093	306	308	93
2094	306	316	100
2095	306	312	92
2096	307	308	12
2097	307	341	85
2098	307	309	37
2099	307	314	38
2100	307	312	77
2101	307	313	18
2102	307	309	78
2103	308	313	23
2104	308	314	97
2105	308	311	98
2106	308	319	38
2107	308	309	41
2108	308	310	24
2109	308	313	43
2110	308	331	13
2111	309	317	76
2112	309	313	66
2113	309	317	13
2114	309	310	25
2115	309	311	18
2116	309	312	76
2117	309	310	77
2118	309	310	71
2119	309	315	20
2120	309	310	50
2121	309	321	83
2122	309	313	61
2123	309	310	72
2124	310	311	20
2125	310	312	76
2126	311	312	85
2127	311	314	54
2128	311	318	47
2129	311	321	95
2130	311	315	14
2131	311	314	56
2132	311	327	10
2133	311	318	75
2134	311	312	71
2135	311	316	83
2136	312	317	28
2137	312	314	39
2138	312	313	100
2139	312	320	51
2140	312	317	93
2141	312	324	38
2142	312	313	79
2143	313	323	86
2144	314	316	60
2145	314	321	94
2146	314	322	37
2147	314	325	54
2148	314	317	49
2149	314	318	90
2150	314	325	79
2151	314	319	35
2152	314	316	100
2153	314	315	80
2154	314	315	66
2155	314	315	30
2156	314	319	22
2157	314	321	54
2158	314	323	61
2159	315	319	62
2160	315	317	36
2161	316	317	100
2162	316	317	34
2163	316	325	35
2164	317	323	32
2165	317	325	60
2166	317	336	27
2167	317	324	21
2168	318	320	79
2169	318	326	73
2170	319	321	45
2171	319	328	80
2172	319	324	39
2173	319	321	21
2174	319	327	20
2175	319	330	11
2176	319	320	27
2177	319	320	15
2178	319	322	68
2179	319	337	33
2180	319	331	76
2181	319	320	97
2182	319	320	62
2183	319	321	30
2184	320	322	77
2185	320	327	65
2186	320	321	70
2187	320	332	45
2188	320	328	76
2189	321	333	31
2190	321	335	53
2191	321	323	55
2192	321	325	16
2193	322	325	63
2194	322	327	61
2195	322	324	37
2196	322	323	59
2197	323	324	85
2198	323	335	71
2199	324	326	65
2200	324	327	37
2201	324	341	65
2202	324	325	22
2203	324	325	38
2204	324	326	50
2205	324	339	15
2206	324	325	29
2207	325	327	81
2208	325	328	11
2209	325	329	22
2210	325	327	20
2211	325	326	32
2212	325	345	59
2213	325	327	100
2214	325	327	49
2215	325	337	59
2216	326	329	27
2217	326	328	79
2218	326	328	71
2219	326	327	30
2220	326	335	12
2221	326	329	24
2222	326	330	90
2223	326	328	80
2224	327	329	41
2225	328	340	51
2226	328	339	80
2227	328	332	59
2228	328	329	91
2229	328	332	69
2230	328	331	37
2231	328	329	57
2232	329	335	34
2233	329	331	75
2234	329	335	23
2235	329	333	92
2236	329	343	30
2237	329	330	31
2238	329	332	55
2239	329	334	56
2240	329	330	61
2241	329	335	69
2242	329	335	38
2243	330	332	54
2244	330	334	100
2245	330	336	28
2246	330	337	66
2247	330	333	50
2248	331	332	89
2249	331	341	18
2250	331	346	27
2251	331	334	56
2252	331	346	14
2253	332	335	38
2254	332	342	11
2255	332	333	66
2256	332	343	55
2257	332	334	12
2258	333	336	72
2259	333	335	90
2260	334	341	37
2261	334	345	26
2262	334	349	34
2263	335	336	43
2264	335	339	38
2265	335	336	77
2266	335	336	24
2267	335	343	49
2268	335	338	70
2269	335	340	76
2270	335	338	11
2271	335	340	66
2272	335	337	40
2273	335	337	40
2274	335	338	12
2275	336	341	70
2276	336	347	92
2277	336	343	61
2278	336	340	34
2279	336	340	50
2280	337	338	30
2281	337	340	99
2282	337	341	20
2283	338	344	37
2284	338	339	77
2285	338	339	99
2286	338	340	25
2287	338	339	53
2288	338	356	30
2289	338	340	30
2290	338	341	98
2291	339	342	29
2292	339	349	89
2293	339	346	58
2294	339	341	10
2295	339	340	46
2296	339	344	73
2297	340	347	38
2298	341	342	93
2299	341	342	82
2300	341	348	89
2301	341	343	79
2302	341	343	36
2303	341	370	52
2304	341	342	81
2305	341	343	78
2306	341	344	22
2307	341	345	92
2308	341	350	47
2309	341	344	55
2310	341	344	85
2311	341	344	95
2312	342	344	89
2313	343	348	35
2314	343	350	22
2315	343	348	34
2316	343	352	22
2317	343	345	20
2318	343	349	61
2319	343	353	86
2320	343	347	93
2321	343	347	52
2322	343	346	47
2323	343	349	45
2324	343	347	45
2325	343	350	95
2326	344	349	67
2327	344	346	22
2328	345	346	25
2329	345	346	99
2330	345	348	31
2331	345	346	97
2332	345	347	78
2333	345	346	46
2334	345	349	44
2335	345	349	46
2336	346	348	61
2337	346	347	74
2338	346	353	34
2339	346	347	90
2340	346	348	65
2341	346	357	84
2342	346	348	42
2343	346	353	33
2344	347	349	40
2345	347	351	58
2346	347	355	18
2347	347	348	53
2348	348	351	35
2349	348	352	19
2350	348	355	48
2351	348	351	14
2352	348	359	17
2353	348	352	46
2354	348	353	94
2355	348	360	47
2356	348	358	24
2357	348	349	48
2358	348	352	46
2359	348	350	94
2360	348	349	25
2361	349	364	46
2362	349	353	80
2363	349	350	76
2364	349	356	48
2365	349	353	87
2366	349	351	66
2367	349	350	89
2368	349	350	15
2369	349	353	73
2370	349	354	27
2371	349	352	67
2372	349	356	41
2373	350	360	93
2374	350	351	38
2375	350	351	81
2376	351	354	97
2377	352	362	48
2378	352	359	70
2379	352	355	73
2380	352	355	27
2381	352	354	82
2382	352	353	23
2383	352	364	47
2384	352	354	43
2385	352	356	83
2386	352	355	14
2387	352	353	21
2388	352	356	98
2389	352	357	23
2390	352	358	82
2391	353	379	18
2392	353	354	27
2393	353	358	43
2394	354	357	40
2395	354	359	100
2396	354	355	81
2397	354	368	28
2398	354	357	40
2399	354	356	30
2400	354	362	95
2401	354	355	49
2402	355	364	84
2403	355	360	94
2404	355	356	76
2405	355	362	91
2406	355	357	85
2407	355	356	14
2408	355	356	51
2409	355	358	56
2410	356	375	71
2411	357	366	99
2412	357	365	84
2413	357	358	61
2414	357	359	88
2415	357	358	44
2416	357	366	20
2417	357	363	33
2418	357	360	82
2419	357	359	41
2420	357	359	95
2421	357	362	36
2422	357	360	90
2423	357	360	18
2424	358	359	78
2425	358	361	42
2426	358	359	79
2427	358	359	69
2428	358	359	98
2429	358	360	68
2430	359	363	71
2431	359	361	91
2432	359	363	59
2433	359	360	56
2434	359	363	76
2435	359	361	81
2436	359	370	83
2437	359	360	81
2438	360	365	34
2439	360	361	31
2440	360	372	26
2441	360	363	60
2442	360	365	84
2443	360	363	10
2444	361	362	27
2445	361	362	45
2446	361	364	89
2447	361	365	40
2448	361	362	99
2449	361	377	49
2450	362	367	72
2451	362	365	11
2452	362	363	13
2453	362	363	95
2454	363	365	97
2455	363	368	39
2456	363	366	40
2457	363	367	16
2458	363	367	72
2459	363	367	63
2460	363	366	89
2461	363	365	34
2462	363	367	98
2463	363	365	31
2464	364	367	53
2465	364	372	59
2466	365	366	85
2467	365	369	100
2468	365	368	52
2469	365	373	79
2470	365	369	88
2471	365	367	82
2472	365	369	85
2473	365	377	19
2474	365	373	11
2475	365	366	86
2476	366	368	49
2477	366	370	58
2478	366	368	55
2479	366	371	67
2480	366	373	45
2481	366	367	91
2482	366	368	68
2483	366	376	13
2484	366	368	37
2485	366	368	35
2486	366	367	35
2487	366	369	31
2488	367	370	61
2489	367	369	25
2490	367	372	97
2491	367	372	72
2492	367	370	65
2493	367	368	28
2494	367	373	53
2495	368	373	73
2496	368	372	34
2497	368	388	36
2498	368	373	90
2499	368	370	54
2500	368	379	88
2501	368	374	14
2502	368	370	83
2503	368	386	35
2504	368	369	78
2505	368	380	86
2506	369	377	96
2507	370	372	38
2508	370	371	56
2509	370	371	23
2510	370	382	12
2511	370	371	78
2512	370	372	91
2513	370	371	32
2514	371	373	52
2515	371	373	35
2516	371	378	81
2517	371	372	53
2518	371	372	23
2519	372	373	15
2520	372	398	92
2521	372	375	26
2522	372	377	44
2523	372	377	94
2524	372	380	26
2525	372	376	71
2526	372	374	55
2527	372	384	66
2528	373	376	47
2529	373	374	37
2530	373	376	59
2531	373	379	30
2532	373	378	99
2533	373	377	69
2534	373	375	54
2535	373	375	88
2536	373	374	61
2537	373	374	46
2538	373	378	34
2539	373	374	32
2540	374	375	39
2541	374	384	30
2542	375	379	65
2543	375	377	14
2544	375	379	11
2545	375	381	39
2546	375	378	74
2547	375	378	67
2548	375	379	56
2549	375	377	66
2550	376	378	91
2551	376	383	33
2552	376	379	84
2553	376	382	88
2554	376	377	73
2555	376	377	21
2556	376	377	65
2557	377	390	77
2558	377	385	38
2559	377	383	42
2560	377	392	43
2561	377	382	31
2562	377	378	68
2563	378	380	96
2564	378	379	81
2565	378	387	88
2566	378	380	12
2567	378	385	17
2568	378	381	75
2569	378	381	45
2570	378	379	94
2571	379	382	70
2572	379	380	13
2573	379	380	19
2574	379	384	67
2575	379	384	94
2576	379	388	31
2577	379	380	59
2578	379	381	42
2579	379	382	96
2580	379	382	51
2581	379	384	90
2582	379	381	68
2583	379	386	37
2584	380	398	88
2585	381	386	92
2586	381	383	68
2587	382	384	23
2588	382	387	90
2589	382	385	60
2590	382	385	12
2591	382	383	41
2592	382	383	82
2593	383	385	75
2594	383	387	11
2595	383	388	67
2596	383	384	35
2597	383	384	73
2598	383	394	85
2599	383	384	29
2600	383	384	83
2601	383	389	57
2602	383	388	63
2603	383	385	41
2604	384	386	61
2605	384	390	73
2606	384	385	31
2607	384	398	76
2608	384	388	23
2609	385	394	68
2610	385	390	15
2611	385	388	31
2612	385	386	61
2613	385	389	51
2614	385	388	85
2615	385	388	54
2616	385	386	54
2617	386	394	82
2618	386	390	97
2619	386	397	10
2620	386	398	96
2621	386	391	39
2622	386	397	19
2623	386	387	13
2624	386	388	15
2625	386	396	48
2626	386	389	33
2627	386	393	28
2628	387	393	63
2629	388	392	44
2630	388	389	15
2631	388	407	84
2632	388	395	29
2633	388	390	46
2634	388	391	11
2635	388	390	24
2636	388	389	15
2637	389	398	40
2638	389	393	82
2639	389	405	87
2640	389	390	30
2641	389	392	38
2642	389	390	66
2643	389	391	40
2644	389	390	99
2645	389	397	39
2646	390	393	52
2647	390	395	30
2648	390	392	41
2649	390	402	31
2650	390	391	51
2651	391	402	44
2652	391	392	98
2653	391	396	21
2654	391	392	71
2655	391	392	80
2656	391	394	77
2657	392	395	98
2658	392	402	40
2659	392	395	58
2660	392	401	66
2661	392	398	15
2662	392	395	15
2663	392	394	13
2664	392	394	65
2665	393	397	68
2666	393	397	13
2667	393	404	24
2668	393	395	40
2669	393	395	18
2670	393	398	60
2671	393	397	69
2672	394	400	91
2673	394	395	29
2674	394	396	87
2675	394	398	15
2676	394	395	68
2677	395	405	79
2678	395	401	18
2679	395	397	87
2680	395	398	89
2681	396	397	91
2682	396	397	90
2683	396	397	42
2684	396	402	92
2685	396	400	18
2686	397	400	24
2687	397	402	84
2688	397	402	36
2689	397	403	14
2690	397	400	88
2691	397	398	51
2692	397	400	48
2693	397	399	83
2694	397	408	18
2695	397	399	59
2696	397	399	51
2697	397	403	88
2698	398	406	41
2699	398	406	19
2700	398	410	60
2701	398	400	22
2702	398	399	75
2703	398	399	73
2704	398	399	84
2705	398	399	87
2706	398	403	45
2707	398	401	42
2708	398	399	66
2709	398	399	85
2710	399	410	85
2711	400	404	90
2712	400	412	68
2713	400	401	44
2714	400	401	97
2715	400	402	75
2716	401	407	68
2717	401	403	44
2718	401	408	66
2719	401	416	81
2720	401	403	45
2721	401	404	26
2722	401	405	68
2723	401	404	87
2724	401	421	10
2725	401	402	81
2726	401	402	46
2727	401	402	54
2728	401	405	25
2729	402	405	80
2730	402	405	72
2731	402	408	90
2732	402	404	75
2733	402	406	52
2734	402	405	65
2735	402	407	24
2736	402	404	47
2737	402	409	89
2738	403	407	15
2739	403	413	30
2740	403	421	85
2741	403	409	78
2742	403	409	100
2743	404	408	71
2744	405	411	10
2745	405	409	49
2746	405	408	59
2747	405	408	53
2748	405	408	45
2749	406	408	27
2750	406	407	54
2751	406	409	88
2752	406	407	45
2753	406	407	21
2754	406	408	50
2755	406	409	77
2756	407	412	46
2757	407	411	21
2758	407	410	23
2759	407	413	41
2760	407	415	46
2761	407	409	98
2762	408	410	93
2763	408	412	50
2764	408	409	83
2765	408	410	47
2766	408	409	48
2767	408	417	57
2768	408	409	31
2769	408	409	15
2770	408	414	78
2771	408	415	39
2772	408	425	42
2773	408	421	61
2774	408	411	76
2775	408	416	59
2776	408	415	75
2777	409	410	56
2778	410	411	48
2779	410	413	38
2780	410	419	15
2781	410	422	58
2782	410	416	91
2783	410	411	69
2784	410	412	90
2785	410	414	49
2786	411	419	18
2787	411	412	92
2788	411	415	65
2789	411	412	11
2790	411	418	79
2791	411	423	59
2792	411	412	60
2793	411	412	27
2794	411	412	80
2795	411	412	70
2796	411	414	83
2797	411	423	14
2798	412	419	54
2799	413	414	22
2800	413	420	84
2801	413	430	99
2802	413	424	12
2803	413	419	70
2804	413	415	37
2805	414	416	54
2806	414	416	51
2807	414	415	96
2808	414	424	13
2809	414	416	40
2810	414	416	26
2811	414	420	38
2812	414	420	79
2813	414	416	72
2814	414	416	28
2815	414	423	40
2816	415	420	45
2817	415	418	87
2818	415	427	33
2819	415	417	34
2820	416	417	71
2821	417	418	54
2822	417	419	48
2823	417	420	53
2824	417	433	34
2825	418	420	94
2826	418	428	13
2827	418	428	45
2828	418	420	82
2829	418	428	51
2830	418	419	19
2831	418	419	55
2832	418	420	65
2833	418	424	31
2834	419	425	78
2835	420	421	27
2836	420	423	61
2837	420	427	70
2838	420	427	44
2839	420	427	36
2840	420	421	74
2841	420	421	67
2842	420	422	83
2843	420	425	41
2844	420	423	38
2845	420	432	76
2846	420	425	65
2847	420	421	49
2848	420	422	48
2849	420	427	93
2850	420	434	86
2851	421	422	66
2852	421	424	64
2853	421	425	91
2854	422	425	50
2855	422	425	61
2856	422	432	97
2857	422	425	92
2858	422	423	43
2859	422	423	65
2860	422	432	80
2861	422	424	91
2862	422	429	55
2863	423	427	96
2864	423	427	23
2865	423	429	60
2866	424	428	82
2867	424	428	81
2868	424	432	24
2869	424	425	28
2870	425	426	78
2871	425	426	86
2872	425	427	18
2873	425	439	98
2874	425	426	88
2875	425	431	24
2876	426	428	93
2877	426	429	81
2878	426	451	54
2879	426	435	38
2880	426	428	48
2881	426	427	37
2882	426	428	49
2883	426	428	16
2884	426	431	49
2885	426	431	19
2886	426	430	12
2887	427	440	11
2888	427	442	27
2889	427	444	75
2890	427	428	74
2891	427	439	15
2892	427	429	75
2893	427	429	48
2894	428	431	89
2895	428	432	82
2896	428	431	99
2897	428	434	51
2898	428	430	77
2899	428	431	31
2900	428	436	15
2901	428	441	33
2902	429	430	90
2903	430	433	18
2904	430	453	85
2905	430	431	96
2906	430	440	33
2907	430	433	80
2908	430	431	53
2909	430	433	11
2910	431	438	15
2911	431	435	37
2912	431	448	98
2913	431	436	68
2914	431	436	88
2915	431	434	38
2916	431	446	17
2917	431	435	52
2918	431	439	53
2919	431	433	49
2920	431	438	59
2921	432	435	11
2922	432	436	66
2923	432	437	77
2924	432	435	74
2925	432	435	23
2926	432	435	60
2927	433	435	62
2928	434	443	68
2929	434	435	72
2930	434	437	42
2931	434	439	57
2932	434	437	52
2933	434	437	96
2934	435	436	11
2935	435	442	56
2936	435	438	36
2937	435	443	40
2938	435	442	78
2939	435	438	13
2940	435	448	21
2941	435	443	60
2942	435	436	53
2943	435	454	89
2944	435	436	66
2945	436	441	71
2946	436	440	97
2947	436	440	34
2948	437	438	64
2949	437	442	13
2950	437	438	16
2951	437	438	21
2952	437	442	37
2953	437	438	60
2954	437	445	15
2955	437	440	63
2956	438	445	76
2957	438	439	36
2958	438	439	86
2959	439	447	54
2960	439	442	62
2961	440	444	86
2962	440	442	64
2963	440	449	55
2964	440	441	26
2965	440	444	48
2966	440	446	42
2967	440	452	37
2968	440	442	14
2969	440	451	68
2970	440	443	13
2971	440	445	84
2972	440	441	78
2973	441	445	60
2974	441	442	24
2975	441	443	41
2976	441	442	78
2977	441	451	89
2978	441	442	53
2979	442	443	100
2980	442	450	22
2981	442	443	99
2982	442	444	13
2983	442	446	48
2984	442	447	31
2985	442	448	82
2986	442	450	64
2987	442	443	44
2988	442	444	81
2989	443	448	88
2990	444	446	97
2991	444	450	25
2992	444	447	47
2993	444	457	61
2994	444	455	13
2995	444	450	100
2996	445	447	47
2997	445	446	89
2998	445	448	33
2999	446	460	96
3000	446	449	73
3001	446	460	58
3002	446	453	91
3003	446	449	18
3004	446	449	53
3005	446	454	22
3006	446	450	34
3007	446	450	26
3008	447	451	11
3009	447	450	100
3010	447	454	18
3011	447	448	24
3012	447	454	55
3013	448	452	50
3014	448	455	70
3015	449	450	82
3016	449	451	76
3017	449	451	56
3018	449	451	26
3019	449	459	16
3020	449	455	95
3021	449	454	26
3022	449	450	28
3023	449	451	78
3024	449	453	57
3025	449	459	60
3026	450	453	60
