4844	100	0	0
0	1	3	33
1	1	7	43
2	1	4	98
3	1	12	82
4	1	6	45
5	1	7	12
6	1	7	53
7	1	3	44
8	1	3	39
9	1	35	53
10	1	3	24
11	1	4	46
12	1	2	85
13	1	3	40
14	1	4	51
15	1	4	87
16	1	5	81
17	1	7	66
18	1	3	85
19	1	2	80
20	1	9	62
21	1	2	36
22	1	2	42
23	1	8	76
24	1	14	99
25	1	4	32
26	1	5	11
27	1	3	66
28	1	5	56
29	1	7	20
30	2	7	62
31	2	7	69
32	2	5	96
33	2	3	93
34	3	7	100
35	3	38	83
36	3	13	77
37	3	4	80
38	3	10	74
39	3	4	84
40	3	12	82
41	3	10	86
42	4	6	63
43	4	10	29
44	4	5	89
45	4	5	36
46	4	8	39
47	4	6	41
48	4	17	22
49	5	8	55
50	5	8	64
51	5	6	25
52	5	13	61
53	5	11	51
54	5	14	16
55	6	13	97
56	6	7	77
57	6	11	25
58	6	16	91
59	7	11	16
60	7	10	31
61	7	9	47
62	7	21	85
63	7	15	100
64	7	17	90
65	7	19	99
66	7	19	31
67	7	10	62
68	8	9	15
69	8	11	82
70	8	11	38
71	8	10	63
72	9	10	24
73	9	23	28
74	9	16	91
75	10	12	58
76	10	12	16
77	10	11	61
78	10	13	64
79	10	22	59
80	10	22	30
81	10	13	10
82	11	12	71
83	11	12	15
84	11	12	33
85	11	13	35
86	11	14	58
87	11	12	50
88	12	13	44
89	12	17	51
90	12	19	97
91	12	15	25
92	12	20	30
93	12	17	91
94	12	25	30
95	12	21	46
96	13	20	16
97	13	18	73
98	13	16	93
99	13	21	63
100	13	14	67
101	13	16	79
102	13	14	98
103	14	16	44
104	14	16	26
105	14	21	60
106	14	15	97
107	14	17	77
108	15	29	76
109	15	16	84
110	15	22	90
111	16	20	16
112	16	20	93
113	16	24	20
114	16	22	32
115	16	21	71
116	16	22	89
117	16	17	31
118	17	18	35
119	17	18	84
120	17	21	69
121	17	21	41
122	17	22	60
123	17	20	32
124	18	33	99
125	18	22	99
126	18	24	56
127	19	28	55
128	19	25	39
129	19	23	99
130	20	22	30
131	20	26	90
132	20	21	93
133	20	24	18
134	20	24	32
135	21	23	12
136	21	23	96
137	21	23	91
138	21	24	99
139	21	34	11
140	21	30	45
141	21	33	39
142	21	22	78
143	22	27	81
144	22	26	22
145	22	26	88
146	22	24	56
147	22	25	34
148	22	30	91
149	22	25	90
150	22	23	91
151	22	26	95
152	23	35	64
153	23	31	68
154	23	25	75
155	23	26	60
156	23	26	83
157	23	30	23
158	24	31	35
159	24	27	26
160	24	25	53
161	24	25	91
162	24	25	29
163	24	25	97
164	25	27	30
165	25	26	41
166	25	36	77
167	25	28	39
168	25	27	30
169	25	26	30
170	25	36	28
171	25	26	67
172	25	36	35
173	26	28	83
174	26	27	17
175	26	27	45
176	26	34	69
177	26	29	32
178	26	28	60
179	26	35	32
180	26	28	69
181	26	30	67
182	27	31	27
183	27	29	51
184	27	39	100
185	27	28	56
186	27	28	60
187	27	34	41
188	28	48	21
189	28	29	15
190	28	32	31
191	28	32	25
192	28	29	48
193	28	32	51
194	28	53	17
195	29	31	87
196	29	30	15
197	29	33	13
198	29	36	28
199	29	32	95
200	30	31	92
201	30	35	60
202	30	40	77
203	30	34	96
204	30	35	88
205	31	41	76
206	31	32	35
207	31	32	76
208	31	32	60
209	31	33	27
210	32	34	62
211	32	35	79
212	32	37	71
213	32	33	17
214	32	41	76
215	32	35	36
216	32	33	71
217	33	34	84
218	33	37	26
219	33	35	90
220	33	34	40
221	33	38	26
222	33	35	92
223	34	38	33
224	34	39	26
225	34	37	66
226	34	49	97
227	34	41	13
228	34	46	86
229	34	36	69
230	35	41	22
231	35	36	69
232	35	36	95
233	35	36	97
234	35	38	69
235	35	40	18
236	35	37	65
237	35	40	69
238	35	40	13
239	36	43	50
240	36	38	66
241	36	38	90
242	36	43	69
243	36	39	15
244	36	38	30
245	36	52	78
246	36	38	16
247	37	38	28
248	37	39	73
249	37	41	78
250	37	44	88
251	38	39	46
252	38	39	95
253	38	46	94
254	38	45	10
255	38	41	24
256	38	50	52
257	38	42	54
258	38	41	13
259	38	47	70
260	39	41	84
261	39	45	73
262	39	40	43
263	39	42	37
264	39	45	30
265	39	42	43
266	40	41	22
267	40	48	44
268	40	45	84
269	40	45	95
270	40	47	19
271	41	43	50
272	41	45	72
273	41	43	34
274	41	43	92
275	41	56	61
276	41	45	78
277	41	45	17
278	41	43	98
279	41	44	86
280	42	43	92
281	42	43	25
282	42	53	76
283	43	44	34
284	43	46	23
285	43	50	96
286	43	51	22
287	43	48	71
288	43	46	38
289	43	44	20
290	43	45	43
291	44	47	94
292	44	47	45
293	44	49	76
294	44	48	47
295	45	46	71
296	45	47	59
297	45	50	85
298	45	46	34
299	45	47	13
300	45	51	91
301	45	52	31
302	45	47	11
303	45	49	44
304	46	59	80
305	46	47	38
306	46	52	63
307	46	47	39
308	46	48	64
309	46	52	69
310	47	48	13
311	47	54	12
312	47	50	25
313	47	59	24
314	47	52	81
315	47	64	74
316	47	50	45
317	47	50	68
318	47	48	93
319	48	58	58
320	48	60	64
321	48	49	41
322	48	51	15
323	48	53	32
324	48	55	18
325	48	58	26
326	49	50	94
327	49	52	50
328	49	59	97
329	49	50	46
330	50	52	38
331	50	55	46
332	50	55	26
333	50	51	99
334	50	54	47
335	50	57	18
336	50	54	68
337	50	54	99
338	51	55	69
339	51	54	73
340	51	52	20
341	51	52	11
342	52	59	97
343	52	58	59
344	52	65	39
345	52	55	87
346	52	53	33
347	52	61	92
348	52	55	23
349	52	57	62
350	52	53	14
351	53	68	57
352	53	56	17
353	53	55	38
354	53	54	48
355	53	62	85
356	54	59	21
357	54	55	74
358	54	55	56
359	54	60	45
360	54	61	24
361	54	58	12
362	55	63	34
363	55	75	79
364	55	63	27
365	55	65	78
366	55	69	94
367	55	56	35
368	55	57	32
369	55	57	57
370	55	56	57
371	56	60	98
372	56	60	85
373	56	58	61
374	56	57	34
375	57	61	19
376	57	60	40
377	57	58	100
378	57	65	30
379	57	59	26
380	58	70	70
381	58	67	41
382	58	63	32
383	58	60	42
384	58	60	78
385	58	59	12
386	59	61	52
387	59	65	92
388	59	64	13
389	59	69	76
390	59	64	91
391	59	65	33
392	59	63	22
393	60	62	86
394	60	62	47
395	60	68	36
396	60	61	27
397	60	67	16
398	60	64	38
399	60	61	83
400	61	65	53
401	61	74	73
402	61	66	14
403	61	66	49
404	61	67	19
405	61	68	94
406	62	66	67
407	62	67	61
408	62	68	14
409	63	68	89
410	63	64	10
411	63	69	76
412	63	66	55
413	64	68	37
414	64	76	11
415	64	73	94
416	64	67	57
417	64	67	51
418	65	69	40
419	65	70	79
420	65	66	30
421	65	75	83
422	65	66	72
423	65	76	94
424	66	82	85
425	66	78	75
426	66	70	76
427	66	71	36
428	66	69	71
429	66	70	49
430	67	77	24
431	67	75	36
432	67	68	30
433	67	69	72
434	67	72	55
435	67	74	37
436	68	69	27
437	68	82	56
438	68	71	72
439	68	69	62
440	68	75	48
441	68	70	41
442	68	72	62
443	69	71	13
444	69	70	10
445	69	88	15
446	69	71	10
447	69	73	89
448	69	71	37
449	69	77	74
450	69	74	30
451	70	75	76
452	70	75	94
453	70	73	51
454	70	74	59
455	70	73	99
456	70	71	14
457	71	72	80
458	71	74	54
459	71	75	18
460	71	73	94
461	71	75	34
462	71	83	98
463	72	73	70
464	72	92	45
465	72	74	47
466	73	89	15
467	73	76	92
468	73	76	66
469	73	89	12
470	73	76	25
471	73	77	99
472	74	82	36
473	74	76	48
474	74	76	18
475	74	78	20
476	74	85	51
477	74	89	24
478	75	78	90
479	75	77	99
480	75	77	86
481	75	78	76
482	75	77	25
483	75	80	11
484	75	76	69
485	75	85	16
486	76	82	15
487	76	85	44
488	76	84	77
489	76	80	99
490	76	78	88
491	76	77	92
492	76	85	49
493	76	77	31
494	77	82	66
495	77	79	61
496	77	83	95
497	77	78	90
498	77	78	85
499	77	79	46
500	77	79	77
501	77	81	75
502	78	90	68
503	78	80	56
504	78	84	58
505	78	84	28
506	78	81	75
507	78	81	43
508	78	80	37
509	79	82	20
510	79	83	36
511	79	83	23
512	80	82	29
513	80	87	53
514	80	86	53
515	80	85	87
516	81	85	77
517	81	83	40
518	81	87	90
519	82	83	80
520	82	90	84
521	82	90	36
522	82	89	88
523	82	86	92
524	82	94	60
525	82	83	81
526	83	84	63
527	83	86	84
528	83	85	63
529	83	84	30
530	83	87	94
531	83	94	21
532	83	86	93
533	84	87	44
534	84	95	80
535	84	86	11
536	84	101	17
537	84	86	69
538	85	91	63
539	85	86	17
540	85	90	10
541	85	93	43
542	85	88	92
543	85	88	100
544	85	87	25
545	86	90	15
546	86	87	25
547	86	94	57
548	86	93	71
549	86	92	67
550	86	88	66
551	86	89	98
552	87	99	12
553	87	102	94
554	87	93	69
555	87	90	59
556	87	95	65
557	87	88	44
558	88	91	54
559	88	89	24
560	88	89	38
561	88	89	46
562	88	91	55
563	89	90	37
564	89	90	62
565	89	97	39
566	89	91	25
567	89	90	23
568	89	92	75
569	89	91	87
570	89	91	90
571	90	91	44
572	90	107	85
573	90	91	58
574	90	91	44
575	90	92	32
576	90	103	64
577	90	92	56
578	90	92	50
579	90	93	34
580	91	96	76
581	91	94	61
582	91	100	11
583	91	96	81
584	91	94	44
585	91	94	69
586	91	99	48
587	91	93	93
588	91	102	23
589	92	95	69
590	92	93	17
591	92	93	48
592	92	93	94
593	92	100	44
594	92	94	72
595	93	106	36
596	93	106	16
597	93	97	19
598	93	94	49
599	93	99	70
600	93	96	59
601	93	94	71
602	93	100	75
603	94	96	69
604	94	99	39
605	94	97	98
606	94	95	35
607	94	95	88
608	94	109	57
609	94	95	80
610	94	97	43
611	94	98	53
612	95	104	35
613	95	100	74
614	95	108	70
615	95	97	87
616	95	98	84
617	95	101	67
618	96	97	38
619	96	108	46
620	96	100	44
621	96	102	10
622	97	99	98
623	97	98	32
624	97	103	53
625	97	105	22
626	97	99	76
627	97	99	36
628	98	103	94
629	98	106	36
630	98	107	42
631	99	100	52
632	99	103	33
633	99	101	35
634	99	100	29
635	99	100	27
636	99	112	76
637	99	103	44
638	100	110	35
639	100	101	47
640	100	101	69
641	100	102	91
642	100	104	28
643	100	103	36
644	100	102	89
645	100	112	45
646	101	103	29
647	101	109	100
648	101	117	14
649	101	102	88
650	101	107	52
651	102	106	33
652	102	111	89
653	102	103	12
654	102	105	76
655	102	103	60
656	102	113	82
657	103	105	90
658	103	106	62
659	103	105	55
660	103	107	40
661	103	113	48
662	103	105	49
663	103	104	23
664	103	106	82
665	103	104	68
666	104	116	60
667	104	105	19
668	104	112	60
669	104	106	19
670	105	111	12
671	105	109	86
672	105	106	12
673	105	108	91
674	105	110	94
675	105	123	17
676	106	109	75
677	106	109	33
678	106	107	34
679	106	111	11
680	106	107	21
681	106	109	41
682	106	108	10
683	106	108	64
684	107	113	85
685	107	110	30
686	107	120	16
687	107	112	98
688	107	113	77
689	107	108	50
690	108	114	54
691	108	109	38
692	108	109	75
693	108	118	92
694	108	109	45
695	108	116	73
696	109	110	20
697	109	114	78
698	109	110	78
699	109	115	83
700	109	114	19
701	109	115	87
702	109	112	17
703	109	114	82
704	109	115	57
705	110	113	83
706	110	112	82
707	110	131	10
708	110	111	42
709	110	117	78
710	111	114	54
711	111	112	69
712	111	125	87
713	111	113	18
714	112	113	15
715	112	113	95
716	112	115	82
717	112	131	12
718	112	116	67
719	112	113	41
720	112	116	30
721	113	114	85
722	113	116	61
723	113	117	90
724	113	120	65
725	113	115	44
726	113	115	81
727	113	120	67
728	113	118	14
729	113	114	69
730	114	117	21
731	114	122	53
732	114	115	81
733	114	128	99
734	114	121	30
735	114	116	98
736	114	115	99
737	115	116	62
738	115	119	98
739	115	117	42
740	115	117	17
741	115	123	55
742	115	128	60
743	115	116	64
744	115	119	33
745	116	117	18
746	116	118	80
747	116	121	38
748	116	120	19
749	116	120	18
750	116	118	97
751	116	119	45
752	116	122	20
753	117	123	30
754	117	120	17
755	117	123	67
756	117	131	34
757	117	118	30
758	117	119	34
759	117	120	86
760	118	119	53
761	118	130	34
762	118	119	78
763	118	119	50
764	118	125	11
765	119	120	10
766	119	123	17
767	119	124	44
768	119	121	38
769	119	127	40
770	119	130	51
771	119	120	51
772	120	123	40
773	120	122	96
774	120	124	95
775	120	121	83
776	120	126	100
777	120	130	41
778	120	121	33
779	120	122	23
780	120	124	19
781	121	122	80
782	121	124	90
783	121	128	97
784	121	122	40
785	121	124	62
786	122	124	98
787	122	123	67
788	122	127	23
789	122	124	18
790	122	127	64
791	122	123	27
792	123	129	40
793	123	140	83
794	123	127	79
795	123	126	97
796	123	125	26
797	123	126	61
798	123	124	25
799	123	124	57
800	124	132	40
801	124	127	94
802	124	129	62
803	124	129	55
804	124	126	48
805	124	130	61
806	124	125	56
807	124	133	88
808	124	132	24
809	125	126	12
810	125	127	78
811	125	126	70
812	125	129	29
813	126	136	77
814	126	129	87
815	126	135	71
816	126	127	77
817	126	138	79
818	126	129	55
819	127	134	35
820	127	129	71
821	127	131	45
822	127	130	36
823	127	130	29
824	127	128	54
825	127	133	18
826	128	131	33
827	128	142	35
828	128	129	66
829	128	132	16
830	129	137	27
831	129	132	38
832	129	130	14
833	129	138	61
834	129	134	39
835	129	130	76
836	129	138	89
837	129	132	97
838	130	131	86
839	130	132	66
840	130	131	63
841	130	132	99
842	130	133	44
843	130	147	19
844	130	137	88
845	130	132	56
846	131	138	64
847	131	146	52
848	131	134	32
849	131	135	11
850	131	139	80
851	131	133	79
852	131	138	20
853	132	134	75
854	132	142	21
855	132	133	89
856	132	133	88
857	132	137	25
858	132	134	50
859	132	134	62
860	132	138	84
861	133	136	16
862	133	137	87
863	133	134	50
864	133	143	36
865	133	137	19
866	133	141	88
867	134	143	58
868	134	139	93
869	134	149	63
870	134	135	57
871	134	138	88
872	134	142	14
873	134	136	33
874	135	137	19
875	135	151	71
876	135	141	53
877	136	138	45
878	136	140	84
879	136	139	98
880	137	140	75
881	137	145	22
882	137	139	89
883	137	141	52
884	137	143	100
885	137	143	56
886	138	143	59
887	138	145	82
888	138	144	32
889	138	146	22
890	138	154	47
891	138	144	41
892	138	149	19
893	138	147	24
894	139	143	72
895	139	140	86
896	139	143	14
897	139	141	71
898	140	141	43
899	140	141	22
900	140	144	24
901	140	144	99
902	141	148	20
903	141	148	32
904	141	143	64
905	141	146	99
906	141	143	37
907	141	149	83
908	142	148	39
909	142	148	26
910	142	145	12
911	143	144	12
912	143	149	17
913	143	150	40
914	143	155	18
915	143	147	53
916	143	146	63
917	143	145	44
918	143	153	37
919	143	145	86
920	144	149	70
921	144	153	11
922	144	146	36
923	144	150	65
924	144	145	88
925	145	148	75
926	145	154	44
927	145	149	10
928	145	148	99
929	145	147	29
930	145	146	100
931	146	157	77
932	146	155	76
933	146	151	65
934	146	151	54
935	146	147	69
936	146	158	20
937	147	153	13
938	147	148	96
939	147	152	59
940	147	151	83
941	147	148	25
942	148	152	91
943	148	153	49
944	148	150	27
945	148	149	56
946	148	149	48
947	148	169	27
948	148	151	39
949	148	155	76
950	149	152	21
951	149	151	77
952	149	152	91
953	149	158	77
954	149	153	34
955	149	163	79
956	149	151	57
957	149	150	32
958	150	151	70
959	150	151	95
960	150	160	32
961	150	154	78
962	151	164	92
963	151	160	63
964	151	158	33
965	151	155	17
966	151	153	13
967	151	152	78
968	151	153	46
969	151	165	50
970	151	155	41
971	152	153	45
972	152	154	53
973	152	154	100
974	152	155	19
975	152	153	80
976	153	160	97
977	153	156	74
978	153	158	17
979	153	162	89
980	153	155	68
981	153	160	28
982	153	156	54
983	153	155	41
984	153	155	96
985	154	159	42
986	154	159	51
987	154	169	100
988	154	159	45
989	154	159	52
990	155	164	13
991	155	158	32
992	155	157	56
993	155	157	39
994	155	156	26
995	155	166	15
996	155	157	13
997	155	164	87
998	155	161	66
999	156	158	47
1000	156	162	38
1001	156	161	34
1002	157	162	51
1003	157	159	52
1004	157	158	60
1005	157	158	22
1006	158	159	33
1007	158	162	12
1008	158	162	33
1009	158	159	92
1010	158	163	30
1011	158	159	78
1012	158	165	91
1013	158	165	27
1014	159	160	13
1015	159	168	28
1016	159	160	67
1017	159	165	94
1018	159	162	14
1019	159	160	74
1020	159	160	98
1021	159	160	66
1022	160	166	22
1023	160	166	87
1024	160	161	86
1025	160	161	98
1026	160	163	92
1027	160	169	45
1028	160	165	40
1029	160	166	51
1030	160	162	74
1031	161	168	36
1032	161	180	95
1033	161	164	59
1034	161	162	53
1035	162	170	13
1036	162	170	54
1037	162	164	11
1038	162	166	19
1039	162	164	89
1040	162	164	18
1041	162	163	30
1042	162	164	98
1043	163	165	17
1044	163	164	58
1045	163	168	31
1046	163	167	66
1047	164	165	41
1048	164	167	78
1049	164	167	49
1050	164	171	26
1051	164	167	11
1052	164	168	69
1053	164	171	50
1054	164	166	76
1055	164	168	41
1056	165	171	10
1057	165	169	67
1058	165	167	46
1059	165	166	80
1060	165	170	75
1061	165	172	50
1062	165	170	100
1063	166	174	34
1064	166	168	96
1065	166	168	31
1066	166	171	69
1067	166	177	44
1068	166	169	64
1069	166	172	38
1070	167	171	17
1071	167	171	11
1072	167	173	22
1073	167	171	62
1074	167	180	47
1075	168	172	17
1076	168	169	83
1077	168	176	10
1078	168	182	70
1079	168	170	39
1080	168	172	45
1081	168	175	88
1082	169	177	85
1083	169	176	38
1084	169	174	73
1085	169	171	49
1086	169	177	44
1087	169	170	68
1088	170	171	98
1089	170	177	48
1090	170	175	64
1091	170	176	59
1092	170	174	59
1093	170	180	33
1094	171	174	30
1095	171	172	11
1096	171	176	40
1097	171	173	43
1098	171	177	11
1099	171	175	87
1100	171	173	48
1101	171	177	59
1102	171	174	13
1103	172	173	37
1104	172	183	47
1105	172	173	99
1106	172	175	76
1107	172	175	20
1108	173	177	32
1109	173	175	80
1110	173	174	88
1111	173	176	10
1112	173	182	43
1113	174	176	34
1114	174	193	47
1115	174	192	73
1116	174	176	68
1117	174	179	97
1118	174	187	78
1119	175	177	49
1120	175	179	63
1121	175	176	36
1122	175	181	83
1123	175	183	100
1124	175	176	29
1125	176	178	50
1126	176	179	92
1127	176	181	38
1128	176	178	13
1129	176	177	11
1130	176	179	74
1131	176	188	70
1132	176	182	36
1133	176	180	19
1134	177	183	54
1135	177	178	51
1136	177	179	89
1137	177	182	57
1138	177	181	20
1139	177	181	53
1140	177	183	20
1141	177	181	30
1142	177	178	93
1143	178	183	27
1144	178	182	54
1145	178	180	67
1146	178	189	85
1147	179	188	62
1148	179	182	79
1149	179	180	66
1150	179	180	54
1151	179	183	52
1152	180	194	78
1153	180	181	27
1154	180	187	21
1155	180	181	34
1156	180	182	99
1157	180	190	56
1158	180	181	72
1159	181	186	100
1160	181	193	89
1161	181	182	26
1162	181	183	86
1163	181	185	97
1164	181	188	60
1165	181	185	57
1166	181	190	18
1167	182	194	37
1168	182	185	31
1169	182	186	22
1170	182	183	64
1171	182	186	41
1172	182	183	96
1173	182	192	82
1174	182	185	39
1175	183	188	62
1176	183	184	77
1177	183	184	11
1178	183	184	37
1179	183	193	31
1180	183	187	57
1181	183	191	98
1182	183	187	26
1183	183	193	56
1184	184	195	44
1185	184	187	39
1186	184	185	65
1187	185	189	77
1188	185	193	48
1189	185	192	97
1190	185	186	33
1191	185	186	80
1192	186	192	74
1193	186	189	80
1194	186	190	78
1195	186	189	23
1196	186	193	67
1197	187	190	44
1198	187	188	61
1199	187	200	62
1200	187	195	61
1201	187	190	92
1202	188	191	47
1203	188	196	95
1204	188	191	10
1205	188	196	16
1206	188	189	99
1207	189	197	88
1208	189	193	95
1209	189	191	39
1210	189	200	11
1211	189	191	82
1212	190	201	34
1213	190	194	47
1214	190	194	52
1215	190	191	45
1216	190	193	44
1217	191	198	59
1218	191	198	51
1219	191	195	69
1220	191	192	75
1221	191	197	43
1222	191	200	35
1223	192	195	44
1224	192	194	57
1225	192	199	91
1226	192	193	42
1227	192	196	52
1228	193	196	88
1229	193	199	19
1230	193	213	51
1231	193	194	13
1232	193	195	63
1233	193	211	89
1234	193	194	65
1235	193	197	73
1236	193	198	83
1237	194	198	48
1238	194	199	35
1239	194	196	11
1240	194	202	100
1241	194	197	80
1242	194	196	18
1243	194	203	69
1244	195	208	44
1245	195	206	65
1246	195	201	21
1247	195	201	82
1248	195	200	55
1249	196	197	90
1250	196	197	90
1251	196	209	29
1252	196	197	57
1253	196	202	30
1254	196	199	41
1255	197	198	74
1256	197	198	26
1257	197	204	58
1258	197	214	85
1259	197	199	29
1260	197	199	79
1261	197	199	42
1262	198	199	46
1263	198	199	44
1264	198	203	42
1265	198	212	94
1266	198	212	49
1267	198	208	71
1268	199	208	66
1269	199	201	64
1270	199	201	96
1271	199	205	70
1272	199	203	90
1273	199	210	28
1274	199	201	66
1275	199	206	18
1276	199	201	34
1277	200	204	96
1278	200	203	65
1279	200	201	61
1280	200	205	84
1281	201	203	53
1282	201	206	92
1283	201	215	77
1284	201	202	10
1285	201	202	96
1286	201	207	11
1287	201	207	39
1288	201	202	53
1289	202	203	80
1290	202	204	50
1291	202	207	60
1292	202	205	64
1293	202	215	55
1294	203	216	22
1295	203	213	60
1296	203	209	71
1297	203	211	27
1298	203	205	10
1299	203	205	37
1300	204	206	91
1301	204	205	97
1302	204	207	70
1303	205	209	54
1304	205	215	48
1305	205	206	68
1306	205	211	76
1307	205	210	30
1308	205	208	50
1309	206	209	17
1310	206	224	73
1311	206	208	52
1312	206	208	17
1313	206	226	25
1314	207	208	70
1315	207	209	57
1316	207	210	69
1317	207	219	35
1318	208	210	24
1319	208	210	28
1320	208	211	52
1321	208	212	58
1322	208	212	27
1323	208	211	82
1324	208	212	80
1325	209	210	26
1326	209	213	28
1327	209	212	18
1328	209	216	49
1329	209	220	70
1330	210	218	39
1331	210	213	82
1332	210	211	97
1333	210	214	10
1334	210	216	12
1335	210	220	54
1336	211	223	56
1337	211	219	34
1338	211	216	73
1339	211	214	52
1340	211	214	21
1341	211	213	41
1342	212	213	93
1343	212	223	31
1344	212	213	42
1345	212	213	17
1346	212	217	50
1347	212	220	82
1348	213	218	84
1349	213	216	52
1350	213	216	25
1351	213	214	91
1352	213	217	88
1353	213	215	93
1354	213	215	40
1355	213	216	34
1356	214	215	78
1357	214	215	78
1358	214	216	40
1359	214	215	94
1360	214	228	58
1361	215	221	35
1362	215	216	78
1363	215	230	49
1364	215	237	44
1365	215	230	35
1366	215	226	76
1367	215	222	32
1368	215	218	15
1369	216	218	88
1370	216	219	59
1371	216	218	92
1372	216	219	75
1373	216	221	51
1374	216	217	15
1375	216	219	61
1376	216	219	38
1377	216	217	32
1378	217	219	36
1379	217	223	88
1380	217	222	100
1381	217	222	33
1382	218	219	92
1383	218	225	45
1384	218	220	73
1385	218	222	90
1386	218	221	97
1387	219	222	26
1388	219	221	94
1389	219	233	89
1390	219	221	15
1391	219	222	81
1392	219	226	94
1393	219	221	28
1394	219	225	37
1395	220	221	48
1396	220	222	36
1397	220	227	41
1398	220	221	37
1399	221	223	62
1400	221	222	89
1401	221	225	65
1402	221	224	52
1403	221	240	14
1404	221	225	76
1405	221	238	78
1406	221	222	62
1407	222	237	44
1408	222	238	94
1409	222	224	66
1410	222	224	37
1411	222	231	88
1412	222	225	49
1413	222	223	99
1414	222	223	86
1415	222	227	32
1416	223	224	82
1417	223	232	45
1418	223	230	25
1419	223	225	82
1420	223	229	62
1421	223	224	16
1422	224	243	21
1423	224	225	46
1424	224	225	43
1425	224	227	36
1426	224	227	17
1427	224	229	12
1428	225	226	40
1429	225	226	71
1430	225	227	55
1431	225	228	32
1432	225	228	95
1433	225	235	58
1434	225	226	56
1435	225	226	98
1436	226	232	51
1437	226	238	87
1438	226	236	31
1439	226	246	33
1440	226	229	31
1441	226	228	30
1442	226	227	74
1443	227	230	25
1444	227	230	58
1445	227	235	36
1446	227	229	70
1447	227	228	50
1448	227	231	17
1449	228	230	62
1450	228	231	29
1451	228	231	45
1452	228	234	27
1453	228	229	78
1454	229	236	15
1455	229	230	56
1456	229	230	82
1457	229	231	74
1458	229	238	42
1459	230	234	68
1460	230	232	78
1461	230	239	79
1462	230	231	97
1463	230	231	16
1464	230	231	24
1465	230	233	53
1466	230	236	10
1467	231	233	19
1468	231	234	31
1469	231	239	35
1470	231	235	72
1471	231	239	23
1472	231	232	87
1473	231	237	18
1474	231	235	58
1475	232	233	13
1476	232	233	85
1477	232	235	65
1478	232	238	13
1479	233	246	59
1480	233	249	45
1481	233	251	52
1482	233	236	19
1483	233	234	31
1484	234	236	23
1485	234	236	49
1486	234	238	66
1487	234	241	13
1488	235	236	29
1489	235	242	39
1490	235	236	23
1491	235	237	43
1492	235	250	94
1493	236	240	29
1494	236	237	24
1495	236	243	77
1496	236	240	35
1497	236	237	70
1498	236	238	86
1499	236	238	58
1500	236	239	68
1501	237	240	54
1502	237	240	56
1503	237	242	66
1504	237	243	90
1505	237	248	33
1506	237	240	17
1507	238	243	76
1508	238	241	57
1509	238	250	56
1510	238	249	68
1511	238	240	55
1512	238	246	70
1513	238	239	96
1514	238	245	99
1515	239	240	67
1516	239	241	77
1517	239	240	80
1518	239	257	47
1519	239	252	58
1520	240	248	46
1521	240	243	36
1522	240	241	66
1523	240	242	62
1524	240	242	42
1525	240	244	51
1526	240	245	93
1527	240	249	15
1528	240	242	48
1529	241	243	99
1530	241	251	42
1531	241	242	62
1532	241	248	93
1533	242	246	100
1534	242	244	49
1535	242	253	65
1536	242	244	31
1537	242	249	79
1538	242	244	43
1539	243	248	56
1540	243	245	24
1541	243	244	47
1542	243	248	13
1543	243	244	93
1544	243	245	81
1545	244	246	15
1546	244	247	17
1547	244	248	75
1548	244	249	58
1549	244	245	22
1550	244	246	10
1551	245	248	93
1552	245	247	35
1553	245	250	52
1554	245	265	99
1555	245	252	60
1556	246	250	39
1557	246	247	11
1558	246	247	92
1559	246	261	75
1560	246	249	34
1561	246	247	55
1562	247	250	64
1563	247	254	65
1564	247	248	58
1565	247	249	47
1566	247	248	97
1567	248	251	89
1568	248	251	68
1569	248	250	59
1570	248	254	58
1571	248	252	69
1572	248	249	14
1573	248	264	14
1574	248	254	85
1575	248	251	60
1576	249	250	67
1577	249	252	95
1578	249	252	57
1579	249	250	92
1580	249	253	86
1581	249	251	24
1582	249	257	27
1583	249	250	100
1584	250	251	74
1585	250	258	12
1586	250	258	38
1587	250	260	49
1588	250	252	32
1589	250	251	53
1590	250	253	60
1591	250	252	64
1592	250	253	79
1593	251	264	28
1594	251	252	78
1595	251	253	79
1596	251	252	78
1597	251	281	18
1598	251	253	85
1599	251	253	17
1600	251	254	19
1601	252	253	67
1602	252	254	80
1603	252	258	47
1604	252	254	65
1605	252	258	71
1606	252	262	87
1607	252	255	42
1608	252	253	18
1609	252	257	49
1610	253	260	49
1611	253	256	41
1612	253	256	93
1613	253	254	29
1614	253	255	52
1615	253	261	41
1616	253	257	64
1617	253	266	92
1618	253	254	77
1619	254	272	59
1620	254	255	56
1621	254	255	29
1622	254	255	76
1623	254	256	54
1624	254	260	88
1625	254	255	22
1626	254	263	12
1627	255	256	38
1628	255	260	20
1629	255	261	70
1630	255	258	74
1631	255	257	11
1632	255	258	43
1633	256	258	15
1634	256	266	29
1635	256	261	14
1636	256	258	33
1637	257	264	96
1638	257	267	57
1639	257	260	94
1640	257	265	12
1641	257	263	81
1642	258	261	97
1643	258	259	48
1644	258	260	43
1645	258	263	96
1646	258	259	57
1647	258	270	80
1648	258	259	92
1649	258	259	26
1650	259	263	48
1651	259	265	29
1652	259	264	65
1653	259	261	90
1654	260	265	89
1655	260	263	11
1656	260	280	47
1657	260	262	30
1658	260	263	40
1659	260	261	70
1660	261	270	99
1661	261	263	67
1662	261	262	15
1663	261	263	53
1664	261	264	64
1665	261	262	89
1666	261	265	99
1667	262	271	85
1668	262	270	40
1669	262	265	44
1670	262	264	62
1671	263	268	19
1672	263	268	49
1673	263	275	79
1674	263	265	29
1675	263	264	37
1676	263	267	51
1677	263	266	84
1678	263	264	94
1679	264	267	30
1680	264	273	44
1681	264	268	82
1682	264	265	61
1683	264	267	73
1684	264	268	77
1685	264	269	12
1686	264	270	77
1687	265	266	96
1688	265	266	42
1689	265	269	71
1690	265	267	16
1691	265	268	94
1692	265	270	68
1693	265	269	60
1694	265	270	77
1695	266	273	34
1696	266	272	51
1697	266	272	10
1698	266	268	35
1699	266	274	12
1700	267	269	31
1701	267	269	57
1702	267	268	74
1703	267	269	63
1704	267	268	16
1705	268	270	56
1706	268	269	41
1707	268	271	36
1708	268	269	63
1709	268	276	44
1710	268	275	54
1711	268	274	38
1712	268	273	14
1713	269	272	77
1714	269	275	33
1715	269	277	29
1716	269	272	55
1717	269	270	97
1718	269	281	98
1719	269	275	28
1720	269	270	53
1721	270	271	38
1722	270	281	23
1723	270	272	47
1724	270	274	66
1725	270	274	86
1726	270	273	38
1727	270	274	20
1728	270	274	85
1729	270	279	62
1730	271	274	22
1731	271	286	91
1732	271	275	47
1733	272	278	75
1734	272	274	54
1735	272	274	30
1736	272	273	94
1737	272	273	14
1738	272	276	61
1739	273	275	67
1740	273	278	30
1741	273	278	16
1742	273	279	70
1743	273	275	82
1744	273	278	77
1745	274	277	23
1746	274	280	64
1747	274	279	13
1748	274	276	18
1749	274	279	46
1750	274	276	30
1751	274	275	50
1752	274	276	81
1753	274	275	26
1754	275	278	90
1755	275	276	53
1756	275	279	27
1757	275	276	13
1758	275	282	41
1759	275	281	75
1760	275	280	77
1761	275	278	58
1762	275	276	79
1763	276	280	73
1764	276	279	23
1765	276	281	75
1766	276	282	64
1767	276	277	82
1768	276	282	80
1769	276	283	43
1770	276	278	94
1771	277	283	66
1772	277	278	63
1773	277	294	44
1774	278	279	34
1775	278	285	54
1776	278	280	39
1777	278	286	92
1778	278	279	80
1779	278	281	43
1780	278	279	19
1781	278	281	79
1782	279	289	13
1783	279	280	54
1784	279	280	16
1785	279	280	44
1786	279	283	42
1787	279	286	34
1788	279	280	83
1789	279	283	77
1790	279	285	63
1791	280	282	98
1792	280	281	100
1793	280	282	93
1794	280	282	35
1795	280	285	73
1796	280	282	92
1797	280	288	87
1798	280	284	64
1799	280	293	97
1800	281	285	72
1801	281	282	52
1802	281	282	59
1803	281	283	57
1804	281	287	37
1805	281	288	10
1806	281	294	81
1807	281	283	22
1808	282	285	75
1809	282	283	22
1810	282	289	92
1811	282	288	62
1812	282	284	76
1813	282	285	62
1814	282	286	25
1815	282	283	11
1816	282	300	34
1817	283	289	95
1818	283	284	74
1819	283	287	16
1820	283	287	86
1821	283	286	48
1822	283	287	67
1823	283	288	55
1824	283	284	58
1825	284	292	70
1826	284	286	85
1827	284	286	25
1828	284	293	17
1829	285	286	79
1830	285	293	26
1831	285	289	56
1832	285	290	50
1833	285	296	41
1834	285	290	69
1835	286	287	65
1836	286	287	64
1837	286	289	42
1838	286	290	99
1839	286	288	59
1840	286	290	88
1841	286	290	86
1842	286	290	30
1843	287	288	98
1844	287	288	53
1845	287	288	41
1846	287	297	32
1847	287	291	86
1848	287	289	32
1849	288	289	80
1850	288	292	18
1851	288	289	26
1852	288	291	76
1853	288	294	54
1854	288	292	18
1855	288	294	28
1856	288	299	31
1857	289	293	98
1858	289	292	62
1859	289	291	51
1860	289	290	10
1861	289	291	83
1862	289	290	10
1863	289	291	36
1864	289	291	95
1865	290	302	20
1866	290	291	36
1867	290	292	16
1868	290	291	87
1869	290	296	88
1870	290	308	51
1871	290	291	52
1872	290	294	64
1873	291	305	96
1874	291	292	73
1875	291	298	66
1876	291	297	76
1877	291	295	71
1878	291	292	80
1879	291	299	77
1880	291	293	94
1881	291	297	94
1882	292	301	70
1883	292	293	92
1884	292	295	87
1885	292	296	70
1886	292	301	71
1887	292	294	81
1888	292	293	96
1889	293	298	76
1890	293	294	64
1891	293	296	68
1892	293	294	26
1893	293	300	73
1894	293	294	78
1895	293	298	100
1896	294	298	12
1897	294	295	76
1898	294	295	80
1899	294	304	35
1900	294	300	67
1901	294	297	26
1902	294	297	83
1903	294	299	66
1904	294	295	82
1905	295	299	59
1906	295	296	69
1907	295	296	12
1908	295	303	91
1909	295	296	100
1910	296	301	59
1911	296	303	49
1912	296	305	27
1913	296	297	46
1914	296	298	55
1915	296	299	42
1916	296	302	59
1917	297	306	35
1918	297	299	93
1919	297	298	97
1920	297	298	62
1921	297	298	95
1922	297	300	24
1923	298	307	25
1924	298	309	88
1925	298	305	82
1926	298	302	99
1927	298	302	51
1928	298	302	66
1929	298	309	31
1930	298	305	13
1931	299	301	47
1932	299	300	21
1933	299	301	79
1934	299	304	73
1935	299	314	80
1936	299	306	41
1937	300	306	61
1938	300	302	13
1939	300	304	34
1940	300	312	33
1941	300	301	85
1942	301	306	22
1943	301	302	81
1944	301	311	98
1945	301	313	40
1946	301	307	76
1947	301	302	100
1948	302	304	27
1949	302	309	91
1950	302	306	64
1951	302	309	58
1952	302	309	12
1953	302	303	62
1954	302	312	39
1955	302	303	30
1956	303	319	58
1957	303	313	77
1958	303	309	38
1959	303	309	37
1960	304	306	77
1961	304	306	56
1962	304	314	39
1963	304	307	86
1964	305	312	77
1965	305	307	24
1966	305	312	77
1967	305	308	83
1968	306	331	22
1969	306	313	26
1970	306	310	19
1971	306	310	69
1972	306	309	39
1973	306	313	71
1974	306	312	27
1975	307	312	47
1976	307	308	14
1977	307	309	67
1978	307	308	67
1979	308	313	98
1980	308	310	30
1981	308	311	18
1982	308	317	32
1983	309	310	38
1984	309	310	29
1985	309	311	83
1986	309	310	25
1987	309	311	23
1988	309	310	60
1989	309	331	90
1990	309	314	59
1991	309	318	49
1992	310	311	20
1993	310	312	78
1994	310	311	78
1995	310	311	76
1996	310	311	11
1997	310	311	85
1998	310	312	65
1999	311	312	37
2000	311	322	24
2001	311	314	33
2002	311	318	16
2003	311	316	59
2004	311	316	45
2005	311	319	17
2006	311	314	43
2007	311	316	27
2008	312	316	41
2009	312	315	33
2010	312	314	31
2011	312	317	60
2012	312	313	13
2013	312	316	40
2014	312	321	61
2015	312	328	18
2016	312	317	98
2017	313	316	58
2018	313	315	88
2019	313	324	12
2020	313	314	37
2021	313	314	95
2022	313	316	21
2023	314	316	62
2024	314	323	72
2025	314	315	87
2026	314	321	60
2027	314	315	36
2028	314	316	35
2029	314	321	33
2030	314	332	100
2031	315	320	24
2032	315	317	28
2033	315	322	96
2034	315	327	93
2035	316	319	15
2036	316	323	96
2037	316	318	57
2038	316	318	36
2039	316	320	94
2040	316	319	93
2041	316	318	43
2042	316	319	67
2043	316	333	16
2044	317	318	14
2045	317	318	29
2046	317	318	26
2047	317	318	55
2048	318	320	36
2049	318	324	86
2050	318	319	70
2051	318	323	37
2052	318	320	23
2053	318	327	34
2054	318	320	81
2055	318	325	60
2056	318	319	35
2057	319	325	94
2058	319	324	70
2059	319	322	96
2060	319	320	90
2061	319	322	21
2062	319	321	52
2063	319	323	20
2064	320	325	24
2065	320	328	20
2066	320	324	87
2067	320	327	60
2068	320	321	36
2069	320	321	61
2070	321	331	67
2071	321	322	29
2072	321	334	49
2073	321	331	95
2074	321	324	21
2075	321	327	72
2076	322	324	60
2077	322	327	20
2078	322	327	72
2079	322	324	48
2080	322	323	93
2081	323	329	74
2082	323	326	68
2083	323	330	24
2084	323	328	61
2085	323	326	48
2086	324	327	22
2087	324	328	100
2088	324	325	92
2089	324	336	96
2090	324	329	48
2091	324	331	94
2092	324	328	24
2093	325	330	79
2094	325	327	69
2095	325	326	100
2096	325	327	93
2097	326	329	94
2098	326	335	22
2099	326	334	40
2100	327	331	85
2101	327	330	79
2102	327	334	94
2103	327	328	14
2104	327	328	87
2105	327	330	89
2106	327	330	67
2107	327	333	77
2108	327	335	99
2109	328	334	65
2110	328	338	76
2111	328	330	63
2112	328	336	85
2113	328	340	21
2114	328	332	89
2115	328	334	87
2116	329	333	93
2117	329	340	94
2118	329	331	91
2119	330	338	82
2120	330	331	46
2121	330	344	87
2122	330	331	93
2123	330	336	52
2124	330	337	66
2125	331	334	80
2126	331	333	35
2127	331	334	44
2128	331	336	52
2129	331	332	31
2130	331	336	74
2131	331	332	62
2132	331	333	13
2133	331	340	62
2134	332	333	96
2135	332	333	11
2136	332	339	18
2137	332	334	37
2138	333	335	60
2139	333	338	55
2140	333	337	84
2141	333	340	35
2142	333	337	16
2143	333	346	73
2144	333	335	97
2145	334	336	25
2146	334	340	57
2147	334	344	76
2148	334	336	63
2149	334	339	39
2150	334	335	64
2151	334	337	64
2152	334	339	74
2153	335	338	81
2154	335	348	31
2155	335	337	80
2156	335	341	65
2157	335	336	68
2158	336	339	91
2159	336	341	30
2160	336	339	63
2161	336	349	28
2162	336	337	76
2163	336	338	64
2164	336	344	31
2165	336	337	56
2166	337	344	38
2167	337	338	86
2168	337	339	21
2169	337	343	31
2170	337	346	90
2171	337	338	35
2172	337	341	45
2173	338	339	64
2174	338	339	25
2175	338	351	68
2176	338	344	12
2177	338	350	78
2178	338	340	87
2179	338	340	98
2180	339	345	94
2181	339	340	23
2182	339	345	98
2183	339	344	39
2184	339	341	66
2185	339	341	73
2186	339	340	61
2187	339	345	27
2188	340	341	61
2189	340	343	99
2190	340	341	31
2191	340	342	22
2192	340	341	28
2193	340	341	80
2194	340	345	55
2195	340	358	69
2196	340	342	82
2197	341	356	10
2198	341	342	64
2199	341	343	52
2200	341	349	74
2201	341	347	66
2202	341	342	79
2203	341	346	27
2204	341	342	100
2205	341	345	96
2206	342	346	82
2207	342	345	22
2208	342	343	23
2209	342	343	12
2210	342	344	86
2211	343	346	87
2212	343	344	40
2213	343	352	88
2214	343	350	67
2215	343	344	61
2216	344	353	19
2217	344	347	68
2218	344	349	99
2219	344	345	95
2220	344	346	83
2221	344	354	20
2222	344	359	86
2223	344	347	17
2224	344	346	33
2225	345	355	95
2226	345	348	10
2227	345	346	97
2228	345	347	22
2229	345	351	76
2230	345	346	58
2231	345	347	67
2232	346	348	74
2233	346	352	59
2234	346	350	33
2235	346	349	67
2236	346	347	24
2237	346	347	20
2238	346	348	64
2239	346	347	92
2240	346	351	12
2241	347	348	91
2242	347	353	69
2243	347	353	74
2244	347	349	32
2245	347	354	100
2246	347	356	20
2247	347	348	26
2248	347	349	97
2249	348	349	60
2250	348	353	78
2251	348	350	41
2252	348	350	74
2253	348	349	76
2254	348	349	49
2255	349	363	68
2256	349	350	54
2257	349	350	77
2258	349	362	60
2259	349	358	90
2260	349	351	76
2261	349	353	23
2262	349	350	64
2263	349	360	100
2264	350	356	22
2265	350	351	97
2266	350	351	73
2267	350	351	81
2268	350	359	24
2269	350	355	43
2270	350	365	15
2271	350	352	76
2272	351	355	72
2273	351	352	49
2274	351	353	59
2275	351	353	75
2276	351	357	99
2277	351	358	18
2278	351	353	30
2279	352	354	96
2280	352	359	22
2281	352	358	56
2282	352	357	89
2283	353	354	66
2284	353	356	70
2285	353	356	38
2286	353	355	61
2287	353	357	66
2288	353	354	95
2289	353	357	32
2290	353	354	13
2291	354	372	67
2292	354	360	83
2293	354	357	77
2294	354	363	64
2295	354	363	45
2296	354	358	89
2297	355	356	98
2298	355	364	24
2299	355	357	98
2300	355	360	58
2301	356	357	46
2302	356	357	12
2303	356	359	42
2304	356	358	95
2305	356	360	68
2306	356	359	64
2307	357	361	31
2308	357	359	98
2309	357	358	62
2310	357	358	64
2311	357	360	66
2312	357	358	67
2313	357	361	56
2314	357	359	67
2315	358	368	20
2316	358	361	29
2317	358	365	46
2318	358	360	99
2319	358	362	89
2320	358	372	58
2321	358	361	46
2322	358	363	86
2323	358	359	52
2324	359	365	85
2325	359	361	14
2326	359	365	20
2327	359	360	55
2328	359	361	79
2329	359	366	57
2330	359	363	72
2331	359	360	53
2332	360	361	61
2333	360	371	61
2334	360	361	15
2335	360	364	68
2336	360	362	73
2337	360	376	63
2338	360	369	89
2339	360	365	50
2340	361	362	73
2341	361	365	13
2342	361	377	71
2343	361	363	99
2344	361	370	19
2345	361	366	60
2346	361	367	99
2347	361	362	94
2348	362	366	63
2349	362	368	43
2350	362	370	35
2351	362	368	19
2352	362	364	96
2353	363	365	36
2354	363	364	97
2355	363	375	65
2356	363	370	29
2357	363	370	69
2358	363	364	88
2359	364	372	28
2360	364	367	71
2361	364	367	65
2362	364	366	52
2363	364	365	57
2364	365	367	65
2365	365	367	53
2366	365	366	75
2367	365	369	31
2368	365	367	89
2369	365	367	25
2370	365	371	69
2371	365	373	72
2372	366	382	49
2373	366	378	14
2374	366	368	41
2375	366	368	82
2376	366	373	69
2377	367	369	77
2378	367	372	31
2379	367	371	48
2380	367	377	24
2381	367	373	87
2382	367	370	14
2383	367	375	16
2384	368	371	35
2385	368	371	87
2386	368	369	63
2387	368	381	47
2388	368	380	41
2389	369	370	94
2390	369	372	41
2391	369	372	36
2392	369	377	58
2393	370	384	35
2394	370	373	73
2395	370	371	44
2396	370	371	20
2397	370	372	71
2398	370	375	81
2399	371	382	10
2400	371	378	37
2401	371	372	52
2402	371	373	99
2403	371	373	23
2404	371	382	61
2405	371	386	11
2406	372	373	15
2407	372	374	78
2408	372	374	14
2409	372	376	98
2410	372	377	49
2411	372	377	99
2412	372	374	54
2413	372	374	40
2414	373	378	99
2415	373	374	63
2416	373	376	37
2417	373	378	24
2418	373	375	92
2419	373	378	19
2420	373	376	67
2421	374	375	49
2422	374	390	26
2423	374	376	45
2424	374	377	29
2425	374	375	58
2426	375	376	55
2427	375	378	35
2428	375	380	58
2429	375	387	63
2430	375	377	82
2431	375	381	65
2432	376	398	98
2433	376	379	53
2434	376	378	97
2435	376	386	23
2436	376	388	58
2437	376	377	50
2438	377	381	59
2439	377	387	64
2440	377	389	33
2441	377	379	41
2442	377	384	83
2443	377	379	70
2444	377	384	81
2445	377	378	39
2446	378	381	69
2447	378	384	38
2448	378	380	12
2449	378	380	32
2450	378	380	96
2451	378	379	95
2452	378	388	42
2453	378	391	76
2454	379	383	29
2455	379	386	34
2456	379	380	69
2457	379	383	56
2458	380	397	90
2459	380	383	56
2460	380	381	24
2461	380	386	77
2462	380	383	42
2463	380	383	92
2464	381	385	67
2465	381	385	34
2466	381	390	84
2467	381	382	93
2468	381	390	76
2469	382	393	99
2470	382	400	55
2471	382	387	37
2472	382	383	16
2473	383	390	78
2474	383	390	45
2475	383	384	81
2476	383	400	59
2477	383	386	47
2478	383	387	87
2479	384	385	22
2480	384	385	30
2481	384	386	11
2482	384	389	96
2483	384	386	30
2484	385	393	12
2485	385	389	38
2486	385	386	92
2487	385	389	86
2488	386	390	67
2489	386	396	12
2490	386	391	29
2491	386	390	51
2492	386	388	46
2493	386	399	78
2494	386	393	33
2495	386	389	67
2496	387	400	41
2497	387	392	85
2498	387	396	78
2499	387	391	78
2500	388	391	48
2501	388	389	15
2502	388	389	44
2503	389	390	50
2504	389	394	52
2505	389	393	45
2506	389	395	46
2507	389	392	71
2508	389	391	19
2509	389	398	95
2510	390	391	16
2511	390	391	76
2512	390	391	83
2513	390	394	64
2514	390	395	97
2515	390	392	31
2516	390	391	12
2517	390	393	73
2518	391	392	10
2519	391	392	80
2520	391	403	24
2521	391	396	30
2522	391	397	51
2523	391	402	24
2524	391	392	70
2525	391	393	16
2526	391	395	12
2527	392	396	61
2528	392	395	81
2529	392	394	23
2530	392	400	75
2531	392	396	89
2532	392	399	27
2533	393	399	24
2534	393	394	16
2535	393	394	83
2536	393	395	45
2537	393	395	23
2538	393	400	99
2539	394	395	67
2540	394	407	99
2541	394	407	69
2542	394	406	10
2543	394	395	91
2544	395	397	76
2545	395	407	98
2546	395	398	30
2547	395	399	18
2548	395	396	71
2549	395	402	54
2550	395	397	14
2551	395	402	90
2552	396	397	13
2553	396	399	17
2554	396	401	88
2555	396	398	17
2556	396	397	43
2557	396	403	28
2558	397	399	36
2559	397	399	51
2560	397	403	11
2561	397	401	38
2562	397	399	100
2563	397	402	63
2564	398	410	44
2565	398	411	89
2566	398	399	96
2567	398	400	30
2568	399	407	62
2569	399	404	23
2570	399	400	32
2571	399	401	84
2572	399	400	42
2573	399	401	84
2574	399	400	38
2575	399	402	46
2576	399	405	77
2577	400	402	17
2578	400	406	80
2579	400	402	31
2580	400	407	49
2581	400	412	13
2582	400	402	82
2583	400	409	87
2584	400	401	33
2585	400	407	70
2586	401	402	53
2587	401	403	48
2588	401	408	83
2589	401	403	74
2590	401	409	84
2591	402	405	16
2592	402	405	91
2593	402	403	29
2594	402	404	67
2595	402	408	29
2596	402	412	36
2597	402	411	71
2598	402	405	91
2599	402	404	54
2600	403	406	97
2601	403	407	34
2602	403	409	33
2603	403	404	59
2604	403	407	75
2605	403	405	27
2606	404	411	66
2607	404	407	13
2608	404	408	96
2609	404	411	11
2610	405	408	88
2611	405	408	82
2612	405	406	67
2613	405	406	94
2614	405	410	81
2615	406	408	55
2616	406	411	67
2617	406	409	89
2618	406	410	54
2619	406	408	48
2620	407	417	55
2621	407	415	100
2622	407	411	17
2623	407	409	23
2624	407	409	37
2625	407	416	11
2626	407	409	93
2627	407	417	89
2628	407	409	44
2629	408	410	17
2630	408	411	42
2631	408	410	34
2632	408	415	58
2633	408	411	66
2634	408	414	38
2635	408	409	22
2636	409	419	58
2637	409	411	20
2638	409	410	61
2639	409	416	61
2640	409	412	12
2641	409	419	90
2642	409	410	58
2643	409	413	30
2644	409	417	77
2645	410	413	74
2646	410	413	73
2647	410	422	62
2648	410	416	16
2649	410	414	86
2650	410	417	19
2651	410	421	41
2652	411	421	78
2653	411	417	73
2654	411	412	86
2655	411	414	60
2656	411	422	25
2657	411	419	66
2658	411	418	83
2659	411	421	97
2660	411	414	20
2661	412	417	62
2662	412	417	22
2663	412	419	41
2664	412	413	15
2665	413	414	26
2666	413	429	52
2667	413	414	75
2668	413	417	19
2669	414	418	24
2670	414	437	89
2671	414	415	74
2672	414	415	11
2673	414	418	55
2674	414	422	12
2675	415	422	59
2676	415	423	17
2677	415	416	88
2678	415	416	31
2679	416	417	85
2680	416	419	52
2681	416	420	54
2682	416	419	39
2683	416	418	49
2684	417	420	99
2685	417	424	39
2686	417	419	76
2687	417	421	88
2688	417	432	38
2689	417	422	12
2690	417	422	62
2691	417	418	73
2692	417	419	71
2693	418	419	78
2694	418	423	81
2695	418	425	60
2696	418	421	58
2697	418	423	99
2698	419	426	85
2699	419	422	76
2700	419	420	90
2701	419	420	96
2702	419	420	11
2703	419	420	29
2704	419	421	75
2705	419	423	16
2706	419	421	44
2707	420	431	29
2708	420	426	12
2709	420	425	94
2710	420	422	91
2711	420	421	20
2712	420	421	75
2713	421	432	95
2714	421	423	43
2715	421	422	12
2716	421	427	62
2717	421	429	33
2718	421	426	41
2719	421	425	11
2720	421	433	60
2721	421	425	45
2722	422	431	43
2723	422	423	38
2724	422	428	67
2725	422	429	17
2726	422	425	93
2727	422	424	57
2728	422	423	84
2729	422	429	100
2730	422	423	60
2731	423	433	34
2732	423	426	19
2733	423	435	81
2734	423	425	74
2735	423	427	97
2736	423	424	20
2737	423	424	47
2738	423	437	79
2739	424	427	43
2740	424	426	100
2741	424	427	46
2742	424	425	54
2743	425	426	22
2744	425	427	76
2745	425	434	19
2746	425	429	40
2747	425	430	44
2748	425	428	89
2749	425	429	25
2750	426	427	40
2751	426	429	78
2752	426	430	99
2753	426	430	65
2754	426	427	28
2755	426	434	19
2756	427	428	32
2757	427	432	17
2758	427	432	32
2759	427	438	31
2760	427	429	75
2761	427	432	39
2762	427	428	87
2763	428	431	73
2764	428	434	46
2765	428	429	43
2766	428	430	64
2767	429	431	61
2768	429	430	11
2769	429	438	77
2770	429	436	44
2771	429	430	48
2772	429	436	51
2773	429	436	76
2774	429	431	55
2775	429	430	64
2776	430	432	39
2777	430	433	20
2778	430	435	56
2779	430	431	78
2780	430	439	50
2781	430	433	57
2782	430	434	35
2783	431	432	79
2784	431	435	41
2785	431	433	79
2786	431	434	45
2787	431	432	44
2788	431	436	11
2789	432	435	31
2790	432	446	46
2791	432	434	32
2792	432	435	26
2793	432	440	97
2794	432	433	88
2795	432	433	30
2796	432	444	99
2797	433	438	18
2798	433	437	45
2799	433	434	90
2800	433	449	37
2801	433	440	96
2802	433	436	37
2803	433	435	50
2804	434	435	75
2805	434	435	64
2806	434	436	68
2807	434	440	45
2808	434	443	45
2809	434	441	83
2810	434	435	85
2811	435	438	36
2812	435	436	50
2813	435	439	84
2814	435	440	100
2815	435	438	90
2816	435	443	59
2817	435	437	79
2818	435	446	87
2819	435	437	43
2820	436	438	43
2821	436	439	22
2822	436	437	11
2823	436	438	44
2824	436	443	28
2825	436	437	84
2826	436	447	65
2827	437	438	33
2828	437	445	40
2829	437	439	62
2830	437	439	61
2831	437	442	73
2832	437	440	96
2833	437	440	16
2834	438	446	77
2835	438	439	88
2836	438	440	19
2837	438	439	42
2838	438	439	63
2839	438	441	19
2840	438	444	93
2841	438	441	44
2842	439	440	56
2843	439	446	51
2844	439	440	41
2845	439	451	58
2846	439	444	91
2847	439	444	82
2848	439	444	63
2849	439	445	79
2850	440	443	92
2851	440	441	34
2852	440	443	57
2853	440	444	33
2854	440	452	74
2855	440	444	57
2856	440	442	59
2857	440	444	16
2858	440	454	40
2859	441	452	87
2860	441	445	77
2861	441	442	30
2862	441	446	93
2863	442	444	74
2864	442	445	79
2865	442	457	19
2866	443	448	72
2867	443	455	91
2868	443	445	25
2869	443	450	71
2870	443	445	89
2871	444	447	77
2872	444	452	83
2873	444	445	80
2874	444	448	82
2875	444	456	44
2876	444	453	71
2877	444	445	32
2878	444	449	82
2879	444	448	47
2880	445	455	27
2881	445	456	70
2882	445	448	70
2883	445	453	55
2884	445	446	11
2885	445	447	12
2886	445	447	19
2887	445	447	38
2888	446	451	19
2889	446	448	68
2890	446	447	16
2891	446	447	48
2892	446	454	70
2893	446	449	68
2894	447	448	12
2895	447	458	79
2896	447	448	76
2897	447	451	24
2898	447	450	50
2899	447	450	84
2900	447	448	22
2901	448	451	94
2902	448	449	34
2903	448	456	90
2904	448	454	82
2905	448	450	10
2906	448	454	70
2907	448	478	48
2908	448	449	66
2909	449	451	56
2910	449	452	37
2911	449	457	40
2912	449	467	44
2913	449	457	59
2914	450	453	32
2915	450	451	26
2916	450	451	22
2917	450	451	19
2918	451	472	85
2919	451	452	53
2920	451	452	77
2921	451	452	57
2922	451	460	22
2923	451	452	26
2924	451	453	57
2925	451	457	38
2926	452	455	63
2927	452	453	63
2928	452	454	67
2929	452	455	30
2930	452	459	25
2931	452	458	85
2932	452	455	62
2933	452	459	72
2934	453	454	37
2935	453	454	41
2936	453	456	96
2937	453	460	100
2938	453	454	43
2939	454	468	76
2940	454	456	75
2941	454	455	77
2942	454	463	13
2943	454	455	46
2944	454	455	13
2945	454	457	54
2946	454	455	73
2947	455	457	67
2948	455	456	41
2949	455	458	100
2950	455	458	65
2951	455	459	95
2952	455	460	59
2953	455	456	75
2954	455	456	60
2955	455	456	44
2956	456	463	70
2957	456	465	72
2958	456	457	25
2959	456	465	93
2960	456	457	45
2961	456	459	24
2962	456	457	83
2963	456	461	37
2964	456	459	75
2965	457	458	54
2966	457	461	76
2967	457	471	91
2968	457	459	100
2969	457	458	98
2970	457	460	13
2971	457	462	71
2972	457	459	33
2973	457	461	55
2974	458	472	65
2975	458	459	44
2976	458	461	95
2977	458	468	37
2978	458	480	45
2979	458	459	22
2980	459	466	13
2981	459	463	17
2982	459	468	15
2983	459	460	44
2984	459	462	25
2985	459	473	44
2986	459	463	54
2987	459	469	39
2988	459	461	56
2989	460	474	46
2990	460	475	45
2991	460	461	54
2992	460	463	96
2993	460	470	29
2994	461	467	66
2995	461	469	51
2996	461	463	13
2997	461	465	85
2998	461	462	19
2999	461	466	42
3000	462	473	93
3001	462	468	78
3002	462	464	80
3003	463	474	53
3004	463	465	79
3005	463	468	35
3006	463	465	75
3007	463	464	18
3008	463	464	14
3009	464	465	31
3010	464	474	25
3011	464	473	95
3012	465	466	67
3013	465	467	16
3014	465	466	83
3015	465	468	53
3016	465	470	67
3017	465	470	44
3018	466	469	12
3019	466	478	41
3020	466	467	54
3021	466	468	93
3022	467	469	10
3023	467	471	23
3024	467	478	22
3025	467	470	25
3026	468	474	82
3027	468	476	50
3028	468	471	94
3029	468	469	33
3030	468	470	17
3031	468	479	45
3032	468	475	67
3033	469	479	53
3034	469	478	73
3035	469	470	47
3036	469	476	48
3037	469	470	67
3038	470	476	91
3039	470	472	23
3040	470	473	37
3041	470	474	19
3042	470	471	51
3043	470	473	32
3044	470	476	43
3045	471	472	31
3046	471	473	45
3047	471	477	27
3048	471	476	81
3049	472	473	86
3050	472	474	49
3051	472	474	53
3052	472	473	87
3053	473	474	82
3054	473	479	58
3055	473	476	71
3056	473	486	92
3057	473	478	34
3058	473	477	49
3059	473	479	72
3060	473	474	73
3061	474	475	24
3062	474	480	36
3063	474	475	85
3064	474	477	95
3065	474	485	21
3066	474	476	99
3067	474	478	74
3068	474	481	88
3069	474	479	15
3070	475	476	95
3071	475	485	60
3072	475	481	56
3073	475	478	17
3074	476	480	32
3075	476	484	52
3076	476	477	87
3077	476	478	36
3078	476	483	66
3079	476	477	18
3080	476	477	56
3081	476	481	67
3082	477	480	75
3083	477	478	32
3084	477	483	13
3085	477	479	46
3086	477	479	75
3087	477	481	79
3088	478	484	18
3089	478	480	43
3090	478	483	69
3091	478	479	49
3092	478	482	86
3093	478	481	34
3094	478	491	54
3095	478	480	50
3096	478	479	86
3097	479	484	71
3098	479	482	87
3099	479	480	69
3100	479	480	36
3101	479	495	21
3102	479	481	42
3103	479	481	83
3104	479	480	71
3105	479	488	23
3106	480	494	73
3107	480	494	82
3108	480	494	29
3109	480	483	73
3110	480	481	20
3111	480	497	15
3112	480	483	72
3113	480	489	99
3114	480	484	14
3115	481	488	78
3116	481	483	59
3117	481	491	52
3118	481	482	19
3119	481	493	28
3120	481	484	60
3121	481	482	60
3122	481	484	64
3123	482	483	92
3124	482	484	77
3125	482	483	92
3126	482	494	21
3127	483	490	12
3128	483	491	20
3129	483	485	28
3130	483	492	38
3131	483	486	59
3132	483	485	20
3133	483	484	30
3134	483	486	90
3135	484	490	87
3136	484	492	58
3137	484	488	28
3138	484	488	90
3139	484	488	53
3140	484	487	17
3141	484	489	99
3142	484	493	39
3143	485	486	87
3144	485	486	36
3145	485	487	69
3146	485	487	72
3147	486	501	42
3148	486	491	69
3149	486	492	41
3150	486	490	39
3151	486	487	78
3152	487	489	36
3153	487	494	87
3154	487	495	47
3155	487	496	44
3156	488	489	65
3157	488	503	71
3158	488	490	98
3159	488	492	27
3160	488	489	75
3161	489	490	70
3162	489	490	61
3163	489	492	72
3164	489	491	85
3165	489	491	94
3166	490	491	19
3167	490	494	41
3168	490	493	18
3169	490	496	47
3170	490	504	15
3171	490	494	75
3172	491	492	77
3173	491	492	64
3174	491	503	22
3175	491	494	24
3176	491	493	26
3177	491	498	90
3178	491	492	67
3179	492	496	33
3180	492	493	79
3181	492	496	65
3182	492	500	27
3183	492	498	29
3184	492	502	25
3185	492	501	24
3186	492	493	32
3187	493	500	14
3188	493	495	22
3189	493	496	10
3190	493	501	60
3191	493	502	93
3192	493	504	63
3193	494	495	24
3194	494	501	75
3195	494	499	27
3196	494	495	79
3197	494	495	85
3198	494	496	77
3199	494	495	30
3200	494	511	25
3201	495	506	72
3202	495	498	38
3203	495	499	94
3204	495	498	69
3205	495	498	25
3206	495	504	19
3207	495	508	84
3208	496	501	26
3209	496	501	66
3210	496	497	100
3211	496	498	83
3212	496	499	39
3213	496	497	73
3214	497	499	27
3215	497	503	42
3216	497	505	12
3217	498	506	72
3218	498	500	30
3219	498	499	36
3220	498	506	56
3221	498	505	64
3222	498	501	75
3223	499	502	82
3224	499	500	54
3225	499	505	67
3226	499	503	100
3227	499	504	49
3228	500	509	37
3229	500	501	43
3230	500	503	37
3231	500	501	99
3232	501	508	72
3233	501	503	18
3234	501	509	90
3235	501	503	37
3236	501	503	13
3237	501	512	16
3238	501	505	78
3239	501	502	66
3240	501	506	30
3241	502	508	77
3242	502	509	17
3243	502	504	20
3244	502	505	77
3245	503	507	35
3246	503	511	10
3247	503	507	90
3248	503	507	75
3249	503	513	32
3250	503	505	56
3251	503	504	39
3252	503	515	16
3253	504	512	80
3254	504	508	86
3255	504	505	69
3256	504	515	44
3257	504	510	17
3258	504	507	43
3259	505	507	77
3260	505	507	89
3261	505	509	16
3262	505	511	49
3263	505	510	69
3264	505	507	66
3265	505	508	66
3266	506	513	71
3267	506	509	17
3268	506	509	54
3269	506	510	10
3270	507	510	90
3271	507	509	39
3272	507	508	29
3273	507	510	58
3274	507	514	95
3275	507	509	65
3276	507	514	37
3277	508	515	81
3278	508	515	30
3279	508	510	60
3280	508	512	32
3281	508	510	98
3282	508	514	31
3283	509	514	53
3284	509	511	49
3285	509	520	25
3286	509	511	86
3287	509	510	32
3288	509	525	26
3289	509	523	60
3290	509	519	25
3291	510	518	28
3292	510	511	81
3293	510	515	53
3294	510	520	99
3295	510	511	91
3296	510	511	76
3297	510	512	41
3298	510	515	20
3299	511	520	61
3300	511	517	40
3301	511	516	32
3302	511	512	13
3303	511	514	66
3304	511	516	10
3305	511	515	75
3306	511	517	73
3307	512	517	47
3308	512	517	53
3309	512	514	73
3310	512	513	59
3311	512	521	34
3312	513	516	45
3313	513	516	94
3314	513	516	60
3315	514	521	92
3316	514	527	80
3317	514	516	34
3318	514	515	17
3319	514	516	45
3320	514	527	72
3321	515	516	15
3322	515	522	53
3323	515	518	31
3324	515	518	59
3325	515	518	11
3326	515	517	39
3327	515	522	51
3328	515	516	92
3329	516	517	26
3330	516	517	20
3331	516	517	99
3332	516	517	85
3333	516	526	56
3334	516	522	87
3335	516	521	33
3336	516	518	55
3337	516	522	61
3338	517	519	63
3339	517	519	96
3340	517	518	61
3341	517	524	60
3342	517	535	66
3343	517	520	64
3344	517	520	24
3345	517	526	98
3346	517	518	55
3347	518	520	88
3348	518	520	67
3349	518	519	57
3350	518	528	47
3351	518	521	87
3352	518	520	93
3353	518	519	66
3354	519	520	40
3355	519	522	10
3356	519	526	50
3357	519	524	37
3358	519	524	30
3359	520	522	13
3360	520	525	26
3361	520	522	35
3362	520	529	93
3363	520	521	74
3364	520	524	59
3365	520	521	26
3366	520	522	20
3367	520	527	21
3368	521	526	61
3369	521	531	91
3370	521	523	60
3371	521	523	42
3372	521	539	23
3373	521	524	92
3374	522	525	16
3375	522	532	49
3376	522	526	38
3377	522	523	35
3378	522	524	48
3379	522	524	77
3380	522	528	33
3381	522	525	64
3382	523	529	52
3383	523	524	35
3384	523	526	69
3385	523	524	33
3386	524	541	11
3387	524	525	87
3388	524	528	93
3389	524	534	88
3390	524	530	40
3391	524	525	59
3392	524	527	33
3393	524	525	59
3394	524	528	64
3395	525	537	83
3396	525	534	78
3397	525	530	94
3398	525	526	35
3399	525	526	88
3400	525	527	26
3401	525	527	83
3402	526	529	92
3403	526	532	97
3404	526	529	45
3405	526	533	29
3406	526	527	61
3407	526	528	58
3408	526	527	89
3409	526	534	81
3410	527	529	41
3411	527	545	84
3412	527	533	26
3413	527	532	80
3414	527	529	75
3415	527	530	64
3416	527	534	84
3417	527	528	11
3418	528	532	68
3419	528	531	13
3420	528	537	42
3421	528	530	23
3422	528	530	38
3423	528	534	71
3424	529	532	24
3425	529	531	14
3426	529	531	47
3427	529	532	78
3428	529	535	93
3429	529	537	16
3430	530	536	15
3431	530	535	43
3432	530	532	28
3433	530	541	44
3434	530	535	81
3435	531	541	98
3436	531	546	83
3437	531	535	14
3438	531	548	66
3439	532	535	73
3440	532	539	66
3441	532	533	53
3442	532	534	41
3443	532	546	29
3444	532	533	78
3445	532	535	84
3446	533	540	92
3447	533	537	52
3448	533	534	44
3449	533	534	81
3450	534	553	37
3451	534	535	82
3452	534	537	26
3453	534	538	71
3454	534	536	76
3455	534	537	31
3456	534	537	81
3457	534	535	74
3458	535	538	50
3459	535	536	72
3460	535	538	47
3461	535	540	35
3462	535	537	18
3463	535	545	36
3464	535	540	51
3465	535	536	57
3466	535	536	29
3467	536	538	76
3468	536	545	86
3469	536	538	93
3470	536	537	16
3471	536	542	57
3472	537	540	58
3473	537	538	53
3474	537	547	67
3475	537	540	27
3476	537	542	32
3477	537	538	17
3478	537	539	73
3479	537	543	69
3480	537	539	18
3481	538	540	83
3482	538	540	21
3483	538	544	47
3484	538	547	72
3485	538	544	98
3486	538	542	34
3487	538	540	95
3488	539	541	89
3489	539	540	71
3490	539	545	86
3491	539	545	91
3492	540	542	67
3493	540	542	15
3494	540	547	17
3495	540	543	49
3496	540	543	97
3497	540	544	31
3498	540	546	49
3499	540	544	59
3500	540	542	75
3501	541	545	39
3502	541	543	51
3503	541	543	98
3504	541	549	47
3505	542	543	72
3506	542	554	43
3507	542	548	23
3508	542	550	34
3509	542	546	24
3510	542	547	81
3511	543	545	96
3512	543	544	93
3513	543	550	91
3514	543	549	37
3515	543	551	19
3516	543	546	38
3517	544	547	61
3518	544	547	67
3519	544	546	56
3520	544	546	56
3521	544	547	95
3522	545	547	74
3523	545	548	74
3524	545	547	92
3525	545	555	83
3526	545	548	61
3527	545	548	65
3528	545	551	50
3529	546	551	75
3530	546	556	61
3531	546	549	53
3532	546	563	100
3533	546	553	81
3534	546	548	39
3535	546	552	75
3536	547	551	24
3537	547	561	23
3538	547	548	64
3539	547	550	41
3540	547	551	100
3541	547	548	61
3542	547	548	64
3543	547	549	23
3544	547	553	80
3545	548	557	19
3546	548	549	87
3547	548	557	23
3548	548	557	56
3549	548	557	100
3550	548	552	41
3551	548	550	85
3552	548	559	58
3553	548	552	46
3554	549	556	26
3555	549	556	32
3556	549	553	77
3557	549	565	27
3558	549	552	33
3559	550	557	59
3560	550	554	87
3561	550	552	78
3562	550	554	78
3563	551	555	10
3564	551	555	90
3565	551	556	81
3566	551	562	54
3567	551	563	62
3568	552	554	85
3569	552	557	94
3570	552	555	61
3571	552	560	94
3572	552	557	96
3573	553	562	76
3574	553	562	11
3575	553	555	97
3576	553	564	59
3577	554	556	55
3578	554	555	23
3579	554	562	96
3580	554	558	60
3581	555	558	79
3582	555	561	13
3583	555	557	65
3584	555	557	78
3585	555	560	23
3586	555	559	50
3587	556	558	93
3588	556	558	45
3589	556	558	67
3590	556	561	82
3591	556	559	98
3592	557	560	26
3593	557	558	52
3594	557	562	19
3595	557	568	29
3596	557	558	94
3597	557	563	87
3598	557	561	48
3599	557	558	27
3600	557	561	14
3601	558	562	98
3602	558	563	53
3603	558	560	31
3604	558	566	47
3605	558	560	34
3606	558	559	58
3607	558	567	32
3608	558	559	16
3609	559	560	15
3610	559	560	23
3611	559	562	58
3612	559	568	92
3613	559	561	41
3614	560	565	54
3615	560	561	61
3616	560	569	18
3617	560	563	40
3618	560	569	68
3619	560	563	10
3620	560	565	48
3621	561	574	64
3622	561	563	74
3623	561	564	73
3624	561	562	26
3625	561	568	93
3626	561	568	80
3627	561	564	60
3628	562	564	58
3629	562	571	61
3630	562	564	94
3631	562	564	53
3632	562	574	98
3633	562	563	43
3634	562	565	32
3635	562	567	62
3636	563	576	91
3637	563	564	71
3638	563	565	89
3639	563	564	69
3640	563	564	38
3641	563	571	88
3642	563	565	10
3643	563	571	44
3644	564	565	10
3645	564	567	31
3646	564	565	30
3647	564	568	64
3648	564	569	50
3649	564	565	72
3650	564	578	90
3651	564	570	62
3652	564	566	11
3653	565	577	81
3654	565	567	82
3655	565	566	51
3656	565	577	80
3657	565	569	13
3658	565	568	98
3659	565	568	29
3660	565	571	99
3661	565	572	42
3662	566	568	60
3663	566	570	19
3664	566	576	39
3665	567	571	21
3666	567	577	23
3667	567	568	22
3668	567	572	78
3669	568	569	47
3670	568	570	64
3671	568	577	95
3672	568	573	19
3673	568	581	88
3674	568	569	97
3675	568	593	63
3676	568	579	22
3677	568	570	16
3678	569	580	88
3679	569	570	39
3680	569	589	77
3681	569	570	51
3682	569	570	37
3683	569	570	19
3684	570	573	70
3685	570	571	55
3686	570	574	64
3687	570	583	12
3688	570	585	92
3689	570	576	91
3690	570	571	78
3691	570	572	46
3692	571	582	70
3693	571	572	82
3694	571	573	12
3695	571	573	87
3696	571	576	98
3697	571	574	25
3698	571	574	43
3699	572	574	21
3700	572	576	40
3701	572	573	13
3702	572	576	42
3703	573	581	10
3704	573	578	39
3705	573	574	16
3706	573	576	18
3707	573	574	61
3708	574	575	83
3709	574	583	26
3710	574	577	28
3711	574	575	59
3712	574	575	81
3713	574	577	68
3714	574	576	17
3715	574	575	84
3716	575	579	82
3717	575	576	48
3718	575	578	78
3719	575	579	35
3720	576	580	51
3721	576	582	57
3722	576	578	30
3723	576	578	49
3724	576	595	14
3725	576	577	40
3726	576	586	85
3727	576	580	55
3728	576	581	94
3729	577	595	66
3730	577	584	12
3731	577	582	99
3732	577	581	18
3733	577	580	20
3734	577	580	92
3735	577	578	58
3736	578	580	92
3737	578	580	57
3738	578	579	58
3739	578	579	56
3740	578	591	33
3741	578	580	37
3742	579	583	70
3743	579	586	23
3744	579	585	57
3745	579	582	22
3746	579	580	35
3747	580	584	93
3748	580	583	75
3749	580	588	95
3750	580	585	14
3751	580	581	82
3752	580	590	37
3753	580	595	90
3754	580	581	60
3755	580	586	59
3756	581	594	59
3757	581	591	57
3758	581	582	76
3759	581	583	86
3760	581	585	14
3761	581	590	50
3762	582	584	26
3763	582	587	94
3764	582	583	43
3765	582	588	14
3766	582	584	79
3767	583	587	33
3768	583	587	75
3769	583	589	37
3770	583	589	44
3771	583	592	67
3772	583	585	15
3773	584	585	86
3774	584	587	16
3775	584	586	72
3776	584	591	93
3777	585	590	11
3778	585	586	26
3779	585	586	68
3780	585	587	98
3781	585	592	69
3782	585	588	95
3783	586	588	49
3784	586	588	40
3785	586	587	10
3786	586	593	10
3787	586	588	15
3788	586	588	46
3789	587	601	100
3790	587	594	39
3791	587	588	67
3792	587	592	24
3793	587	590	65
3794	587	588	98
3795	588	589	14
3796	588	589	64
3797	588	591	50
3798	588	590	66
3799	588	589	11
3800	588	592	72
3801	588	593	35
3802	588	594	86
3803	588	589	39
3804	589	594	50
3805	589	591	33
3806	589	596	10
3807	589	593	21
3808	589	597	76
3809	589	592	34
3810	589	590	77
3811	590	591	44
3812	590	592	79
3813	590	595	14
3814	590	591	14
3815	590	598	98
3816	590	591	47
3817	591	594	89
3818	591	592	62
3819	591	595	27
3820	591	592	22
3821	591	600	15
3822	591	594	29
3823	591	599	64
3824	591	592	21
3825	592	593	34
3826	592	613	68
3827	592	600	86
3828	592	613	22
3829	592	593	76
3830	592	596	10
3831	592	601	60
3832	592	598	64
3833	592	603	60
3834	593	595	18
3835	593	602	73
3836	593	594	85
3837	593	594	23
3838	593	594	19
3839	593	602	18
3840	594	606	96
3841	594	599	99
3842	594	596	31
3843	594	597	34
3844	594	599	58
3845	594	598	75
3846	594	608	27
3847	594	600	24
3848	594	595	58
3849	595	628	62
3850	595	599	51
3851	595	598	27
3852	595	599	19
3853	595	611	46
3854	595	596	23
3855	595	604	61
3856	596	597	97
3857	596	603	35
3858	596	597	38
3859	596	598	52
3860	597	602	41
3861	597	599	57
3862	597	599	79
3863	597	600	68
3864	598	604	53
3865	598	604	23
3866	598	599	26
3867	598	614	29
3868	598	599	72
3869	599	608	99
3870	599	600	14
3871	599	610	45
3872	599	601	46
3873	599	600	22
3874	599	605	83
3875	599	607	72
3876	599	601	79
3877	599	602	14
3878	600	606	99
3879	600	602	81
3880	600	602	42
3881	600	615	12
3882	600	610	83
3883	600	602	51
3884	601	603	74
3885	601	607	49
3886	601	602	69
3887	601	606	34
3888	602	607	57
3889	602	606	84
3890	602	606	15
3891	602	618	32
3892	602	613	69
3893	602	605	38
3894	602	603	50
3895	602	604	99
3896	603	605	27
3897	603	604	17
3898	603	609	35
3899	603	610	95
3900	604	609	42
3901	604	610	41
3902	604	605	46
3903	604	607	85
3904	604	609	100
3905	605	614	75
3906	605	624	61
3907	605	611	81
3908	605	609	83
3909	606	609	60
3910	606	612	89
3911	606	614	65
3912	606	607	16
3913	606	611	47
3914	607	613	75
3915	607	608	14
3916	607	611	39
3917	607	608	71
3918	607	610	54
3919	608	609	44
3920	608	609	67
3921	608	609	75
3922	608	611	19
3923	609	620	40
3924	609	612	47
3925	609	610	61
3926	609	621	65
3927	609	613	43
3928	609	627	62
3929	609	618	38
3930	609	612	58
3931	610	614	38
3932	610	615	31
3933	610	612	65
3934	610	615	84
3935	610	612	28
3936	610	616	69
3937	611	617	83
3938	611	630	68
3939	611	624	96
3940	611	637	99
3941	611	613	91
3942	612	613	78
3943	612	617	39
3944	612	619	42
3945	612	613	59
3946	612	613	43
3947	613	621	42
3948	613	616	41
3949	613	614	73
3950	613	615	25
3951	613	618	87
3952	613	616	32
3953	613	616	25
3954	613	614	48
3955	613	623	15
3956	614	615	15
3957	614	620	79
3958	614	615	100
3959	614	615	64
3960	614	618	56
3961	614	615	92
3962	615	622	19
3963	615	620	54
3964	615	620	77
3965	615	617	51
3966	615	624	98
3967	615	621	22
3968	615	622	27
3969	615	617	38
3970	616	617	22
3971	616	621	39
3972	616	619	75
3973	616	621	54
3974	617	625	17
3975	617	623	79
3976	617	622	26
3977	617	623	64
3978	617	619	87
3979	618	620	76
3980	618	619	22
3981	618	619	95
3982	618	625	50
3983	619	635	36
3984	619	621	36
3985	619	621	12
3986	619	623	46
3987	619	620	71
3988	620	624	14
3989	620	632	58
3990	620	624	26
3991	620	622	50
3992	620	632	94
3993	620	622	94
3994	621	624	22
3995	621	631	75
3996	621	629	33
3997	621	622	42
3998	621	623	48
3999	621	639	57
4000	621	641	66
4001	622	627	45
4002	622	624	35
4003	622	628	35
4004	622	625	47
4005	622	627	83
4006	622	626	61
4007	623	627	67
4008	623	624	48
4009	623	624	54
4010	623	626	48
4011	623	626	26
4012	624	628	19
4013	624	628	99
4014	624	646	87
4015	624	631	62
4016	624	625	58
4017	624	626	49
4018	624	636	96
4019	624	626	54
4020	624	625	67
4021	625	636	43
4022	625	626	88
4023	625	626	68
4024	625	628	73
4025	625	627	35
4026	626	637	73
4027	626	636	41
4028	626	627	13
4029	626	632	74
4030	626	628	100
4031	626	629	17
4032	626	630	77
4033	627	632	95
4034	627	628	18
4035	627	628	16
4036	627	634	56
4037	627	634	51
4038	627	628	85
4039	628	633	88
4040	628	630	98
4041	628	632	39
4042	628	629	17
4043	628	635	32
4044	628	636	74
4045	628	638	49
4046	628	629	20
4047	628	631	44
4048	629	630	98
4049	629	630	50
4050	629	636	42
4051	629	631	80
4052	630	634	32
4053	630	631	76
4054	630	632	68
4055	630	633	96
4056	630	637	69
4057	631	632	10
4058	631	632	12
4059	631	633	59
4060	631	634	69
4061	631	635	25
4062	632	637	20
4063	632	637	64
4064	632	635	46
4065	632	633	96
4066	632	642	89
4067	632	633	89
4068	632	634	38
4069	632	633	93
4070	633	634	55
4071	633	638	98
4072	633	635	72
4073	633	635	15
4074	633	641	18
4075	633	643	14
4076	634	636	25
4077	634	649	64
4078	634	635	89
4079	634	636	55
4080	634	639	45
4081	634	651	88
4082	635	636	81
4083	635	639	76
4084	635	640	40
4085	635	641	26
4086	635	636	22
4087	635	644	26
4088	635	642	88
4089	636	642	28
4090	636	638	28
4091	636	638	75
4092	636	643	49
4093	636	637	32
4094	636	649	63
4095	636	642	84
4096	636	639	62
4097	636	637	64
4098	637	640	62
4099	637	638	13
4100	637	643	33
4101	637	639	73
4102	637	650	37
4103	637	643	98
4104	637	642	53
4105	638	640	69
4106	638	641	61
4107	638	640	84
4108	638	642	20
4109	638	642	19
4110	639	641	72
4111	639	642	74
4112	639	648	82
4113	639	640	91
4114	639	648	26
4115	640	646	68
4116	640	647	33
4117	640	643	27
4118	640	647	19
4119	640	645	11
4120	641	643	14
4121	641	646	84
4122	641	643	50
4123	641	644	99
4124	641	645	79
4125	642	647	44
4126	642	644	94
4127	642	650	56
4128	642	646	29
4129	642	651	80
4130	642	647	54
4131	642	658	78
4132	642	643	77
4133	643	646	42
4134	643	653	87
4135	643	646	46
4136	643	646	35
4137	643	645	32
4138	643	646	59
4139	643	651	97
4140	643	648	72
4141	644	649	48
4142	644	649	34
4143	644	653	82
4144	645	648	13
4145	645	652	59
4146	645	646	90
4147	646	657	84
4148	646	647	42
4149	646	650	41
4150	646	647	18
4151	646	653	35
4152	646	650	28
4153	646	648	87
4154	646	647	79
4155	646	651	76
4156	647	648	17
4157	647	657	18
4158	647	654	94
4159	647	652	47
4160	647	652	11
4161	647	648	60
4162	647	648	76
4163	648	652	42
4164	648	649	20
4165	648	652	40
4166	648	651	72
4167	648	655	24
4168	648	651	100
4169	648	649	80
4170	648	652	32
4171	649	660	67
4172	649	658	56
4173	649	652	25
4174	649	661	34
4175	649	654	57
4176	649	650	97
4177	650	657	76
4178	650	656	95
4179	650	653	47
4180	650	653	16
4181	650	652	16
4182	651	655	70
4183	651	653	83
4184	651	653	23
4185	651	654	41
4186	651	652	43
4187	651	664	23
4188	652	654	70
4189	652	653	94
4190	652	656	12
4191	652	658	37
4192	652	655	10
4193	652	655	94
4194	652	658	48
4195	652	653	20
4196	652	662	81
4197	653	655	33
4198	653	655	57
4199	653	654	15
4200	653	666	45
4201	653	659	37
4202	653	654	84
4203	653	658	13
4204	653	654	77
4205	653	654	85
4206	654	655	36
4207	654	655	65
4208	654	660	57
4209	654	655	52
4210	654	658	55
4211	654	658	86
4212	654	657	86
4213	654	659	98
4214	655	659	68
4215	655	668	25
4216	655	661	80
4217	655	656	46
4218	655	659	49
4219	655	657	52
4220	655	666	14
4221	655	661	46
4222	655	667	12
4223	656	668	11
4224	656	664	17
4225	656	657	91
4226	657	665	72
4227	657	663	36
4228	657	661	26
4229	657	658	54
4230	657	663	100
4231	657	659	78
4232	658	661	59
4233	658	661	80
4234	658	663	43
4235	658	679	65
4236	658	661	100
4237	658	660	78
4238	658	661	95
4239	658	666	83
4240	659	661	65
4241	659	672	89
4242	659	660	80
4243	659	665	34
4244	659	666	95
4245	660	662	54
4246	660	663	57
4247	660	664	46
4248	660	670	16
4249	661	664	89
4250	661	668	10
4251	661	667	15
4252	661	664	49
4253	661	667	13
4254	661	662	57
4255	661	666	31
4256	661	664	16
4257	661	662	49
4258	662	665	70
4259	662	672	16
4260	662	665	65
4261	662	680	70
4262	663	671	75
4263	663	664	13
4264	663	667	23
4265	663	665	32
4266	664	673	14
4267	664	668	61
4268	664	672	56
4269	664	671	73
4270	664	668	90
4271	664	668	10
4272	664	665	12
4273	665	668	93
4274	665	679	79
4275	665	668	10
4276	665	687	89
4277	665	666	20
4278	665	666	17
4279	666	672	12
4280	666	671	79
4281	666	674	87
4282	666	669	33
4283	666	668	23
4284	666	669	49
4285	666	669	43
4286	667	669	24
4287	667	673	81
4288	667	669	98
4289	667	670	74
4290	668	670	57
4291	668	672	82
4292	668	676	65
4293	668	672	30
4294	668	675	47
4295	668	674	76
4296	668	683	26
4297	668	669	77
4298	668	672	99
4299	669	670	15
4300	669	670	75
4301	669	671	10
4302	669	685	83
4303	669	670	81
4304	669	673	79
4305	670	692	61
4306	670	671	77
4307	670	671	39
4308	670	680	95
4309	670	682	54
4310	670	671	86
4311	671	673	86
4312	671	678	95
4313	671	674	44
4314	671	673	48
4315	671	676	93
4316	671	695	32
4317	671	677	86
4318	672	673	65
4319	672	674	42
4320	672	675	58
4321	672	678	58
4322	672	680	48
4323	672	673	76
4324	672	673	44
4325	673	680	74
4326	673	676	65
4327	673	680	52
4328	673	680	63
4329	673	675	39
4330	673	674	46
4331	673	678	53
4332	673	676	14
4333	674	680	40
4334	674	675	46
4335	674	677	21
4336	674	679	65
4337	674	676	90
4338	675	687	83
4339	675	676	48
4340	675	682	67
4341	675	681	18
4342	676	677	47
4343	676	682	84
4344	676	677	38
4345	676	679	52
4346	676	678	62
4347	676	678	80
4348	677	685	44
4349	677	684	15
4350	677	684	48
4351	677	679	81
4352	678	683	69
4353	678	679	17
4354	678	681	43
4355	678	680	22
4356	678	683	52
4357	679	681	77
4358	679	682	13
4359	679	684	25
4360	679	681	27
4361	679	680	87
4362	679	698	39
4363	680	689	17
4364	680	685	87
4365	680	687	14
4366	680	684	23
4367	680	683	66
4368	680	691	59
4369	680	686	92
4370	680	685	17
4371	680	682	71
4372	681	690	31
4373	681	686	36
4374	681	698	60
4375	681	686	52
4376	682	683	81
4377	682	684	14
4378	682	685	87
4379	682	683	93
4380	682	691	24
4381	683	690	52
4382	683	686	35
4383	683	685	86
4384	683	692	41
4385	683	684	40
4386	683	685	72
4387	684	692	28
4388	684	686	26
4389	684	685	73
4390	684	692	38
4391	684	686	57
4392	684	690	94
4393	685	687	60
4394	685	687	100
4395	685	687	15
4396	685	696	58
4397	685	686	73
4398	685	687	78
4399	685	690	15
4400	685	687	51
4401	686	695	67
4402	686	690	74
4403	686	693	29
4404	686	688	25
4405	686	691	86
4406	686	688	84
4407	686	691	73
4408	687	689	49
4409	687	688	31
4410	687	690	49
4411	687	689	60
4412	687	697	16
4413	687	688	63
4414	687	695	85
4415	687	689	33
4416	688	695	55
4417	688	691	27
4418	688	692	51
4419	688	692	42
4420	689	694	95
4421	689	693	19
4422	689	691	99
4423	689	692	44
4424	690	693	65
4425	690	693	35
4426	690	691	50
4427	690	693	80
4428	690	694	52
4429	690	691	93
4430	691	692	90
4431	691	695	36
4432	691	693	32
4433	691	698	99
4434	691	700	85
4435	691	692	51
4436	691	695	84
4437	691	697	11
4438	692	694	95
4439	692	694	34
4440	692	695	92
4441	692	693	99
4442	692	695	42
4443	692	695	17
4444	692	693	49
4445	692	702	97
4446	692	697	77
4447	693	697	76
4448	693	697	89
4449	693	700	92
4450	693	698	78
4451	693	694	72
4452	693	694	24
4453	693	700	55
4454	693	694	92
4455	694	696	41
4456	694	706	26
4457	694	696	19
4458	694	697	92
4459	694	696	40
4460	694	696	14
4461	694	702	18
4462	695	697	23
4463	695	704	13
4464	695	699	73
4465	695	704	23
4466	695	699	64
4467	695	696	60
4468	695	702	71
4469	695	703	63
4470	695	697	53
4471	696	706	84
4472	696	700	34
4473	696	697	42
4474	696	700	90
4475	696	700	73
4476	696	699	62
4477	697	702	18
4478	697	699	61
4479	697	707	26
4480	697	699	42
4481	697	706	29
4482	697	698	78
4483	697	703	59
4484	697	700	26
4485	697	703	48
4486	698	701	55
4487	698	701	33
4488	698	704	60
4489	698	704	12
4490	698	700	54
4491	699	704	26
4492	699	703	68
4493	699	702	87
4494	699	711	36
4495	699	700	21
4496	700	704	84
4497	700	702	99
4498	700	706	22
4499	700	701	79
4500	700	705	95
4501	700	712	84
4502	700	702	19
4503	700	705	36
4504	700	717	48
4505	701	702	48
4506	701	707	15
4507	701	706	64
4508	702	706	98
4509	702	707	59
4510	702	713	16
4511	702	705	28
4512	702	708	99
4513	702	703	42
4514	702	703	65
4515	702	704	28
4516	703	704	46
4517	703	709	49
4518	703	708	56
4519	703	707	92
4520	703	704	61
4521	703	706	14
4522	704	706	41
4523	704	708	56
4524	704	705	77
4525	704	705	62
4526	704	732	79
4527	704	705	28
4528	704	705	44
4529	704	713	67
4530	704	714	57
4531	705	710	45
4532	705	712	28
4533	705	713	44
4534	705	708	48
4535	705	708	48
4536	705	716	18
4537	705	706	100
4538	706	707	24
4539	706	710	20
4540	706	708	14
4541	706	709	75
4542	706	709	83
4543	706	709	74
4544	706	712	59
4545	706	713	31
4546	706	712	54
4547	707	708	93
4548	707	710	34
4549	707	710	95
4550	707	708	57
4551	707	709	22
4552	708	716	22
4553	708	710	35
4554	708	714	64
4555	708	709	62
4556	708	709	67
4557	708	710	90
4558	708	711	44
4559	708	710	12
4560	709	713	44
4561	709	719	15
4562	709	711	15
4563	709	716	82
4564	709	714	79
4565	709	712	76
4566	709	712	13
4567	710	711	81
4568	710	720	35
4569	710	714	36
4570	710	712	20
4571	710	717	56
4572	710	711	20
4573	710	716	33
4574	711	713	44
4575	711	712	45
4576	711	716	98
4577	711	712	94
4578	711	724	52
4579	712	714	96
4580	712	719	16
4581	712	716	57
4582	712	715	36
4583	712	718	60
4584	712	725	29
4585	712	714	71
4586	712	716	45
4587	712	722	71
4588	713	720	73
4589	713	715	33
4590	713	714	72
4591	713	720	52
4592	713	716	72
4593	713	716	32
4594	714	720	84
4595	714	723	19
4596	714	718	95
4597	714	715	50
4598	714	721	77
4599	714	718	46
4600	714	717	89
4601	715	719	31
4602	715	719	29
4603	715	729	12
4604	716	720	63
4605	716	717	62
4606	716	727	63
4607	716	724	17
4608	716	720	25
4609	716	721	41
4610	716	723	75
4611	716	724	69
4612	716	723	34
4613	717	718	71
4614	717	722	39
4615	717	719	100
4616	717	723	63
4617	718	734	27
4618	718	721	85
4619	718	722	98
4620	718	722	47
4621	719	722	22
4622	719	720	48
4623	719	722	37
4624	719	723	30
4625	719	720	30
4626	720	722	93
4627	720	721	62
4628	720	721	27
4629	720	722	90
4630	720	735	20
4631	720	723	93
4632	720	727	81
4633	720	721	88
4634	721	725	63
4635	721	722	10
4636	721	724	87
4637	721	738	31
4638	721	725	96
4639	721	724	52
4640	722	724	97
4641	722	724	68
4642	722	726	46
4643	722	736	21
4644	722	723	33
4645	722	726	92
4646	722	732	43
4647	722	723	32
4648	722	726	22
4649	723	732	90
4650	723	737	25
4651	723	724	88
4652	723	725	18
4653	723	726	27
4654	723	727	13
4655	723	729	23
4656	723	730	87
4657	724	725	100
4658	724	725	50
4659	724	727	65
4660	724	726	12
4661	724	731	83
4662	724	727	74
4663	724	725	16
4664	724	726	82
4665	725	728	25
4666	725	729	45
4667	725	726	65
4668	725	728	40
4669	725	726	76
4670	725	739	17
4671	725	730	35
4672	726	729	41
4673	726	729	75
4674	726	737	63
4675	726	731	74
4676	726	727	43
4677	726	729	81
4678	726	727	10
4679	726	734	99
4680	727	728	94
4681	727	734	88
4682	727	732	47
4683	727	744	63
4684	727	728	25
4685	727	732	87
4686	727	728	42
4687	728	730	95
4688	728	733	45
4689	728	732	69
4690	728	734	72
4691	728	734	36
4692	729	735	69
4693	729	732	55
4694	729	733	33
4695	729	734	76
4696	729	732	96
4697	729	731	28
4698	730	731	72
4699	730	731	27
4700	730	732	49
4701	731	733	73
4702	731	739	72
4703	731	737	45
4704	731	735	16
4705	731	735	69
4706	732	746	58
4707	732	742	70
4708	732	733	19
4709	732	733	83
4710	732	737	84
4711	732	733	16
4712	732	738	68
4713	732	735	11
4714	732	735	84
4715	733	739	42
4716	733	735	16
4717	733	734	64
4718	733	746	100
4719	733	734	46
4720	733	734	82
4721	734	735	21
4722	734	736	66
4723	734	736	20
4724	734	735	53
4725	734	736	65
4726	734	737	39
4727	734	740	57
4728	734	737	10
4729	734	736	98
4730	735	738	68
4731	735	737	99
4732	735	744	53
4733	735	736	52
4734	735	737	45
4735	735	742	59
4736	735	736	21
4737	735	736	50
4738	735	736	39
4739	736	741	33
4740	736	747	75
4741	736	743	45
4742	736	741	62
4743	736	745	41
4744	736	739	35
4745	736	742	44
4746	736	737	46
4747	736	742	49
4748	737	744	15
4749	737	739	15
4750	737	738	57
4751	737	739	26
4752	737	739	92
4753	737	739	50
4754	737	743	46
4755	737	742	24
4756	737	738	14
4757	738	740	65
4758	738	745	70
4759	738	743	37
4760	738	741	92
4761	738	740	56
4762	739	741	53
4763	739	740	26
4764	739	752	87
4765	739	741	72
4766	739	741	89
4767	739	743	56
4768	739	740	41
4769	739	741	24
4770	740	741	11
4771	740	744	79
4772	740	761	73
4773	740	742	26
4774	740	741	87
4775	741	749	40
4776	741	744	72
4777	741	746	10
4778	741	743	47
4779	741	743	18
4780	741	749	75
4781	741	747	65
4782	741	746	60
4783	741	756	19
4784	742	746	77
4785	742	746	70
4786	742	750	40
4787	742	747	76
4788	742	749	57
4789	742	750	17
4790	743	744	82
4791	743	751	83
4792	743	746	56
4793	743	752	76
4794	743	747	28
4795	743	746	26
4796	744	747	100
4797	744	751	79
4798	744	745	73
4799	744	749	95
4800	744	745	66
4801	744	745	73
4802	745	752	91
4803	745	748	57
4804	745	747	54
4805	745	746	65
4806	745	750	38
4807	746	749	15
4808	746	748	79
4809	746	747	93
4810	746	749	95
4811	746	751	73
4812	746	748	32
4813	746	749	90
4814	746	751	87
4815	746	748	11
4816	747	750	16
4817	747	749	86
4818	747	750	45
4819	747	753	19
4820	747	754	59
4821	747	757	43
4822	747	750	55
4823	748	751	82
4824	748	751	88
4825	748	750	79
4826	748	759	12
4827	749	755	25
4828	749	753	34
4829	749	750	40
4830	749	753	66
4831	749	768	81
4832	749	753	98
4833	749	750	22
4834	749	752	10
4835	750	758	66
4836	750	757	36
4837	750	753	32
4838	750	757	59
4839	750	753	13
4840	750	751	51
4841	750	751	18
4842	750	755	24
4843	750	751	50
