4793	100	0	0
0	1	2	23
1	1	7	40
2	1	5	22
3	1	2	29
4	1	2	68
5	1	13	20
6	1	12	83
7	1	2	75
8	1	2	90
9	1	18	72
10	1	10	12
11	1	10	85
12	1	18	24
13	1	12	82
14	1	4	25
15	1	6	56
16	1	4	28
17	1	7	81
18	1	4	27
19	1	3	36
20	1	4	38
21	1	7	28
22	1	6	85
23	1	2	34
24	1	6	60
25	1	2	57
26	1	7	37
27	1	4	49
28	1	13	89
29	1	5	69
30	2	6	31
31	2	3	74
32	2	9	86
33	2	10	67
34	2	3	77
35	2	6	15
36	2	4	22
37	3	17	30
38	3	5	80
39	3	4	73
40	4	5	43
41	4	8	84
42	4	6	98
43	4	7	51
44	4	7	31
45	4	9	90
46	4	17	74
47	5	19	37
48	5	8	47
49	5	8	64
50	5	7	60
51	6	10	48
52	6	11	28
53	6	7	62
54	6	7	63
55	6	13	62
56	6	8	70
57	7	18	58
58	7	10	23
59	7	8	72
60	7	15	67
61	7	11	99
62	7	17	83
63	7	8	74
64	7	8	25
65	7	9	86
66	8	14	100
67	8	10	43
68	8	12	99
69	8	9	88
70	8	10	65
71	8	16	41
72	8	14	21
73	9	10	85
74	9	22	12
75	9	10	41
76	9	18	69
77	10	17	65
78	10	12	78
79	10	11	84
80	10	14	94
81	10	14	54
82	10	21	59
83	10	11	27
84	10	13	52
85	10	12	88
86	11	12	45
87	11	13	97
88	11	14	49
89	11	13	99
90	12	19	47
91	12	15	14
92	12	28	28
93	12	18	84
94	12	20	38
95	12	20	56
96	13	26	67
97	13	16	19
98	13	16	92
99	13	22	58
100	13	19	52
101	13	21	77
102	14	17	76
103	14	20	58
104	14	34	81
105	14	15	86
106	14	20	13
107	15	17	31
108	15	19	53
109	15	21	78
110	16	18	40
111	16	39	18
112	16	18	49
113	17	21	60
114	17	22	17
115	17	25	18
116	17	19	38
117	17	18	81
118	17	30	65
119	18	19	49
120	18	19	55
121	18	24	21
122	18	20	99
123	18	26	92
124	18	20	78
125	18	20	88
126	18	21	19
127	19	23	10
128	19	28	92
129	19	22	81
130	19	20	31
131	19	23	10
132	19	22	50
133	19	20	74
134	20	28	42
135	20	29	37
136	20	37	12
137	20	32	17
138	20	23	79
139	20	24	41
140	20	22	77
141	20	25	95
142	20	30	99
143	21	22	12
144	21	22	61
145	21	27	100
146	21	22	90
147	21	25	66
148	22	24	76
149	22	24	21
150	22	24	60
151	22	26	94
152	22	24	36
153	22	25	11
154	22	45	83
155	22	24	97
156	22	26	39
157	23	27	86
158	23	28	66
159	23	24	19
160	24	25	47
161	24	33	88
162	24	30	82
163	24	33	36
164	24	26	21
165	24	29	38
166	24	25	92
167	24	27	58
168	25	27	43
169	25	27	77
170	25	31	98
171	25	29	40
172	25	43	70
173	25	26	79
174	26	40	11
175	26	27	53
176	26	27	70
177	26	29	23
178	26	38	96
179	26	27	11
180	27	34	94
181	27	31	50
182	27	37	56
183	27	38	44
184	27	29	52
185	27	30	98
186	27	28	55
187	27	32	50
188	28	37	10
189	28	34	37
190	28	31	22
191	28	29	80
192	28	36	86
193	29	30	80
194	29	33	51
195	29	37	85
196	29	30	68
197	29	36	37
198	29	34	71
199	30	31	33
200	30	35	39
201	30	31	10
202	30	44	71
203	30	45	49
204	30	31	20
205	31	33	21
206	31	40	63
207	31	48	66
208	31	35	58
209	31	32	14
210	31	32	91
211	32	35	12
212	32	36	92
213	32	46	58
214	32	36	88
215	33	35	84
216	33	37	65
217	33	34	26
218	33	36	17
219	34	39	88
220	34	37	94
221	34	43	24
222	34	35	100
223	34	43	95
224	35	37	80
225	35	51	54
226	35	38	94
227	35	46	12
228	35	37	94
229	36	39	45
230	36	42	93
231	36	37	42
232	36	44	57
233	36	43	29
234	37	44	67
235	37	41	36
236	37	44	47
237	37	40	66
238	37	39	28
239	37	40	29
240	37	39	71
241	37	40	97
242	37	58	68
243	38	40	82
244	38	40	80
245	38	39	20
246	39	42	84
247	39	48	16
248	39	46	37
249	39	47	87
250	39	42	42
251	39	46	67
252	40	50	11
253	40	49	12
254	40	41	59
255	40	41	70
256	40	42	76
257	40	46	43
258	40	41	32
259	41	51	48
260	41	47	19
261	41	42	33
262	41	52	11
263	42	43	78
264	42	48	65
265	42	44	43
266	42	58	64
267	42	47	29
268	43	50	55
269	43	44	99
270	43	50	29
271	43	46	32
272	43	47	68
273	44	46	17
274	44	50	17
275	44	48	17
276	44	53	65
277	44	45	82
278	44	52	88
279	45	48	27
280	45	47	22
281	45	46	24
282	46	54	100
283	46	47	42
284	46	48	61
285	46	49	53
286	46	47	97
287	46	53	88
288	46	50	42
289	46	51	61
290	47	53	14
291	47	48	41
292	47	48	36
293	47	63	73
294	47	48	39
295	47	68	59
296	47	49	15
297	48	52	85
298	48	58	49
299	48	51	80
300	48	52	48
301	48	52	90
302	48	50	76
303	48	49	79
304	48	52	13
305	48	58	70
306	49	55	96
307	49	52	21
308	49	56	43
309	49	54	38
310	50	51	34
311	50	51	17
312	50	53	64
313	50	59	40
314	50	54	99
315	50	56	42
316	51	59	47
317	51	65	54
318	51	58	81
319	51	52	47
320	51	55	29
321	51	55	40
322	52	53	28
323	52	53	38
324	52	55	58
325	52	53	44
326	52	53	21
327	52	55	59
328	52	54	50
329	52	63	78
330	53	55	98
331	53	66	44
332	53	56	38
333	53	56	15
334	53	60	37
335	53	55	61
336	53	55	46
337	53	54	94
338	54	59	21
339	54	60	47
340	54	60	35
341	54	56	51
342	54	55	43
343	55	63	81
344	55	57	42
345	55	63	59
346	55	56	16
347	55	60	23
348	55	58	86
349	55	58	58
350	55	56	26
351	55	56	40
352	56	66	78
353	56	62	86
354	56	61	63
355	56	59	87
356	56	57	86
357	56	57	86
358	56	57	79
359	56	61	78
360	57	58	45
361	57	58	40
362	57	61	15
363	57	62	46
364	58	60	31
365	58	60	25
366	58	59	30
367	58	62	80
368	58	61	47
369	58	60	94
370	58	70	50
371	58	62	50
372	58	69	46
373	59	61	88
374	59	67	48
375	59	60	13
376	59	63	100
377	59	61	10
378	60	61	23
379	60	61	21
380	60	64	81
381	60	69	46
382	60	62	63
383	60	63	54
384	60	61	81
385	60	62	34
386	61	68	100
387	61	65	36
388	61	65	51
389	61	63	11
390	61	66	66
391	61	62	26
392	61	70	62
393	61	74	77
394	61	66	59
395	62	64	50
396	62	67	35
397	62	65	97
398	62	64	71
399	62	65	36
400	62	75	58
401	62	71	99
402	63	65	74
403	63	67	72
404	63	66	83
405	63	67	30
406	63	68	86
407	63	70	16
408	63	66	11
409	64	70	91
410	64	66	99
411	64	67	84
412	65	73	51
413	65	70	78
414	65	78	27
415	65	76	100
416	65	71	73
417	65	70	77
418	66	68	39
419	66	70	22
420	66	76	44
421	66	67	51
422	66	67	97
423	66	74	75
424	66	70	50
425	67	80	32
426	67	87	27
427	67	69	89
428	67	68	58
429	67	69	19
430	67	78	23
431	67	76	98
432	68	72	43
433	68	69	41
434	68	71	77
435	68	71	56
436	68	78	56
437	69	80	27
438	69	72	91
439	69	76	65
440	69	71	17
441	69	70	58
442	70	74	50
443	70	72	58
444	70	73	87
445	70	79	45
446	70	79	55
447	70	73	75
448	70	77	19
449	70	76	68
450	70	78	39
451	71	78	87
452	71	72	70
453	71	72	100
454	71	72	16
455	71	79	37
456	72	73	62
457	72	73	10
458	72	80	93
459	72	75	19
460	72	74	10
461	72	81	39
462	73	77	82
463	73	76	84
464	73	74	58
465	73	77	20
466	73	76	48
467	74	77	50
468	74	75	65
469	74	77	68
470	74	77	10
471	74	76	73
472	75	78	72
473	75	76	99
474	75	78	38
475	76	78	91
476	76	82	12
477	76	79	97
478	76	80	82
479	76	81	56
480	76	81	70
481	76	81	19
482	76	81	85
483	76	80	93
484	77	85	47
485	77	78	33
486	77	84	44
487	77	83	93
488	77	79	56
489	77	81	29
490	78	79	48
491	78	84	72
492	78	81	87
493	78	80	46
494	78	88	29
495	78	86	95
496	78	81	68
497	78	80	53
498	78	80	56
499	79	83	95
500	79	80	29
501	79	82	21
502	79	85	41
503	79	83	40
504	79	83	55
505	80	87	54
506	80	81	53
507	80	83	36
508	80	83	15
509	80	85	17
510	80	88	32
511	80	82	54
512	80	93	93
513	80	87	39
514	81	82	72
515	81	88	73
516	81	82	72
517	81	92	86
518	81	85	27
519	81	95	62
520	81	83	10
521	81	83	21
522	81	90	73
523	82	85	97
524	82	83	26
525	82	97	89
526	82	86	54
527	82	84	15
528	83	88	24
529	83	85	75
530	83	88	80
531	83	90	51
532	83	84	46
533	83	87	40
534	83	94	47
535	83	87	53
536	83	87	95
537	84	89	38
538	84	89	79
539	84	85	24
540	84	86	17
541	85	86	64
542	85	102	45
543	85	89	56
544	85	90	40
545	85	87	48
546	85	103	74
547	85	88	81
548	86	95	62
549	86	96	66
550	86	90	85
551	86	87	17
552	87	89	57
553	87	89	86
554	87	91	49
555	87	96	60
556	87	88	99
557	87	90	56
558	87	89	100
559	87	94	30
560	88	96	77
561	88	92	18
562	88	98	32
563	88	91	48
564	88	92	37
565	88	89	18
566	88	89	45
567	89	90	97
568	89	93	86
569	89	93	69
570	89	94	92
571	89	92	100
572	89	92	26
573	89	90	19
574	89	92	52
575	90	99	58
576	90	91	74
577	90	96	73
578	90	91	79
579	90	108	50
580	90	92	22
581	90	95	34
582	91	93	57
583	91	94	60
584	91	102	59
585	91	103	80
586	92	100	59
587	92	97	74
588	92	100	42
589	92	93	21
590	92	93	27
591	92	94	47
592	92	94	97
593	93	94	67
594	93	96	66
595	93	95	30
596	93	94	90
597	93	94	11
598	93	103	80
599	94	96	84
600	94	102	57
601	94	95	66
602	94	97	85
603	94	96	21
604	94	95	46
605	94	98	43
606	94	97	79
607	94	98	62
608	95	100	50
609	95	98	43
610	95	96	61
611	95	102	33
612	95	105	52
613	95	103	47
614	96	104	80
615	96	98	80
616	96	108	89
617	96	99	88
618	96	105	76
619	96	107	98
620	96	97	43
621	96	99	31
622	97	98	28
623	97	112	53
624	97	101	38
625	97	98	64
626	97	99	69
627	98	104	45
628	98	101	28
629	98	103	85
630	98	100	71
631	98	99	98
632	98	99	77
633	98	100	48
634	99	110	40
635	99	102	23
636	99	100	78
637	99	101	17
638	99	102	74
639	99	100	63
640	100	101	22
641	100	112	58
642	100	107	23
643	100	119	71
644	100	104	67
645	100	103	83
646	100	101	83
647	101	107	89
648	101	103	94
649	101	102	58
650	101	111	99
651	101	102	88
652	102	103	29
653	102	105	75
654	102	113	60
655	102	105	55
656	102	111	58
657	102	103	35
658	102	107	44
659	102	104	44
660	103	105	56
661	103	109	30
662	103	104	62
663	103	108	42
664	103	106	10
665	103	104	47
666	103	104	34
667	103	104	55
668	103	117	50
669	104	108	93
670	104	110	54
671	104	106	48
672	104	107	52
673	104	114	57
674	104	105	23
675	104	107	20
676	104	105	83
677	105	107	26
678	105	110	96
679	105	116	69
680	105	114	31
681	105	108	82
682	105	112	100
683	105	106	77
684	106	110	82
685	106	109	20
686	106	107	53
687	107	111	49
688	107	115	19
689	107	113	86
690	107	128	53
691	107	108	66
692	107	108	76
693	107	108	95
694	107	109	79
695	108	109	17
696	108	109	90
697	108	109	68
698	108	109	50
699	108	113	60
700	108	109	54
701	108	114	69
702	108	109	65
703	109	112	21
704	109	123	89
705	109	115	48
706	109	110	56
707	109	111	10
708	109	113	89
709	109	129	27
710	109	110	55
711	109	112	28
712	110	113	60
713	110	111	99
714	110	118	79
715	110	112	20
716	110	112	37
717	110	116	36
718	111	113	37
719	111	115	24
720	111	113	64
721	111	115	55
722	111	117	76
723	112	115	63
724	112	113	97
725	112	125	71
726	112	117	66
727	112	126	93
728	112	117	14
729	112	123	42
730	113	124	65
731	113	121	88
732	113	114	100
733	113	133	87
734	113	114	34
735	113	121	59
736	113	114	17
737	113	116	60
738	114	120	98
739	114	126	97
740	114	119	19
741	114	119	52
742	114	115	90
743	114	117	41
744	115	117	40
745	115	119	36
746	115	121	92
747	115	119	50
748	115	123	82
749	115	134	79
750	116	118	42
751	116	120	68
752	116	121	64
753	117	126	39
754	117	119	24
755	117	118	75
756	117	119	46
757	117	123	16
758	117	128	42
759	118	120	88
760	118	119	92
761	118	122	83
762	119	120	77
763	119	125	83
764	119	123	99
765	119	127	48
766	119	121	83
767	119	121	82
768	119	122	60
769	119	120	11
770	120	125	52
771	120	124	22
772	120	134	45
773	120	124	88
774	120	132	46
775	121	122	18
776	121	125	32
777	121	126	90
778	121	127	47
779	121	126	24
780	121	125	38
781	122	123	50
782	122	123	100
783	122	125	81
784	123	130	69
785	123	124	72
786	123	125	42
787	123	136	53
788	123	125	96
789	123	128	84
790	123	124	43
791	124	134	90
792	124	126	22
793	124	126	14
794	124	129	57
795	124	132	85
796	125	130	62
797	125	129	84
798	125	127	63
799	125	140	69
800	125	129	95
801	125	126	14
802	125	136	76
803	125	128	37
804	126	133	100
805	126	137	16
806	126	130	38
807	126	132	48
808	126	140	78
809	126	138	96
810	126	131	15
811	126	136	66
812	127	129	99
813	127	128	93
814	127	130	55
815	128	132	72
816	128	136	51
817	128	129	81
818	128	129	42
819	128	133	36
820	129	134	84
821	129	133	77
822	129	132	11
823	129	133	98
824	129	135	38
825	129	134	54
826	129	134	92
827	130	139	48
828	130	131	88
829	130	131	95
830	130	132	95
831	131	137	32
832	131	140	79
833	131	138	85
834	132	133	64
835	132	136	69
836	132	134	90
837	132	135	65
838	132	139	100
839	132	138	34
840	133	135	56
841	133	134	84
842	133	139	63
843	133	134	48
844	133	148	87
845	133	151	85
846	134	140	32
847	134	135	26
848	134	149	51
849	134	140	66
850	134	154	88
851	134	136	67
852	134	138	10
853	134	135	59
854	134	138	67
855	135	142	17
856	135	136	11
857	135	140	30
858	135	137	71
859	135	147	10
860	136	145	83
861	136	139	49
862	136	146	23
863	136	146	48
864	136	153	64
865	136	137	71
866	136	137	92
867	137	139	87
868	137	140	32
869	137	141	51
870	137	139	81
871	137	153	58
872	138	146	16
873	138	153	56
874	138	139	97
875	138	139	95
876	138	139	98
877	139	141	11
878	139	143	58
879	139	144	28
880	139	144	40
881	139	140	68
882	139	140	80
883	139	141	12
884	139	144	74
885	139	141	80
886	140	143	45
887	140	146	21
888	140	141	85
889	140	143	52
890	140	141	67
891	140	145	17
892	140	141	70
893	140	150	10
894	140	152	60
895	141	142	21
896	141	142	16
897	141	144	72
898	141	142	63
899	141	145	25
900	141	149	98
901	141	153	17
902	142	162	91
903	142	145	38
904	142	158	100
905	142	147	35
906	143	150	99
907	143	146	72
908	143	144	60
909	144	147	22
910	144	146	74
911	144	150	85
912	144	146	68
913	144	159	97
914	145	148	92
915	145	150	79
916	145	149	85
917	145	153	29
918	146	158	89
919	146	155	99
920	146	153	42
921	146	149	45
922	146	147	64
923	146	147	17
924	146	148	45
925	147	149	38
926	147	160	57
927	147	156	37
928	147	149	85
929	147	154	11
930	148	153	43
931	148	154	28
932	148	152	39
933	149	156	38
934	149	162	87
935	149	150	47
936	149	157	94
937	149	151	46
938	149	150	52
939	150	155	20
940	150	151	52
941	150	151	88
942	150	154	10
943	150	152	94
944	150	157	91
945	151	160	77
946	151	153	99
947	151	157	42
948	151	157	63
949	152	160	64
950	152	153	26
951	152	154	76
952	153	157	14
953	153	160	38
954	153	154	54
955	153	157	55
956	153	155	24
957	153	165	16
958	153	157	44
959	153	155	100
960	153	155	30
961	154	156	11
962	154	156	12
963	154	163	45
964	154	155	34
965	154	156	75
966	154	159	95
967	155	158	80
968	155	166	42
969	155	156	20
970	155	156	20
971	155	161	60
972	155	168	94
973	156	161	85
974	156	170	94
975	156	159	44
976	156	158	67
977	156	164	27
978	156	158	10
979	156	159	44
980	157	166	14
981	157	158	67
982	157	166	76
983	157	160	39
984	157	161	66
985	157	161	30
986	157	158	14
987	158	159	71
988	158	167	95
989	158	160	11
990	158	164	47
991	158	160	22
992	158	164	11
993	158	162	77
994	159	160	58
995	159	161	14
996	159	161	92
997	159	160	27
998	159	187	39
999	160	161	50
1000	160	173	92
1001	160	161	51
1002	160	161	100
1003	160	164	60
1004	160	163	18
1005	160	168	92
1006	160	163	75
1007	160	165	39
1008	161	166	66
1009	161	167	62
1010	161	172	64
1011	161	162	23
1012	161	163	24
1013	161	169	96
1014	161	163	89
1015	161	165	71
1016	161	177	65
1017	162	164	65
1018	162	165	17
1019	162	168	26
1020	162	169	82
1021	163	164	95
1022	163	166	14
1023	163	172	63
1024	163	168	82
1025	163	166	60
1026	164	166	63
1027	164	166	75
1028	164	166	45
1029	164	169	39
1030	164	165	54
1031	164	165	44
1032	165	168	33
1033	165	170	76
1034	165	167	76
1035	165	171	67
1036	165	172	89
1037	165	176	75
1038	166	167	76
1039	166	168	62
1040	166	168	31
1041	166	179	10
1042	166	167	86
1043	166	167	24
1044	166	172	25
1045	166	169	40
1046	166	170	86
1047	167	173	70
1048	167	173	61
1049	167	169	44
1050	167	180	58
1051	167	169	43
1052	167	168	98
1053	168	174	40
1054	168	169	53
1055	168	176	44
1056	168	187	99
1057	168	171	57
1058	168	169	18
1059	168	171	92
1060	168	189	67
1061	169	177	91
1062	169	181	78
1063	169	173	59
1064	169	171	78
1065	169	173	24
1066	169	175	29
1067	169	176	22
1068	169	170	42
1069	170	174	96
1070	170	171	24
1071	170	171	23
1072	170	177	33
1073	171	177	76
1074	171	174	36
1075	171	191	85
1076	171	175	12
1077	171	177	49
1078	171	173	25
1079	172	176	42
1080	172	173	19
1081	172	175	95
1082	172	173	18
1083	173	174	83
1084	173	177	44
1085	173	174	15
1086	173	178	12
1087	173	176	44
1088	173	174	43
1089	173	179	83
1090	173	175	82
1091	174	176	13
1092	174	175	88
1093	174	192	48
1094	174	175	41
1095	174	182	82
1096	174	176	25
1097	175	177	90
1098	175	176	42
1099	175	178	57
1100	175	183	76
1101	175	177	39
1102	175	179	52
1103	176	178	97
1104	176	184	13
1105	176	198	15
1106	176	179	10
1107	176	184	76
1108	176	182	92
1109	176	178	96
1110	176	180	94
1111	177	178	69
1112	177	181	79
1113	177	179	50
1114	177	193	67
1115	177	188	80
1116	177	179	29
1117	177	182	74
1118	177	181	24
1119	178	179	73
1120	178	179	39
1121	178	181	87
1122	178	181	66
1123	178	183	59
1124	179	184	18
1125	179	180	90
1126	179	184	73
1127	179	180	19
1128	179	192	14
1129	179	187	28
1130	179	181	85
1131	179	190	37
1132	180	184	98
1133	180	186	58
1134	180	194	13
1135	180	184	96
1136	181	182	43
1137	181	187	98
1138	181	189	68
1139	181	183	26
1140	181	182	85
1141	181	185	65
1142	182	183	67
1143	182	185	57
1144	182	183	26
1145	182	189	14
1146	182	184	12
1147	183	193	93
1148	183	185	55
1149	183	188	15
1150	183	185	21
1151	183	186	27
1152	184	190	62
1153	184	185	67
1154	184	185	47
1155	184	187	89
1156	184	185	53
1157	184	186	78
1158	184	185	17
1159	185	198	53
1160	185	193	88
1161	185	186	24
1162	185	191	61
1163	185	189	93
1164	185	187	35
1165	185	187	27
1166	185	187	97
1167	186	189	19
1168	186	191	74
1169	186	187	87
1170	186	194	26
1171	187	188	79
1172	187	192	89
1173	187	198	19
1174	187	192	58
1175	187	190	86
1176	187	189	89
1177	187	189	11
1178	187	188	22
1179	187	188	63
1180	188	189	34
1181	188	191	89
1182	188	196	36
1183	188	191	75
1184	188	189	72
1185	189	195	45
1186	189	195	91
1187	189	193	47
1188	189	192	11
1189	189	197	87
1190	189	190	88
1191	189	191	86
1192	189	191	41
1193	189	205	23
1194	190	192	48
1195	190	195	75
1196	190	196	60
1197	190	192	26
1198	191	196	84
1199	191	211	44
1200	191	200	67
1201	191	194	88
1202	191	199	42
1203	191	192	76
1204	191	194	25
1205	192	195	25
1206	192	200	100
1207	192	194	74
1208	192	193	54
1209	192	198	59
1210	192	194	70
1211	192	194	35
1212	192	196	65
1213	193	194	77
1214	193	195	91
1215	193	203	47
1216	193	194	18
1217	193	196	47
1218	194	209	95
1219	194	200	83
1220	194	199	79
1221	194	212	78
1222	194	198	39
1223	194	195	26
1224	194	195	99
1225	194	202	30
1226	194	199	23
1227	195	199	39
1228	195	202	16
1229	195	199	22
1230	195	197	87
1231	195	199	69
1232	195	196	82
1233	195	199	29
1234	196	202	14
1235	196	197	82
1236	196	201	73
1237	196	200	56
1238	196	206	38
1239	196	198	99
1240	197	198	60
1241	197	199	77
1242	197	205	59
1243	198	203	48
1244	198	202	78
1245	198	208	49
1246	198	207	38
1247	198	200	20
1248	198	200	59
1249	198	200	85
1250	199	203	41
1251	199	200	35
1252	199	200	92
1253	199	205	41
1254	199	201	83
1255	199	203	47
1256	199	204	38
1257	199	207	72
1258	200	202	63
1259	200	201	19
1260	200	203	83
1261	200	203	75
1262	200	213	37
1263	200	203	16
1264	200	206	65
1265	200	205	100
1266	200	203	10
1267	201	204	23
1268	201	212	69
1269	201	202	79
1270	202	204	81
1271	202	207	71
1272	202	206	66
1273	202	208	92
1274	202	207	62
1275	202	208	46
1276	203	213	64
1277	203	205	61
1278	203	205	98
1279	203	206	88
1280	203	208	54
1281	203	205	86
1282	203	206	15
1283	203	208	51
1284	204	210	48
1285	204	210	30
1286	204	207	65
1287	205	210	51
1288	205	206	11
1289	205	211	70
1290	205	207	71
1291	205	207	59
1292	205	206	81
1293	205	208	71
1294	206	210	65
1295	206	211	42
1296	206	217	91
1297	206	210	62
1298	206	208	12
1299	206	207	48
1300	206	212	98
1301	207	211	74
1302	207	213	83
1303	207	210	67
1304	207	215	36
1305	207	209	37
1306	207	211	57
1307	207	208	80
1308	207	208	35
1309	208	209	96
1310	208	209	15
1311	208	234	56
1312	208	212	70
1313	208	213	77
1314	208	214	83
1315	208	211	78
1316	208	211	46
1317	208	210	25
1318	209	217	25
1319	209	210	44
1320	209	216	66
1321	209	212	44
1322	210	219	10
1323	210	212	96
1324	210	217	25
1325	210	215	71
1326	210	211	15
1327	210	214	65
1328	210	212	14
1329	210	211	13
1330	211	213	20
1331	211	215	14
1332	211	221	93
1333	211	214	100
1334	211	212	69
1335	211	223	97
1336	211	215	29
1337	211	220	99
1338	211	222	35
1339	212	219	100
1340	212	213	90
1341	212	223	30
1342	212	214	92
1343	212	214	19
1344	212	213	56
1345	212	219	69
1346	212	214	43
1347	213	214	57
1348	213	215	99
1349	213	214	73
1350	213	216	72
1351	213	214	12
1352	213	216	74
1353	213	217	15
1354	214	217	71
1355	214	215	100
1356	214	221	98
1357	214	218	50
1358	214	215	12
1359	214	215	78
1360	214	217	76
1361	214	219	72
1362	214	215	98
1363	215	232	47
1364	215	217	47
1365	215	217	39
1366	215	218	77
1367	215	220	49
1368	215	220	85
1369	215	222	27
1370	215	221	72
1371	215	227	49
1372	216	217	52
1373	216	223	21
1374	216	218	98
1375	217	229	54
1376	217	219	65
1377	217	219	82
1378	217	218	74
1379	217	218	41
1380	217	220	26
1381	217	220	81
1382	217	228	63
1383	217	219	45
1384	218	223	84
1385	218	221	93
1386	218	220	34
1387	218	221	15
1388	218	222	49
1389	219	220	71
1390	219	226	75
1391	219	226	67
1392	219	220	49
1393	219	226	70
1394	219	220	49
1395	219	232	13
1396	220	225	69
1397	220	225	48
1398	220	229	40
1399	220	222	22
1400	220	221	88
1401	220	228	26
1402	220	224	59
1403	220	237	69
1404	220	222	26
1405	221	231	42
1406	221	223	48
1407	221	226	73
1408	221	222	68
1409	221	223	43
1410	221	223	58
1411	222	226	63
1412	222	223	23
1413	222	223	92
1414	222	230	25
1415	222	224	45
1416	222	235	58
1417	223	231	25
1418	223	229	83
1419	223	226	51
1420	223	230	47
1421	223	226	17
1422	223	238	62
1423	223	234	47
1424	223	224	82
1425	223	230	20
1426	224	225	45
1427	224	230	37
1428	224	242	59
1429	225	231	99
1430	225	227	78
1431	225	226	96
1432	226	237	77
1433	226	231	26
1434	226	230	74
1435	226	227	10
1436	226	229	10
1437	226	227	62
1438	226	229	74
1439	226	235	71
1440	227	228	12
1441	227	230	62
1442	227	231	77
1443	227	228	78
1444	228	233	89
1445	228	231	82
1446	228	229	73
1447	228	233	10
1448	229	237	62
1449	229	236	96
1450	229	232	15
1451	229	234	86
1452	229	230	21
1453	229	233	41
1454	230	231	85
1455	230	233	89
1456	230	237	48
1457	230	240	43
1458	230	233	62
1459	230	232	83
1460	230	231	45
1461	231	244	77
1462	231	236	34
1463	231	235	96
1464	231	244	28
1465	231	237	40
1466	231	232	97
1467	231	241	99
1468	231	232	20
1469	232	240	63
1470	232	234	24
1471	232	238	44
1472	232	237	60
1473	232	237	67
1474	232	235	25
1475	233	235	42
1476	233	235	58
1477	233	251	36
1478	233	234	67
1479	233	234	34
1480	234	236	41
1481	234	235	55
1482	234	236	79
1483	234	235	58
1484	234	239	58
1485	234	239	19
1486	235	237	99
1487	235	244	99
1488	235	239	95
1489	235	240	60
1490	235	241	89
1491	235	239	79
1492	235	238	16
1493	235	248	38
1494	236	242	37
1495	236	240	93
1496	236	240	72
1497	236	238	85
1498	237	244	25
1499	237	238	10
1500	237	240	50
1501	237	239	96
1502	237	240	98
1503	237	241	77
1504	237	238	64
1505	237	238	70
1506	238	242	61
1507	238	243	69
1508	238	239	11
1509	238	246	94
1510	238	241	22
1511	238	239	14
1512	238	249	52
1513	239	240	100
1514	239	242	90
1515	239	241	10
1516	239	243	88
1517	239	240	30
1518	239	241	19
1519	239	246	82
1520	240	241	79
1521	240	241	85
1522	240	241	21
1523	240	245	89
1524	240	246	76
1525	240	246	56
1526	240	242	28
1527	240	243	95
1528	240	243	93
1529	241	248	89
1530	241	254	22
1531	241	242	62
1532	241	244	27
1533	241	242	51
1534	241	244	62
1535	241	242	66
1536	241	243	82
1537	241	242	13
1538	242	243	88
1539	242	248	34
1540	242	244	70
1541	242	252	61
1542	242	243	73
1543	242	243	37
1544	242	246	58
1545	242	243	73
1546	242	245	23
1547	243	247	77
1548	243	253	23
1549	243	247	40
1550	243	246	83
1551	243	244	21
1552	243	254	58
1553	243	248	54
1554	243	247	27
1555	243	244	48
1556	244	247	58
1557	244	248	12
1558	244	249	28
1559	244	246	91
1560	244	247	39
1561	244	248	76
1562	244	245	72
1563	244	245	22
1564	244	246	53
1565	245	248	79
1566	245	252	40
1567	245	253	30
1568	245	253	82
1569	246	248	84
1570	246	250	81
1571	246	249	71
1572	246	251	44
1573	246	247	83
1574	246	249	59
1575	246	254	93
1576	246	249	32
1577	247	252	73
1578	247	250	48
1579	247	248	30
1580	247	263	41
1581	247	251	20
1582	247	253	28
1583	248	265	16
1584	248	250	87
1585	248	250	73
1586	248	255	78
1587	248	249	86
1588	248	250	54
1589	248	252	48
1590	248	249	78
1591	248	252	80
1592	249	253	60
1593	249	250	59
1594	249	256	68
1595	249	250	23
1596	249	257	29
1597	249	257	71
1598	249	258	54
1599	250	253	32
1600	250	252	21
1601	250	255	34
1602	250	253	36
1603	250	251	25
1604	250	257	32
1605	250	260	49
1606	251	255	100
1607	251	253	99
1608	251	254	94
1609	251	260	42
1610	252	256	58
1611	252	262	88
1612	252	258	71
1613	252	273	36
1614	252	256	78
1615	252	253	52
1616	253	259	41
1617	253	260	70
1618	253	255	79
1619	253	256	80
1620	253	256	65
1621	253	269	62
1622	253	263	10
1623	253	254	58
1624	253	267	22
1625	254	258	61
1626	254	255	86
1627	254	257	99
1628	254	257	67
1629	254	267	86
1630	255	256	47
1631	255	257	82
1632	255	259	50
1633	255	256	58
1634	255	263	18
1635	256	259	39
1636	256	257	48
1637	256	260	16
1638	256	265	53
1639	256	261	47
1640	256	263	44
1641	256	260	78
1642	257	259	42
1643	257	269	21
1644	257	258	28
1645	257	267	59
1646	257	258	70
1647	257	258	48
1648	257	265	57
1649	258	260	69
1650	258	268	16
1651	258	260	54
1652	258	261	18
1653	258	266	21
1654	258	259	53
1655	259	261	17
1656	259	264	82
1657	259	261	94
1658	259	268	25
1659	259	262	28
1660	260	262	83
1661	260	269	89
1662	260	263	50
1663	260	261	76
1664	260	262	28
1665	260	268	90
1666	260	262	14
1667	261	267	55
1668	261	262	99
1669	261	264	51
1670	261	270	34
1671	261	262	13
1672	262	264	10
1673	262	263	23
1674	262	264	66
1675	262	263	47
1676	262	265	94
1677	262	264	57
1678	262	270	36
1679	263	264	70
1680	263	264	11
1681	263	266	72
1682	263	264	50
1683	263	264	66
1684	263	284	94
1685	263	265	79
1686	264	272	40
1687	264	266	45
1688	264	265	97
1689	264	270	91
1690	264	265	45
1691	264	265	32
1692	264	267	73
1693	264	269	58
1694	264	266	96
1695	265	275	17
1696	265	268	97
1697	265	268	61
1698	265	270	98
1699	265	271	36
1700	265	283	93
1701	265	266	31
1702	265	272	68
1703	266	276	11
1704	266	267	58
1705	266	270	76
1706	266	267	35
1707	266	269	36
1708	267	270	12
1709	267	271	16
1710	267	268	21
1711	267	269	39
1712	267	268	41
1713	267	274	27
1714	267	268	69
1715	268	273	48
1716	268	272	32
1717	268	270	30
1718	268	272	12
1719	268	273	49
1720	268	279	27
1721	268	269	72
1722	268	276	38
1723	269	271	56
1724	269	270	45
1725	269	279	63
1726	269	276	17
1727	269	274	84
1728	269	273	48
1729	269	273	70
1730	270	271	75
1731	270	271	14
1732	270	271	37
1733	270	275	24
1734	270	271	98
1735	270	277	19
1736	270	271	50
1737	270	278	77
1738	271	275	99
1739	271	280	17
1740	271	284	56
1741	271	278	86
1742	271	278	31
1743	271	274	36
1744	271	273	13
1745	271	281	29
1746	272	276	69
1747	272	281	52
1748	272	273	11
1749	272	273	21
1750	273	277	87
1751	273	274	19
1752	273	289	27
1753	273	277	46
1754	273	279	88
1755	273	281	50
1756	273	275	20
1757	273	278	75
1758	274	278	45
1759	274	276	78
1760	274	278	25
1761	274	281	47
1762	275	278	20
1763	275	277	26
1764	275	277	47
1765	275	283	12
1766	276	281	56
1767	276	277	52
1768	276	280	52
1769	276	278	36
1770	276	290	73
1771	277	278	40
1772	277	279	50
1773	277	280	46
1774	277	283	29
1775	277	280	56
1776	277	279	83
1777	278	283	99
1778	278	279	28
1779	278	289	24
1780	278	279	60
1781	278	279	35
1782	278	280	19
1783	278	282	54
1784	278	283	56
1785	278	279	40
1786	279	284	78
1787	279	280	65
1788	279	285	80
1789	279	280	58
1790	279	297	13
1791	279	299	97
1792	279	281	66
1793	279	295	100
1794	279	280	10
1795	280	288	30
1796	280	281	11
1797	280	289	41
1798	280	282	76
1799	280	282	87
1800	280	286	91
1801	280	282	75
1802	280	282	31
1803	281	282	45
1804	281	282	87
1805	281	291	71
1806	281	282	23
1807	281	283	98
1808	281	291	25
1809	281	282	76
1810	282	286	24
1811	282	290	92
1812	282	286	70
1813	282	294	36
1814	282	291	18
1815	282	283	41
1816	282	286	62
1817	282	290	79
1818	282	286	86
1819	283	289	34
1820	283	284	63
1821	283	284	89
1822	283	285	45
1823	283	284	41
1824	283	284	59
1825	283	287	77
1826	284	286	29
1827	284	286	72
1828	284	285	55
1829	284	297	99
1830	284	285	91
1831	284	291	31
1832	284	285	60
1833	285	290	21
1834	285	289	52
1835	285	286	89
1836	285	287	99
1837	285	291	32
1838	286	288	63
1839	286	288	58
1840	286	292	76
1841	286	293	73
1842	286	287	36
1843	286	289	37
1844	286	287	69
1845	286	287	91
1846	287	290	26
1847	287	289	89
1848	287	294	29
1849	287	295	74
1850	287	289	18
1851	288	298	18
1852	288	289	60
1853	288	290	41
1854	289	290	88
1855	289	292	92
1856	289	292	43
1857	289	293	69
1858	289	306	62
1859	289	292	92
1860	289	294	76
1861	289	291	59
1862	289	295	44
1863	290	326	77
1864	290	294	11
1865	290	292	70
1866	290	292	13
1867	290	292	20
1868	290	291	87
1869	290	294	78
1870	291	292	68
1871	291	292	35
1872	291	296	14
1873	291	296	11
1874	291	295	53
1875	291	296	77
1876	291	301	47
1877	292	299	90
1878	292	295	81
1879	292	298	86
1880	292	304	80
1881	292	293	51
1882	292	301	17
1883	292	298	48
1884	292	295	75
1885	292	298	64
1886	293	296	69
1887	293	326	66
1888	293	296	79
1889	294	297	22
1890	294	295	86
1891	294	300	46
1892	294	295	84
1893	294	298	85
1894	295	298	41
1895	295	298	23
1896	295	301	68
1897	295	306	66
1898	295	303	10
1899	295	299	62
1900	295	296	49
1901	295	296	15
1902	296	301	81
1903	296	297	23
1904	296	300	66
1905	296	302	94
1906	296	306	58
1907	296	297	67
1908	296	298	23
1909	297	301	83
1910	297	301	17
1911	297	300	25
1912	297	298	99
1913	297	300	29
1914	298	307	92
1915	298	300	69
1916	298	299	34
1917	298	300	59
1918	298	317	27
1919	298	300	37
1920	298	299	32
1921	298	299	36
1922	298	305	87
1923	299	304	58
1924	299	302	98
1925	299	304	46
1926	299	302	34
1927	299	301	55
1928	299	304	36
1929	300	305	32
1930	300	304	10
1931	300	301	80
1932	300	306	94
1933	300	303	74
1934	300	301	43
1935	300	304	96
1936	301	303	26
1937	301	302	68
1938	301	304	42
1939	301	304	52
1940	301	303	95
1941	301	303	58
1942	301	304	53
1943	301	312	98
1944	301	302	42
1945	302	303	24
1946	302	305	20
1947	302	310	38
1948	302	310	31
1949	302	312	75
1950	303	310	86
1951	303	307	12
1952	303	312	53
1953	303	305	42
1954	303	305	64
1955	303	308	88
1956	304	307	14
1957	304	305	17
1958	304	313	55
1959	304	306	79
1960	304	307	37
1961	304	307	68
1962	304	308	17
1963	304	306	16
1964	304	309	39
1965	305	315	60
1966	305	310	58
1967	305	307	84
1968	305	310	29
1969	305	310	39
1970	305	314	64
1971	306	309	71
1972	306	320	76
1973	306	310	66
1974	306	307	32
1975	306	309	18
1976	306	308	51
1977	307	311	65
1978	307	311	82
1979	307	314	90
1980	307	309	67
1981	307	325	87
1982	307	316	78
1983	307	323	74
1984	308	312	91
1985	308	313	47
1986	308	311	72
1987	309	317	88
1988	309	311	42
1989	309	312	58
1990	309	313	31
1991	310	313	82
1992	310	315	51
1993	310	313	22
1994	310	311	82
1995	310	318	98
1996	310	312	83
1997	310	311	23
1998	311	317	89
1999	311	322	60
2000	311	318	36
2001	311	319	26
2002	311	313	30
2003	311	314	74
2004	312	315	73
2005	312	315	88
2006	312	314	83
2007	312	314	61
2008	312	313	99
2009	312	314	67
2010	313	319	65
2011	313	314	84
2012	313	319	69
2013	313	315	63
2014	313	316	53
2015	313	316	39
2016	313	318	32
2017	314	315	90
2018	314	321	17
2019	314	321	86
2020	314	333	85
2021	314	321	52
2022	314	315	92
2023	314	319	61
2024	315	316	20
2025	315	322	78
2026	315	321	28
2027	315	323	95
2028	315	316	42
2029	315	318	42
2030	315	338	51
2031	316	324	27
2032	316	325	100
2033	316	325	45
2034	316	323	16
2035	316	320	11
2036	317	321	96
2037	317	323	91
2038	317	321	48
2039	318	320	29
2040	318	327	38
2041	318	325	52
2042	318	324	58
2043	319	320	55
2044	319	323	31
2045	319	322	83
2046	319	334	18
2047	320	323	80
2048	320	323	99
2049	320	322	81
2050	320	326	63
2051	321	326	40
2052	321	324	63
2053	321	326	60
2054	321	324	84
2055	321	323	25
2056	321	323	19
2057	322	331	85
2058	322	331	94
2059	322	346	54
2060	322	333	18
2061	323	325	74
2062	323	328	83
2063	323	324	75
2064	323	327	98
2065	323	327	39
2066	323	331	95
2067	323	326	23
2068	323	325	61
2069	323	333	55
2070	324	326	55
2071	324	335	26
2072	324	329	30
2073	324	327	36
2074	324	325	32
2075	325	330	43
2076	325	327	63
2077	325	329	17
2078	325	336	22
2079	325	327	14
2080	325	327	78
2081	325	335	47
2082	326	327	99
2083	326	328	87
2084	326	335	78
2085	326	327	65
2086	326	328	36
2087	326	333	42
2088	326	334	83
2089	327	329	60
2090	327	332	14
2091	327	333	91
2092	327	333	15
2093	327	328	100
2094	327	328	21
2095	327	329	100
2096	327	330	66
2097	327	332	98
2098	328	337	69
2099	328	355	42
2100	328	333	55
2101	328	332	39
2102	328	332	30
2103	329	330	27
2104	329	331	20
2105	329	332	45
2106	329	330	58
2107	330	331	93
2108	330	332	74
2109	330	333	21
2110	330	336	87
2111	331	335	23
2112	331	343	17
2113	331	337	98
2114	331	336	22
2115	331	338	85
2116	332	337	35
2117	332	335	28
2118	332	335	68
2119	332	336	28
2120	332	337	82
2121	332	334	17
2122	333	348	26
2123	333	336	78
2124	333	347	45
2125	333	334	12
2126	333	347	81
2127	333	335	19
2128	333	345	80
2129	333	338	68
2130	334	336	10
2131	334	337	36
2132	334	342	92
2133	334	336	16
2134	335	343	11
2135	335	339	44
2136	335	336	69
2137	335	337	89
2138	335	341	49
2139	335	337	69
2140	335	342	77
2141	336	337	71
2142	336	340	65
2143	336	344	89
2144	336	340	68
2145	336	337	64
2146	336	356	89
2147	336	339	63
2148	336	338	43
2149	337	338	14
2150	337	339	29
2151	337	349	74
2152	337	340	81
2153	337	343	65
2154	337	338	28
2155	337	339	49
2156	337	343	14
2157	337	346	36
2158	338	344	25
2159	338	339	83
2160	338	339	86
2161	338	344	53
2162	338	340	85
2163	338	350	45
2164	339	342	92
2165	339	341	52
2166	339	341	29
2167	339	341	61
2168	339	341	56
2169	339	349	13
2170	340	343	69
2171	340	341	100
2172	340	346	79
2173	340	342	41
2174	341	343	70
2175	341	349	45
2176	341	347	87
2177	341	345	54
2178	341	355	13
2179	341	347	78
2180	342	346	14
2181	342	351	93
2182	342	345	35
2183	342	350	74
2184	343	344	35
2185	343	344	45
2186	343	345	13
2187	343	348	51
2188	343	346	40
2189	343	344	66
2190	344	353	59
2191	344	345	34
2192	344	346	51
2193	344	346	82
2194	344	345	11
2195	344	348	95
2196	345	348	62
2197	345	346	28
2198	345	359	16
2199	345	354	91
2200	345	350	19
2201	345	351	15
2202	346	360	14
2203	346	349	44
2204	346	347	76
2205	346	353	99
2206	346	352	52
2207	346	352	57
2208	346	348	53
2209	346	348	95
2210	347	363	50
2211	347	351	69
2212	347	348	50
2213	347	349	48
2214	347	348	36
2215	348	355	26
2216	348	352	90
2217	348	349	65
2218	348	349	51
2219	348	357	34
2220	348	351	20
2221	348	351	72
2222	348	351	30
2223	349	350	34
2224	349	357	22
2225	349	351	71
2226	349	350	45
2227	349	350	59
2228	349	350	96
2229	349	355	94
2230	350	360	13
2231	350	359	18
2232	350	353	18
2233	350	351	17
2234	350	353	47
2235	350	354	26
2236	350	351	84
2237	351	358	26
2238	351	352	25
2239	351	362	23
2240	351	357	96
2241	351	361	16
2242	351	352	97
2243	351	352	83
2244	351	354	56
2245	351	357	47
2246	352	354	58
2247	352	357	23
2248	352	353	20
2249	352	354	56
2250	352	355	28
2251	352	355	36
2252	353	359	57
2253	353	355	30
2254	353	354	67
2255	353	362	89
2256	353	359	56
2257	354	357	53
2258	354	361	77
2259	354	358	63
2260	354	356	12
2261	354	360	57
2262	354	355	39
2263	355	359	36
2264	355	365	98
2265	355	357	42
2266	355	360	55
2267	355	356	13
2268	355	356	16
2269	355	358	74
2270	355	357	31
2271	356	359	43
2272	356	364	87
2273	356	365	27
2274	356	358	37
2275	357	368	68
2276	357	358	50
2277	357	360	48
2278	357	359	33
2279	357	366	56
2280	357	372	72
2281	357	358	29
2282	357	363	29
2283	358	366	99
2284	358	367	73
2285	358	360	91
2286	358	361	10
2287	358	360	95
2288	358	367	25
2289	359	362	29
2290	359	366	84
2291	359	374	64
2292	359	366	18
2293	359	360	50
2294	359	372	38
2295	359	361	38
2296	360	368	55
2297	360	362	19
2298	360	363	44
2299	360	362	32
2300	360	372	71
2301	360	369	33
2302	360	369	10
2303	360	365	16
2304	361	362	89
2305	361	362	47
2306	361	363	47
2307	361	365	65
2308	362	366	35
2309	362	378	37
2310	362	364	79
2311	362	366	27
2312	362	371	99
2313	362	368	12
2314	362	367	32
2315	363	365	88
2316	363	365	71
2317	363	373	50
2318	363	364	65
2319	364	370	59
2320	364	366	70
2321	364	365	25
2322	365	369	64
2323	365	369	96
2324	365	370	14
2325	365	366	69
2326	365	376	38
2327	365	372	20
2328	365	369	18
2329	366	370	47
2330	366	374	67
2331	366	369	40
2332	366	371	62
2333	366	367	55
2334	366	367	70
2335	366	372	33
2336	366	378	55
2337	367	383	95
2338	367	370	19
2339	367	368	26
2340	367	369	22
2341	367	368	64
2342	368	374	62
2343	368	370	33
2344	368	380	77
2345	368	370	100
2346	368	369	32
2347	369	378	36
2348	369	371	56
2349	369	379	59
2350	369	373	92
2351	369	374	59
2352	369	372	64
2353	369	376	56
2354	369	379	84
2355	370	374	16
2356	370	374	12
2357	370	380	66
2358	370	380	72
2359	370	384	82
2360	370	378	39
2361	371	396	71
2362	371	373	24
2363	371	373	73
2364	372	379	89
2365	372	377	20
2366	372	374	67
2367	372	377	83
2368	372	373	41
2369	372	391	99
2370	373	375	16
2371	373	377	85
2372	373	374	15
2373	373	376	23
2374	373	380	91
2375	374	381	53
2376	374	375	50
2377	374	378	57
2378	374	375	89
2379	374	384	80
2380	374	383	37
2381	374	387	93
2382	374	381	26
2383	375	384	87
2384	375	377	56
2385	375	376	58
2386	376	390	42
2387	376	378	57
2388	376	397	17
2389	376	377	30
2390	377	379	71
2391	377	380	29
2392	377	381	88
2393	377	378	92
2394	377	380	90
2395	378	391	89
2396	378	381	71
2397	378	380	89
2398	378	385	35
2399	378	383	76
2400	378	386	99
2401	378	380	79
2402	379	380	43
2403	379	391	96
2404	379	384	16
2405	379	382	70
2406	380	386	98
2407	380	382	99
2408	380	383	75
2409	380	385	68
2410	380	383	15
2411	380	396	72
2412	380	383	23
2413	380	383	33
2414	380	389	84
2415	381	382	62
2416	381	397	100
2417	381	386	47
2418	381	385	14
2419	382	390	77
2420	382	383	42
2421	382	385	10
2422	383	386	75
2423	383	393	36
2424	383	385	36
2425	383	395	54
2426	383	385	57
2427	383	387	32
2428	383	389	18
2429	383	385	45
2430	384	388	88
2431	384	390	93
2432	384	385	13
2433	384	391	60
2434	385	386	65
2435	385	390	100
2436	385	389	44
2437	385	396	77
2438	385	394	35
2439	385	405	68
2440	385	386	24
2441	385	387	70
2442	386	388	69
2443	386	389	59
2444	386	389	21
2445	386	389	27
2446	386	392	100
2447	386	390	58
2448	387	388	72
2449	387	389	41
2450	387	388	65
2451	388	391	19
2452	388	398	94
2453	388	392	80
2454	388	392	22
2455	389	400	97
2456	389	390	20
2457	389	393	57
2458	389	391	11
2459	389	393	33
2460	389	394	16
2461	389	393	53
2462	390	392	85
2463	390	391	51
2464	390	395	99
2465	390	392	48
2466	390	391	81
2467	390	391	52
2468	391	392	94
2469	391	394	25
2470	391	395	17
2471	391	401	49
2472	391	393	36
2473	391	393	75
2474	391	393	48
2475	391	393	89
2476	391	394	31
2477	392	395	62
2478	392	397	28
2479	392	393	79
2480	392	395	19
2481	392	400	55
2482	392	398	13
2483	393	394	13
2484	393	394	75
2485	393	394	31
2486	393	396	28
2487	393	394	40
2488	393	396	92
2489	393	395	20
2490	393	398	15
2491	393	403	46
2492	394	396	89
2493	394	409	80
2494	394	395	40
2495	394	403	22
2496	394	395	49
2497	394	397	67
2498	394	395	60
2499	394	406	83
2500	395	398	87
2501	395	399	66
2502	395	400	78
2503	395	403	34
2504	395	397	73
2505	395	398	13
2506	395	397	27
2507	395	397	13
2508	395	397	70
2509	396	401	97
2510	396	399	64
2511	396	415	24
2512	396	414	80
2513	396	413	10
2514	396	399	96
2515	397	406	20
2516	397	399	10
2517	397	399	19
2518	397	398	32
2519	397	398	26
2520	397	406	40
2521	397	400	68
2522	397	401	57
2523	398	402	19
2524	398	407	52
2525	398	413	11
2526	398	408	78
2527	398	399	98
2528	398	400	15
2529	398	400	39
2530	399	417	94
2531	399	409	56
2532	399	401	33
2533	399	404	83
2534	399	401	59
2535	399	415	23
2536	400	404	10
2537	400	409	85
2538	400	409	86
2539	400	401	52
2540	400	402	53
2541	400	416	29
2542	401	403	72
2543	401	405	70
2544	401	407	46
2545	401	402	34
2546	401	408	51
2547	401	402	77
2548	402	403	83
2549	402	404	10
2550	402	406	66
2551	402	410	63
2552	403	407	91
2553	403	405	38
2554	403	406	36
2555	403	424	95
2556	403	404	94
2557	404	415	92
2558	404	406	56
2559	404	416	95
2560	404	409	35
2561	405	409	88
2562	405	406	70
2563	405	409	95
2564	406	407	26
2565	406	407	46
2566	406	416	79
2567	406	417	100
2568	406	415	74
2569	406	408	30
2570	406	407	26
2571	407	408	72
2572	407	417	65
2573	407	415	88
2574	407	411	76
2575	407	409	42
2576	407	412	50
2577	408	409	41
2578	408	413	15
2579	408	413	47
2580	408	413	28
2581	409	411	78
2582	409	411	68
2583	409	410	49
2584	409	411	26
2585	409	411	21
2586	409	413	19
2587	409	410	25
2588	409	413	45
2589	409	412	19
2590	410	412	90
2591	410	412	96
2592	410	419	88
2593	411	412	38
2594	411	415	54
2595	411	413	64
2596	411	414	77
2597	411	413	21
2598	412	416	84
2599	412	424	81
2600	412	420	50
2601	412	423	66
2602	412	418	100
2603	413	414	14
2604	413	416	38
2605	413	416	73
2606	413	419	94
2607	413	414	11
2608	413	416	61
2609	413	418	54
2610	413	418	90
2611	413	422	51
2612	414	419	23
2613	414	416	89
2614	414	420	63
2615	414	416	66
2616	415	417	87
2617	415	417	54
2618	415	418	89
2619	415	431	35
2620	415	422	87
2621	415	418	39
2622	416	420	20
2623	416	418	98
2624	416	419	23
2625	416	417	87
2626	416	420	50
2627	416	423	93
2628	416	418	99
2629	416	419	68
2630	416	425	20
2631	417	418	59
2632	417	419	89
2633	417	425	99
2634	417	429	27
2635	417	421	18
2636	417	421	72
2637	418	419	58
2638	418	422	85
2639	418	424	73
2640	418	420	40
2641	418	419	82
2642	418	421	58
2643	418	426	42
2644	418	419	89
2645	419	421	33
2646	419	420	89
2647	419	426	35
2648	419	421	38
2649	419	422	60
2650	419	424	49
2651	419	422	91
2652	419	425	59
2653	419	425	37
2654	420	425	70
2655	420	435	11
2656	420	424	99
2657	420	424	82
2658	420	423	24
2659	420	421	47
2660	421	426	10
2661	421	428	78
2662	421	424	76
2663	421	435	100
2664	421	426	50
2665	421	422	73
2666	422	426	61
2667	422	426	40
2668	422	425	66
2669	422	427	87
2670	422	424	68
2671	422	428	35
2672	423	425	32
2673	423	429	67
2674	423	435	12
2675	424	434	73
2676	424	425	49
2677	424	427	58
2678	424	441	78
2679	424	430	23
2680	424	429	39
2681	424	427	53
2682	424	425	63
2683	425	430	38
2684	425	427	42
2685	425	453	69
2686	425	427	81
2687	425	429	15
2688	425	428	74
2689	425	426	40
2690	425	426	54
2691	425	426	50
2692	426	427	81
2693	426	427	22
2694	426	428	36
2695	426	433	39
2696	426	427	78
2697	426	437	91
2698	426	431	86
2699	426	428	12
2700	426	427	38
2701	427	446	54
2702	427	435	67
2703	427	436	86
2704	427	440	13
2705	427	428	27
2706	427	429	14
2707	427	439	82
2708	427	430	92
2709	427	429	40
2710	428	432	69
2711	428	430	43
2712	428	437	45
2713	428	433	57
2714	428	436	18
2715	428	429	98
2716	429	431	50
2717	429	432	29
2718	429	434	86
2719	429	430	86
2720	429	433	16
2721	429	432	66
2722	429	437	40
2723	430	437	54
2724	430	431	63
2725	430	442	47
2726	430	436	91
2727	430	432	48
2728	431	435	47
2729	431	446	82
2730	431	432	98
2731	431	433	84
2732	432	440	86
2733	432	434	20
2734	432	435	36
2735	432	433	37
2736	432	433	19
2737	433	437	60
2738	433	434	51
2739	433	440	24
2740	433	435	29
2741	433	449	59
2742	433	437	87
2743	434	436	86
2744	434	437	17
2745	434	444	82
2746	434	435	79
2747	435	436	51
2748	435	442	91
2749	435	438	65
2750	435	445	24
2751	435	436	63
2752	435	439	56
2753	435	436	92
2754	435	436	60
2755	436	446	11
2756	436	437	44
2757	436	438	40
2758	436	441	93
2759	436	446	23
2760	436	438	10
2761	436	438	60
2762	436	437	81
2763	437	440	12
2764	437	438	29
2765	437	443	51
2766	437	443	88
2767	437	439	55
2768	437	443	19
2769	437	438	94
2770	437	440	20
2771	437	440	34
2772	438	448	75
2773	438	441	65
2774	438	439	68
2775	438	442	49
2776	438	442	99
2777	438	440	63
2778	439	453	65
2779	439	444	18
2780	439	440	76
2781	439	440	62
2782	440	441	12
2783	440	444	14
2784	440	445	80
2785	440	445	35
2786	440	442	90
2787	440	447	56
2788	440	443	33
2789	440	442	66
2790	440	442	81
2791	441	449	59
2792	441	454	16
2793	441	442	49
2794	441	446	16
2795	442	444	29
2796	442	448	63
2797	442	444	20
2798	442	447	63
2799	442	443	51
2800	442	443	66
2801	442	447	70
2802	442	443	89
2803	443	444	59
2804	443	445	34
2805	443	449	56
2806	443	444	47
2807	443	445	23
2808	443	444	63
2809	443	451	11
2810	444	457	41
2811	444	446	45
2812	444	448	23
2813	444	448	76
2814	444	445	81
2815	444	457	28
2816	444	449	38
2817	444	456	16
2818	445	452	25
2819	445	453	48
2820	445	452	28
2821	445	449	95
2822	445	450	74
2823	445	456	61
2824	446	450	28
2825	446	449	65
2826	446	451	68
2827	446	451	80
2828	446	449	17
2829	446	451	99
2830	447	450	100
2831	447	448	24
2832	447	453	36
2833	448	449	81
2834	448	451	48
2835	448	451	50
2836	448	454	95
2837	448	454	74
2838	449	452	44
2839	449	451	96
2840	449	455	71
2841	449	450	49
2842	449	450	77
2843	449	451	89
2844	449	451	26
2845	449	456	93
2846	450	457	82
2847	450	452	22
2848	450	455	72
2849	450	456	49
2850	450	453	39
2851	451	452	25
2852	451	454	53
2853	451	460	11
2854	451	458	21
2855	451	463	26
2856	451	454	10
2857	451	464	33
2858	451	454	43
2859	451	452	27
2860	452	455	69
2861	452	453	69
2862	452	454	27
2863	452	457	53
2864	452	456	67
2865	452	458	67
2866	453	454	79
2867	453	456	49
2868	453	471	13
2869	453	456	17
2870	453	455	100
2871	453	454	76
2872	454	455	65
2873	454	455	91
2874	454	457	79
2875	454	463	85
2876	454	456	85
2877	454	455	76
2878	454	455	45
2879	454	461	76
2880	454	455	56
2881	455	468	61
2882	455	457	18
2883	455	459	27
2884	455	457	14
2885	455	456	64
2886	455	465	31
2887	455	458	32
2888	455	459	17
2889	455	458	69
2890	456	463	16
2891	456	457	89
2892	456	459	49
2893	456	458	79
2894	456	458	68
2895	456	463	52
2896	456	461	26
2897	456	457	48
2898	456	461	67
2899	457	459	88
2900	457	466	42
2901	457	466	33
2902	457	460	55
2903	457	458	61
2904	457	460	19
2905	457	462	77
2906	457	458	17
2907	457	465	83
2908	458	468	31
2909	458	472	87
2910	458	469	79
2911	458	459	92
2912	458	461	50
2913	458	468	72
2914	458	460	30
2915	458	459	99
2916	459	461	11
2917	459	463	38
2918	459	460	60
2919	459	469	84
2920	459	460	90
2921	459	460	89
2922	460	467	59
2923	460	462	36
2924	460	461	53
2925	460	462	26
2926	460	463	68
2927	460	467	18
2928	460	471	58
2929	461	463	29
2930	461	464	93
2931	461	462	42
2932	461	464	29
2933	461	466	96
2934	461	467	40
2935	462	466	40
2936	462	466	73
2937	462	465	11
2938	462	463	71
2939	463	465	35
2940	463	466	53
2941	463	464	15
2942	463	467	49
2943	463	471	60
2944	463	466	95
2945	463	465	100
2946	463	464	77
2947	464	467	100
2948	464	471	50
2949	464	470	86
2950	464	470	28
2951	464	465	84
2952	465	471	23
2953	465	467	34
2954	465	466	72
2955	465	470	94
2956	465	468	92
2957	465	469	49
2958	466	473	59
2959	466	472	25
2960	466	467	39
2961	466	469	39
2962	466	475	41
2963	466	467	28
2964	466	471	55
2965	466	477	90
2966	467	472	76
2967	467	472	10
2968	467	471	95
2969	467	474	16
2970	467	469	29
2971	467	468	72
2972	467	470	64
2973	467	468	20
2974	468	470	71
2975	468	469	87
2976	468	471	68
2977	468	469	73
2978	468	476	43
2979	468	473	68
2980	469	477	48
2981	469	485	15
2982	469	479	66
2983	469	470	25
2984	469	475	41
2985	469	477	95
2986	469	474	27
2987	470	472	26
2988	470	471	80
2989	470	472	39
2990	470	475	70
2991	470	477	82
2992	470	479	24
2993	471	473	93
2994	471	485	85
2995	471	482	10
2996	471	473	49
2997	471	472	71
2998	471	481	97
2999	471	479	55
3000	471	473	58
3001	471	479	96
3002	472	477	72
3003	472	473	49
3004	472	473	80
3005	472	473	66
3006	472	473	76
3007	472	480	55
3008	472	479	25
3009	473	474	10
3010	473	476	90
3011	473	480	42
3012	473	476	10
3013	473	475	52
3014	473	474	18
3015	473	478	80
3016	473	482	14
3017	473	482	29
3018	474	480	98
3019	474	500	59
3020	474	477	26
3021	474	477	59
3022	475	478	32
3023	475	496	83
3024	475	477	54
3025	475	480	26
3026	476	477	24
3027	476	483	15
3028	476	479	100
3029	477	478	20
3030	477	478	58
3031	477	488	87
3032	477	481	86
3033	477	478	11
3034	477	484	86
3035	477	489	95
3036	477	481	98
3037	477	480	30
3038	478	481	98
3039	478	479	64
3040	478	480	11
3041	478	484	14
3042	478	497	26
3043	479	480	69
3044	479	482	36
3045	479	482	88
3046	479	483	97
3047	479	485	75
3048	479	482	90
3049	479	480	20
3050	480	484	92
3051	480	483	46
3052	480	482	30
3053	480	481	81
3054	480	486	82
3055	480	487	30
3056	480	488	92
3057	480	483	45
3058	481	486	25
3059	481	484	99
3060	481	490	37
3061	481	488	88
3062	481	485	66
3063	482	485	91
3064	482	483	63
3065	482	494	45
3066	482	483	53
3067	482	483	82
3068	482	483	33
3069	482	483	78
3070	483	495	85
3071	483	490	13
3072	483	487	80
3073	483	485	20
3074	483	486	20
3075	483	484	16
3076	483	489	49
3077	483	493	93
3078	483	484	66
3079	484	488	94
3080	484	485	58
3081	484	487	99
3082	484	488	82
3083	484	491	39
3084	484	487	91
3085	485	487	81
3086	485	496	54
3087	485	486	96
3088	485	486	22
3089	485	493	69
3090	485	486	70
3091	485	487	23
3092	486	492	49
3093	486	496	72
3094	486	494	67
3095	486	491	69
3096	486	489	44
3097	486	489	33
3098	487	488	51
3099	487	493	49
3100	487	489	81
3101	487	490	85
3102	487	497	54
3103	487	488	84
3104	488	491	13
3105	488	490	47
3106	488	492	55
3107	488	491	84
3108	488	489	49
3109	488	492	42
3110	488	489	37
3111	489	490	36
3112	489	495	40
3113	489	492	93
3114	489	491	43
3115	489	492	74
3116	489	502	35
3117	489	495	29
3118	490	491	73
3119	490	501	12
3120	490	500	65
3121	490	494	30
3122	490	492	60
3123	491	496	99
3124	491	500	56
3125	491	492	32
3126	491	503	86
3127	491	496	23
3128	491	493	72
3129	492	496	92
3130	492	493	68
3131	492	493	25
3132	492	493	68
3133	492	509	34
3134	492	502	35
3135	492	501	92
3136	493	499	48
3137	493	496	15
3138	493	495	11
3139	493	506	59
3140	493	494	33
3141	493	497	94
3142	493	495	47
3143	494	498	77
3144	494	496	99
3145	494	501	32
3146	494	496	63
3147	495	497	14
3148	495	498	61
3149	495	497	75
3150	495	497	74
3151	495	501	40
3152	496	501	12
3153	496	501	38
3154	496	498	59
3155	496	504	97
3156	496	500	58
3157	496	502	29
3158	496	497	70
3159	496	497	23
3160	496	499	21
3161	497	498	50
3162	497	499	84
3163	497	503	65
3164	497	503	87
3165	497	504	67
3166	497	504	70
3167	497	502	30
3168	497	503	53
3169	498	506	43
3170	498	500	78
3171	498	501	76
3172	498	500	26
3173	499	502	33
3174	499	507	28
3175	499	505	42
3176	500	505	27
3177	500	515	17
3178	500	503	24
3179	500	501	67
3180	500	504	76
3181	500	501	22
3182	501	507	100
3183	501	512	86
3184	501	503	86
3185	501	503	18
3186	501	502	60
3187	501	504	65
3188	501	502	65
3189	501	507	41
3190	501	502	34
3191	502	515	77
3192	502	505	40
3193	502	504	25
3194	502	524	80
3195	502	513	23
3196	502	511	57
3197	502	503	74
3198	502	503	83
3199	503	507	70
3200	503	512	78
3201	503	506	49
3202	503	506	36
3203	503	515	69
3204	503	505	26
3205	503	508	20
3206	503	506	21
3207	503	520	98
3208	504	505	33
3209	504	508	71
3210	504	505	10
3211	504	507	23
3212	504	505	90
3213	504	506	13
3214	505	522	68
3215	505	508	50
3216	505	512	77
3217	505	507	79
3218	505	513	53
3219	505	508	29
3220	505	508	84
3221	506	507	39
3222	506	511	25
3223	506	520	91
3224	506	515	85
3225	506	513	25
3226	506	509	51
3227	507	508	22
3228	507	511	80
3229	507	509	24
3230	507	516	24
3231	507	521	30
3232	507	514	83
3233	507	508	63
3234	508	510	66
3235	508	510	92
3236	508	518	49
3237	508	512	19
3238	508	513	43
3239	508	509	69
3240	508	509	10
3241	509	512	29
3242	509	512	99
3243	509	511	89
3244	509	515	27
3245	509	510	34
3246	510	523	31
3247	510	511	32
3248	510	515	24
3249	511	512	62
3250	511	512	97
3251	511	517	44
3252	511	514	28
3253	511	512	83
3254	512	513	60
3255	512	515	56
3256	512	515	25
3257	512	517	79
3258	512	518	69
3259	512	513	31
3260	512	514	57
3261	512	514	81
3262	512	520	14
3263	513	520	97
3264	513	516	33
3265	513	520	93
3266	513	515	57
3267	513	518	86
3268	513	517	84
3269	514	516	10
3270	514	518	37
3271	514	516	25
3272	514	519	93
3273	515	522	87
3274	515	520	86
3275	515	518	38
3276	515	528	62
3277	515	516	44
3278	515	540	94
3279	515	524	17
3280	515	516	85
3281	515	516	78
3282	516	519	98
3283	516	528	55
3284	516	517	10
3285	516	518	60
3286	516	517	91
3287	516	530	59
3288	516	517	15
3289	517	520	11
3290	517	518	21
3291	517	521	75
3292	517	536	17
3293	517	525	23
3294	517	519	71
3295	518	524	74
3296	518	523	79
3297	518	521	69
3298	518	530	90
3299	518	524	96
3300	518	521	65
3301	518	520	58
3302	519	529	26
3303	519	521	69
3304	519	520	66
3305	520	531	89
3306	520	521	40
3307	520	531	11
3308	520	527	27
3309	520	521	23
3310	520	526	22
3311	520	528	98
3312	520	521	32
3313	520	522	41
3314	521	522	33
3315	521	530	16
3316	521	526	17
3317	521	529	31
3318	521	529	38
3319	521	526	100
3320	521	523	89
3321	521	532	33
3322	522	524	71
3323	522	525	23
3324	522	523	34
3325	522	525	96
3326	523	540	60
3327	523	526	42
3328	523	527	80
3329	523	535	99
3330	524	529	45
3331	524	525	80
3332	524	529	81
3333	524	525	40
3334	524	531	61
3335	525	527	98
3336	525	532	58
3337	525	530	50
3338	525	527	54
3339	525	533	31
3340	526	532	15
3341	526	527	36
3342	526	536	29
3343	526	528	76
3344	527	532	15
3345	527	531	79
3346	527	538	74
3347	527	529	55
3348	527	530	64
3349	528	538	66
3350	528	529	44
3351	528	531	77
3352	528	530	45
3353	529	541	70
3354	529	537	31
3355	529	533	89
3356	529	545	45
3357	529	542	13
3358	529	532	89
3359	529	532	17
3360	530	555	95
3361	530	534	31
3362	530	531	95
3363	530	540	68
3364	530	534	49
3365	530	532	23
3366	531	532	59
3367	531	534	27
3368	531	536	50
3369	531	532	78
3370	531	541	99
3371	531	533	64
3372	532	535	41
3373	532	534	54
3374	532	533	42
3375	532	539	54
3376	532	534	78
3377	532	544	17
3378	532	535	23
3379	532	536	28
3380	532	533	71
3381	533	562	43
3382	533	542	28
3383	533	540	80
3384	533	540	17
3385	533	534	49
3386	534	536	66
3387	534	538	53
3388	534	540	50
3389	534	541	10
3390	534	537	97
3391	534	535	63
3392	535	539	81
3393	535	556	47
3394	535	541	46
3395	535	539	16
3396	536	545	73
3397	536	537	75
3398	536	538	62
3399	536	539	14
3400	536	541	79
3401	537	539	96
3402	537	545	69
3403	537	544	57
3404	538	541	23
3405	538	539	52
3406	538	560	12
3407	538	540	22
3408	539	552	91
3409	539	540	54
3410	539	552	35
3411	539	544	78
3412	539	540	38
3413	539	548	23
3414	540	545	33
3415	540	541	14
3416	540	543	53
3417	540	545	79
3418	540	543	70
3419	540	544	36
3420	540	541	54
3421	540	545	66
3422	540	542	27
3423	541	543	15
3424	541	545	99
3425	541	542	85
3426	541	548	61
3427	541	556	62
3428	541	542	63
3429	541	543	71
3430	541	542	93
3431	542	543	75
3432	542	544	28
3433	542	552	47
3434	542	544	49
3435	542	543	44
3436	542	555	50
3437	543	549	85
3438	543	544	49
3439	543	546	58
3440	543	544	24
3441	543	549	33
3442	543	547	21
3443	544	547	52
3444	544	549	74
3445	544	546	67
3446	544	559	78
3447	544	545	53
3448	544	546	37
3449	544	545	88
3450	544	548	17
3451	545	553	84
3452	545	546	55
3453	545	546	54
3454	545	548	92
3455	545	548	29
3456	545	547	13
3457	545	549	79
3458	545	547	30
3459	545	555	49
3460	546	550	25
3461	546	547	73
3462	546	553	97
3463	546	552	96
3464	546	548	33
3465	547	555	29
3466	547	548	17
3467	547	549	80
3468	547	549	42
3469	547	549	51
3470	548	551	11
3471	548	549	86
3472	548	549	19
3473	548	560	63
3474	548	553	51
3475	548	556	86
3476	548	550	79
3477	549	562	71
3478	549	561	25
3479	549	552	12
3480	549	557	99
3481	549	575	84
3482	549	552	84
3483	549	551	63
3484	549	550	84
3485	549	554	51
3486	550	552	52
3487	550	554	30
3488	550	551	51
3489	551	552	35
3490	551	554	43
3491	551	561	36
3492	552	558	58
3493	552	560	69
3494	552	561	12
3495	552	553	91
3496	552	554	61
3497	552	564	59
3498	552	560	43
3499	552	556	99
3500	553	558	94
3501	553	558	89
3502	553	562	10
3503	553	554	77
3504	554	562	37
3505	554	556	68
3506	554	562	96
3507	554	558	44
3508	554	557	73
3509	555	559	87
3510	555	562	73
3511	555	564	79
3512	555	559	25
3513	556	562	13
3514	556	560	69
3515	556	559	90
3516	556	557	31
3517	556	558	20
3518	557	560	12
3519	557	560	90
3520	557	561	12
3521	558	559	68
3522	558	563	61
3523	558	563	50
3524	558	563	84
3525	558	567	15
3526	559	562	41
3527	559	561	38
3528	559	560	65
3529	559	560	68
3530	559	562	29
3531	560	561	56
3532	560	565	44
3533	560	568	91
3534	560	567	85
3535	560	567	47
3536	560	586	31
3537	560	563	67
3538	560	565	69
3539	560	563	61
3540	561	564	61
3541	561	566	93
3542	561	565	70
3543	561	563	54
3544	561	563	53
3545	561	563	64
3546	562	563	51
3547	562	564	41
3548	562	565	16
3549	562	567	23
3550	562	565	22
3551	562	576	36
3552	562	570	13
3553	562	569	17
3554	562	573	85
3555	563	564	44
3556	563	594	13
3557	563	571	67
3558	563	577	48
3559	563	566	43
3560	563	571	11
3561	563	567	74
3562	563	578	44
3563	563	569	92
3564	564	566	63
3565	564	569	26
3566	564	567	82
3567	564	566	73
3568	564	566	70
3569	565	573	76
3570	565	568	31
3571	565	566	76
3572	565	566	48
3573	565	573	59
3574	566	568	56
3575	566	570	36
3576	566	587	51
3577	566	570	75
3578	566	569	12
3579	566	578	34
3580	566	574	32
3581	567	573	49
3582	567	570	97
3583	567	575	32
3584	567	569	45
3585	567	568	73
3586	567	568	10
3587	568	571	67
3588	568	569	41
3589	568	569	27
3590	568	569	45
3591	568	569	91
3592	569	571	44
3593	569	574	92
3594	569	574	82
3595	569	574	64
3596	569	572	79
3597	569	571	53
3598	569	573	25
3599	569	571	63
3600	569	582	97
3601	570	571	30
3602	570	571	60
3603	570	575	48
3604	570	572	41
3605	571	574	55
3606	571	576	60
3607	571	577	11
3608	571	577	74
3609	571	574	70
3610	571	576	27
3611	571	572	26
3612	571	572	90
3613	572	573	49
3614	572	583	96
3615	572	584	78
3616	572	578	44
3617	573	575	84
3618	573	579	84
3619	573	574	66
3620	573	576	69
3621	573	577	45
3622	573	576	77
3623	574	578	81
3624	574	579	38
3625	574	575	64
3626	574	579	23
3627	574	582	96
3628	574	575	88
3629	574	577	51
3630	575	583	33
3631	575	578	13
3632	575	588	84
3633	575	577	35
3634	575	577	60
3635	575	583	11
3636	576	579	49
3637	576	578	42
3638	576	581	99
3639	576	577	64
3640	576	577	74
3641	577	585	61
3642	577	578	80
3643	577	580	62
3644	577	578	17
3645	577	581	97
3646	577	589	41
3647	577	580	88
3648	577	579	82
3649	577	588	57
3650	578	581	22
3651	578	580	81
3652	578	589	35
3653	578	579	98
3654	578	586	74
3655	578	600	16
3656	578	580	38
3657	578	580	79
3658	579	588	41
3659	579	581	44
3660	579	580	19
3661	579	580	78
3662	579	586	56
3663	579	580	95
3664	580	582	88
3665	580	582	12
3666	580	588	94
3667	580	581	13
3668	580	588	81
3669	580	586	97
3670	580	582	37
3671	580	584	16
3672	581	590	16
3673	581	588	65
3674	581	582	65
3675	581	589	89
3676	581	585	96
3677	582	592	86
3678	582	583	57
3679	582	583	39
3680	582	587	13
3681	582	590	23
3682	582	589	79
3683	583	585	58
3684	583	584	15
3685	583	584	53
3686	583	586	67
3687	583	593	74
3688	584	586	10
3689	584	586	81
3690	584	591	34
3691	584	585	57
3692	585	589	60
3693	585	593	31
3694	585	586	22
3695	585	589	39
3696	586	589	64
3697	586	588	82
3698	586	593	57
3699	586	587	95
3700	586	599	48
3701	586	597	91
3702	586	588	71
3703	586	589	42
3704	587	588	57
3705	587	591	18
3706	587	595	55
3707	588	591	46
3708	588	593	48
3709	588	595	56
3710	588	591	76
3711	588	593	36
3712	588	589	84
3713	588	591	90
3714	588	590	60
3715	588	592	46
3716	589	594	31
3717	589	591	87
3718	589	592	89
3719	589	595	69
3720	589	599	99
3721	589	590	74
3722	589	591	68
3723	589	595	75
3724	589	591	29
3725	590	594	50
3726	590	603	62
3727	590	592	18
3728	590	598	62
3729	591	592	73
3730	591	598	27
3731	591	592	26
3732	591	593	48
3733	591	614	11
3734	591	594	58
3735	591	598	53
3736	591	599	46
3737	592	598	20
3738	592	595	36
3739	592	595	88
3740	592	595	74
3741	592	600	91
3742	592	610	48
3743	593	599	71
3744	593	597	73
3745	593	596	79
3746	593	595	39
3747	593	596	83
3748	593	597	90
3749	594	598	65
3750	594	595	74
3751	594	604	89
3752	594	605	79
3753	595	596	86
3754	595	599	40
3755	595	601	48
3756	595	607	25
3757	595	603	23
3758	595	598	15
3759	595	597	35
3760	595	600	46
3761	595	596	94
3762	596	599	82
3763	596	601	19
3764	596	608	85
3765	596	603	91
3766	597	599	31
3767	597	600	35
3768	597	600	50
3769	597	602	97
3770	598	605	90
3771	598	603	51
3772	598	603	91
3773	598	599	74
3774	598	599	78
3775	598	600	42
3776	599	610	28
3777	599	600	25
3778	599	606	95
3779	599	602	18
3780	599	604	93
3781	599	603	50
3782	599	600	56
3783	599	617	30
3784	599	601	13
3785	600	602	47
3786	600	605	25
3787	600	603	22
3788	600	602	57
3789	600	602	16
3790	600	602	11
3791	600	602	74
3792	600	604	73
3793	601	603	78
3794	601	602	20
3795	601	604	34
3796	602	605	89
3797	602	606	28
3798	602	609	100
3799	602	603	74
3800	602	608	34
3801	602	610	77
3802	602	607	95
3803	602	605	84
3804	603	606	96
3805	603	604	48
3806	603	611	34
3807	603	604	41
3808	603	604	93
3809	603	607	31
3810	603	611	27
3811	603	606	96
3812	603	605	70
3813	604	605	32
3814	604	605	58
3815	604	613	79
3816	604	605	33
3817	604	610	59
3818	604	610	12
3819	604	621	31
3820	605	606	48
3821	605	611	92
3822	605	617	62
3823	605	606	54
3824	605	614	15
3825	605	612	42
3826	605	607	17
3827	605	608	12
3828	605	611	57
3829	606	610	81
3830	606	607	27
3831	606	613	87
3832	606	609	40
3833	606	611	78
3834	606	609	49
3835	607	609	40
3836	607	608	21
3837	607	609	10
3838	607	608	22
3839	607	608	58
3840	608	610	49
3841	608	612	32
3842	608	612	97
3843	608	609	69
3844	608	616	12
3845	608	611	62
3846	609	612	32
3847	609	611	47
3848	609	610	16
3849	609	611	59
3850	609	610	67
3851	609	613	31
3852	610	613	83
3853	610	613	43
3854	610	622	42
3855	610	616	49
3856	610	615	96
3857	610	615	95
3858	610	616	37
3859	610	614	11
3860	610	632	87
3861	611	617	31
3862	611	614	30
3863	611	620	55
3864	611	615	32
3865	611	612	25
3866	611	612	30
3867	611	614	50
3868	611	612	36
3869	612	613	95
3870	612	614	83
3871	612	624	10
3872	612	625	41
3873	612	613	31
3874	612	613	98
3875	612	615	71
3876	613	615	17
3877	613	616	17
3878	613	615	85
3879	613	614	26
3880	613	614	96
3881	613	618	51
3882	613	615	95
3883	613	615	63
3884	614	625	86
3885	614	617	22
3886	614	621	46
3887	614	615	55
3888	614	616	98
3889	614	619	78
3890	614	621	88
3891	614	616	54
3892	615	619	97
3893	615	617	45
3894	615	617	36
3895	615	620	76
3896	615	626	61
3897	615	627	30
3898	615	616	94
3899	615	616	67
3900	615	621	74
3901	616	617	20
3902	616	617	49
3903	616	619	60
3904	616	621	34
3905	616	620	55
3906	616	617	23
3907	616	618	62
3908	616	628	100
3909	617	620	64
3910	617	619	77
3911	617	620	90
3912	617	623	68
3913	617	622	64
3914	617	619	72
3915	617	618	74
3916	617	622	58
3917	617	618	87
3918	618	619	32
3919	618	624	78
3920	618	620	85
3921	618	620	85
3922	619	620	47
3923	619	621	18
3924	619	621	88
3925	619	624	77
3926	619	620	80
3927	619	628	47
3928	620	624	100
3929	620	627	16
3930	620	626	69
3931	620	626	33
3932	620	622	32
3933	620	629	26
3934	620	623	53
3935	620	621	27
3936	620	621	70
3937	621	635	41
3938	621	631	31
3939	621	622	70
3940	621	622	80
3941	621	628	86
3942	621	627	31
3943	621	627	57
3944	621	636	72
3945	621	623	26
3946	622	623	70
3947	622	624	15
3948	622	624	13
3949	622	626	35
3950	622	623	19
3951	622	623	14
3952	623	626	97
3953	623	626	65
3954	623	624	78
3955	623	626	18
3956	623	624	78
3957	623	630	22
3958	624	626	15
3959	624	625	59
3960	624	633	100
3961	624	627	88
3962	624	627	95
3963	624	642	98
3964	624	636	34
3965	624	630	78
3966	625	629	35
3967	625	626	91
3968	625	629	33
3969	626	630	82
3970	626	636	25
3971	626	627	53
3972	626	629	59
3973	626	627	46
3974	626	630	66
3975	626	630	27
3976	626	627	55
3977	626	641	40
3978	627	629	88
3979	627	633	16
3980	627	628	52
3981	627	631	24
3982	627	630	39
3983	627	628	52
3984	627	636	18
3985	627	633	20
3986	627	630	89
3987	628	632	13
3988	628	632	74
3989	628	629	33
3990	628	635	51
3991	628	632	18
3992	629	646	25
3993	629	635	96
3994	629	635	91
3995	629	631	13
3996	629	630	59
3997	629	634	63
3998	630	638	20
3999	630	631	70
4000	630	633	49
4001	630	632	23
4002	630	632	71
4003	630	636	49
4004	630	638	40
4005	630	634	98
4006	631	633	37
4007	631	633	65
4008	631	661	88
4009	631	632	35
4010	632	637	90
4011	632	636	34
4012	632	635	83
4013	632	634	24
4014	632	635	38
4015	632	633	80
4016	632	634	66
4017	633	635	64
4018	633	634	56
4019	633	634	42
4020	633	637	71
4021	633	634	87
4022	633	636	31
4023	633	636	13
4024	634	652	18
4025	634	635	42
4026	634	641	16
4027	634	639	96
4028	634	649	49
4029	634	635	43
4030	634	640	30
4031	635	637	36
4032	635	641	99
4033	635	637	57
4034	635	636	74
4035	635	640	98
4036	635	637	35
4037	635	640	40
4038	635	637	56
4039	635	637	90
4040	636	643	36
4041	636	639	40
4042	636	646	84
4043	636	637	19
4044	636	644	24
4045	636	637	11
4046	636	641	39
4047	636	647	15
4048	636	642	28
4049	637	639	35
4050	637	640	59
4051	637	641	57
4052	637	638	85
4053	637	650	55
4054	637	640	76
4055	637	638	27
4056	637	639	33
4057	637	640	51
4058	638	641	61
4059	638	640	30
4060	638	642	81
4061	638	645	96
4062	639	640	24
4063	639	646	98
4064	639	658	37
4065	639	643	38
4066	640	645	91
4067	640	645	63
4068	640	642	46
4069	640	642	36
4070	640	642	70
4071	640	660	10
4072	640	649	31
4073	640	663	58
4074	641	649	35
4075	641	646	93
4076	641	648	63
4077	641	642	45
4078	641	645	70
4079	641	651	33
4080	642	643	48
4081	642	649	46
4082	642	643	75
4083	642	645	98
4084	642	644	27
4085	642	647	97
4086	642	648	44
4087	643	644	65
4088	643	644	48
4089	643	645	43
4090	643	645	10
4091	644	647	33
4092	644	648	90
4093	644	648	79
4094	644	649	17
4095	645	650	45
4096	645	648	19
4097	645	656	58
4098	645	647	34
4099	645	665	76
4100	645	647	84
4101	645	648	38
4102	646	652	16
4103	646	650	83
4104	646	650	49
4105	646	648	27
4106	647	648	24
4107	647	655	38
4108	647	653	29
4109	647	651	95
4110	647	649	72
4111	648	657	34
4112	648	653	94
4113	648	654	17
4114	648	656	94
4115	648	655	33
4116	648	649	94
4117	648	649	10
4118	648	657	39
4119	649	654	33
4120	649	658	18
4121	649	653	34
4122	649	654	40
4123	649	650	62
4124	649	664	63
4125	649	651	77
4126	649	650	42
4127	650	651	70
4128	650	652	88
4129	650	663	56
4130	650	654	52
4131	650	658	91
4132	650	655	61
4133	651	652	30
4134	651	656	97
4135	651	654	34
4136	651	662	50
4137	652	653	47
4138	652	655	34
4139	652	658	63
4140	652	658	17
4141	653	655	48
4142	653	654	81
4143	653	657	14
4144	653	654	28
4145	654	655	62
4146	654	658	100
4147	654	655	67
4148	654	659	17
4149	654	665	36
4150	654	655	11
4151	654	671	15
4152	655	660	86
4153	655	664	53
4154	655	656	32
4155	655	661	54
4156	655	665	24
4157	655	657	54
4158	655	659	30
4159	655	658	78
4160	656	658	35
4161	656	661	40
4162	656	662	57
4163	656	665	51
4164	657	659	88
4165	657	658	80
4166	657	660	85
4167	657	668	48
4168	658	663	78
4169	658	672	60
4170	658	660	62
4171	658	659	39
4172	658	662	39
4173	658	668	61
4174	658	662	23
4175	658	669	62
4176	658	661	84
4177	659	665	10
4178	659	660	74
4179	659	662	70
4180	659	664	67
4181	660	662	54
4182	660	672	89
4183	660	663	14
4184	660	661	24
4185	660	667	16
4186	661	663	73
4187	661	666	66
4188	661	672	61
4189	661	666	77
4190	661	662	31
4191	662	663	63
4192	662	667	87
4193	662	672	31
4194	662	674	25
4195	662	663	91
4196	662	670	60
4197	662	663	55
4198	663	666	86
4199	663	664	22
4200	663	667	16
4201	663	664	73
4202	663	672	74
4203	663	670	92
4204	663	665	100
4205	663	668	15
4206	664	678	32
4207	664	666	90
4208	664	665	50
4209	664	667	75
4210	664	665	92
4211	665	669	87
4212	665	677	89
4213	665	669	34
4214	665	666	98
4215	665	667	15
4216	665	667	75
4217	665	670	34
4218	665	667	62
4219	666	672	34
4220	666	667	98
4221	666	668	23
4222	666	668	60
4223	666	667	12
4224	667	668	17
4225	667	671	54
4226	667	673	25
4227	667	673	71
4228	667	673	95
4229	667	683	41
4230	667	669	50
4231	667	670	43
4232	667	670	84
4233	668	685	11
4234	668	670	68
4235	668	673	84
4236	668	675	21
4237	668	681	66
4238	668	669	41
4239	669	670	81
4240	669	671	59
4241	669	676	85
4242	669	673	45
4243	669	671	64
4244	670	675	66
4245	670	672	54
4246	670	673	85
4247	670	671	12
4248	670	671	20
4249	670	675	40
4250	670	674	58
4251	671	673	14
4252	671	674	40
4253	671	672	48
4254	671	672	51
4255	671	676	19
4256	671	678	77
4257	672	675	32
4258	672	678	48
4259	672	677	26
4260	672	677	97
4261	672	680	85
4262	672	673	93
4263	672	682	17
4264	672	673	73
4265	672	680	89
4266	673	675	18
4267	673	675	59
4268	673	676	79
4269	673	677	86
4270	673	675	79
4271	673	682	38
4272	673	676	83
4273	673	677	63
4274	673	674	16
4275	674	682	39
4276	674	677	25
4277	674	675	75
4278	674	675	75
4279	675	676	98
4280	675	681	93
4281	675	677	46
4282	675	677	53
4283	675	679	35
4284	675	680	85
4285	675	676	44
4286	675	679	50
4287	675	684	80
4288	676	680	34
4289	676	677	80
4290	676	681	74
4291	676	686	98
4292	676	683	70
4293	676	683	76
4294	677	681	67
4295	677	679	38
4296	677	684	36
4297	677	684	32
4298	677	679	98
4299	677	682	46
4300	677	688	21
4301	677	679	66
4302	677	681	86
4303	678	682	44
4304	678	684	80
4305	678	680	21
4306	679	693	77
4307	679	681	56
4308	679	682	49
4309	679	687	75
4310	679	683	12
4311	680	685	94
4312	680	688	66
4313	680	693	77
4314	680	682	32
4315	680	682	52
4316	681	683	64
4317	681	686	62
4318	681	686	75
4319	681	683	15
4320	681	684	29
4321	681	689	21
4322	682	683	93
4323	682	691	50
4324	682	683	40
4325	682	700	70
4326	682	683	78
4327	682	689	95
4328	682	684	14
4329	682	684	64
4330	683	686	13
4331	683	684	13
4332	683	686	27
4333	683	687	53
4334	683	688	98
4335	683	686	10
4336	683	684	96
4337	683	686	71
4338	683	687	31
4339	684	688	61
4340	684	689	65
4341	684	685	16
4342	684	690	97
4343	684	687	75
4344	684	688	91
4345	684	703	61
4346	684	690	68
4347	684	686	12
4348	685	687	58
4349	685	692	83
4350	685	686	74
4351	686	688	76
4352	686	690	37
4353	686	691	70
4354	686	690	92
4355	686	690	14
4356	686	688	85
4357	686	687	54
4358	686	693	86
4359	686	694	91
4360	687	689	68
4361	687	691	93
4362	687	692	30
4363	687	688	79
4364	687	693	22
4365	687	693	28
4366	688	692	40
4367	688	694	19
4368	688	693	98
4369	688	697	52
4370	688	689	42
4371	688	692	16
4372	688	690	72
4373	688	703	75
4374	689	693	93
4375	689	690	38
4376	689	692	32
4377	689	690	98
4378	689	691	56
4379	690	691	54
4380	690	692	81
4381	690	691	68
4382	690	693	64
4383	690	702	92
4384	690	691	93
4385	690	697	59
4386	690	695	46
4387	691	701	28
4388	691	700	34
4389	691	696	84
4390	691	692	16
4391	691	700	24
4392	691	692	74
4393	691	694	53
4394	692	698	37
4395	692	693	15
4396	692	694	89
4397	692	697	55
4398	692	698	39
4399	692	700	56
4400	692	704	50
4401	692	695	69
4402	693	694	94
4403	693	699	43
4404	693	698	90
4405	693	707	23
4406	693	697	34
4407	693	698	73
4408	693	697	40
4409	693	697	32
4410	693	696	70
4411	694	695	30
4412	694	697	58
4413	694	703	98
4414	694	699	83
4415	694	700	51
4416	695	702	87
4417	695	698	94
4418	695	696	34
4419	696	697	57
4420	696	698	89
4421	696	697	39
4422	697	702	84
4423	697	699	70
4424	697	699	76
4425	697	710	57
4426	697	703	11
4427	697	698	40
4428	697	702	63
4429	697	698	10
4430	697	698	45
4431	698	701	47
4432	698	700	92
4433	698	706	59
4434	698	700	85
4435	698	702	92
4436	698	707	18
4437	698	703	20
4438	698	705	38
4439	698	699	93
4440	699	700	69
4441	699	702	63
4442	699	706	95
4443	699	700	81
4444	699	705	82
4445	700	701	50
4446	700	704	74
4447	700	702	46
4448	700	705	55
4449	700	706	100
4450	700	704	37
4451	700	701	31
4452	700	702	62
4453	700	701	75
4454	701	709	48
4455	701	705	46
4456	701	707	32
4457	701	702	32
4458	701	703	37
4459	702	705	31
4460	702	704	41
4461	702	704	60
4462	702	710	69
4463	702	707	69
4464	702	705	96
4465	702	704	28
4466	702	706	84
4467	702	711	30
4468	703	712	57
4469	703	706	44
4470	703	704	41
4471	703	713	74
4472	703	708	81
4473	703	709	28
4474	704	705	30
4475	704	709	60
4476	704	705	64
4477	704	715	71
4478	704	719	52
4479	704	705	64
4480	704	707	62
4481	705	707	16
4482	705	710	52
4483	705	709	98
4484	705	709	55
4485	705	708	79
4486	705	707	27
4487	705	706	44
4488	705	706	95
4489	705	706	84
4490	706	712	10
4491	706	716	99
4492	706	707	25
4493	706	710	75
4494	706	708	60
4495	706	709	22
4496	706	708	21
4497	706	710	94
4498	707	715	78
4499	707	712	73
4500	707	717	32
4501	707	710	66
4502	707	710	71
4503	707	709	29
4504	707	709	47
4505	707	712	34
4506	708	710	36
4507	708	712	98
4508	708	711	15
4509	708	709	56
4510	709	714	66
4511	709	714	17
4512	709	711	60
4513	709	710	31
4514	709	716	54
4515	709	724	14
4516	709	713	79
4517	709	712	18
4518	709	712	58
4519	710	713	46
4520	710	712	40
4521	710	715	48
4522	710	715	91
4523	710	717	23
4524	710	719	30
4525	710	716	33
4526	710	711	55
4527	710	713	84
4528	711	721	13
4529	711	723	90
4530	711	712	54
4531	711	719	86
4532	712	717	29
4533	712	713	55
4534	712	717	70
4535	712	714	32
4536	712	715	11
4537	712	718	11
4538	712	713	93
4539	712	716	57
4540	712	719	26
4541	713	715	51
4542	713	717	39
4543	713	715	83
4544	713	716	14
4545	713	717	77
4546	713	719	20
4547	714	718	11
4548	714	722	39
4549	714	716	51
4550	715	719	63
4551	715	725	55
4552	715	720	19
4553	715	717	37
4554	715	726	75
4555	715	729	22
4556	715	720	65
4557	716	721	92
4558	716	717	69
4559	716	723	78
4560	716	717	37
4561	716	718	35
4562	716	721	83
4563	717	720	13
4564	717	718	72
4565	717	723	80
4566	717	724	76
4567	717	738	95
4568	717	718	34
4569	717	721	64
4570	717	720	98
4571	717	720	61
4572	718	720	27
4573	718	723	43
4574	718	719	13
4575	718	727	66
4576	718	729	68
4577	719	721	86
4578	719	720	42
4579	719	720	42
4580	719	726	44
4581	719	725	61
4582	719	720	88
4583	719	724	67
4584	720	721	65
4585	720	728	69
4586	720	723	55
4587	720	728	56
4588	720	737	29
4589	720	721	31
4590	720	722	47
4591	720	721	76
4592	720	723	51
4593	721	723	36
4594	721	727	68
4595	721	724	84
4596	721	722	64
4597	721	724	28
4598	721	722	14
4599	721	726	12
4600	721	723	62
4601	722	724	33
4602	722	727	41
4603	722	735	78
4604	722	729	17
4605	723	728	95
4606	723	724	11
4607	723	724	60
4608	723	725	11
4609	723	725	67
4610	723	724	90
4611	723	734	50
4612	723	748	97
4613	724	725	19
4614	724	726	62
4615	724	733	78
4616	724	727	73
4617	724	725	68
4618	724	727	92
4619	724	726	62
4620	724	739	39
4621	724	729	25
4622	725	726	21
4623	725	727	93
4624	725	734	11
4625	725	728	28
4626	725	728	71
4627	725	729	60
4628	726	729	20
4629	726	727	36
4630	726	733	12
4631	726	730	69
4632	726	735	74
4633	726	727	33
4634	727	740	80
4635	727	731	41
4636	727	728	99
4637	727	731	86
4638	727	730	66
4639	727	730	68
4640	727	734	55
4641	727	728	47
4642	728	730	64
4643	728	729	70
4644	728	731	27
4645	728	731	80
4646	728	729	22
4647	728	736	85
4648	728	734	77
4649	729	732	67
4650	729	732	90
4651	729	734	84
4652	729	732	11
4653	729	731	28
4654	729	738	27
4655	729	732	15
4656	729	731	71
4657	730	734	18
4658	730	732	79
4659	730	736	79
4660	730	732	35
4661	731	740	97
4662	731	736	12
4663	731	732	66
4664	731	735	15
4665	731	733	66
4666	731	737	25
4667	732	740	94
4668	732	736	91
4669	732	739	78
4670	732	733	18
4671	732	733	70
4672	732	733	97
4673	732	738	37
4674	733	734	43
4675	733	734	70
4676	733	738	12
4677	733	735	40
4678	733	739	88
4679	733	734	75
4680	734	740	46
4681	734	743	64
4682	734	738	17
4683	734	745	84
4684	734	735	29
4685	734	735	23
4686	734	735	74
4687	734	739	33
4688	734	739	100
4689	735	737	34
4690	735	736	80
4691	735	741	85
4692	735	742	31
4693	735	743	74
4694	735	737	36
4695	735	746	100
4696	736	737	45
4697	736	741	75
4698	736	738	35
4699	736	737	86
4700	736	739	89
4701	737	748	42
4702	737	738	83
4703	737	752	76
4704	737	738	75
4705	737	739	65
4706	737	738	92
4707	738	746	78
4708	738	741	78
4709	738	739	39
4710	738	739	10
4711	738	740	52
4712	738	744	30
4713	738	742	85
4714	738	758	60
4715	738	740	88
4716	739	742	16
4717	739	742	73
4718	739	747	31
4719	739	759	42
4720	739	743	52
4721	739	740	97
4722	739	748	68
4723	739	740	35
4724	739	741	88
4725	740	749	52
4726	740	744	24
4727	740	741	72
4728	740	742	27
4729	740	744	79
4730	740	742	100
4731	740	745	69
4732	740	747	16
4733	741	744	50
4734	741	742	27
4735	741	742	73
4736	741	749	60
4737	741	751	50
4738	742	743	24
4739	742	746	44
4740	742	748	30
4741	742	744	63
4742	742	744	94
4743	742	743	12
4744	742	745	88
4745	742	749	62
4746	743	750	12
4747	743	748	52
4748	743	757	74
4749	743	748	53
4750	743	748	13
4751	744	749	49
4752	744	746	77
4753	744	749	30
4754	744	745	97
4755	744	752	54
4756	744	747	55
4757	745	747	77
4758	745	754	98
4759	745	748	67
4760	745	763	99
4761	746	748	86
4762	746	747	17
4763	746	747	75
4764	746	752	68
4765	747	754	77
4766	747	749	49
4767	747	751	64
4768	747	751	88
4769	747	749	11
4770	747	750	87
4771	748	752	22
4772	748	753	69
4773	748	751	87
4774	748	753	17
4775	748	750	44
4776	748	749	81
4777	748	757	12
4778	748	749	27
4779	748	766	25
4780	749	753	17
4781	749	754	41
4782	749	750	49
4783	749	751	42
4784	749	753	37
4785	749	755	53
4786	749	751	79
4787	749	751	98
4788	749	758	16
4789	750	757	34
4790	750	758	26
4791	750	752	79
4792	750	753	53
