5002	100	0	0
0	1	8	75
1	1	2	41
2	1	4	63
3	1	5	33
4	1	2	49
5	1	3	57
6	1	5	100
7	1	4	77
8	1	4	27
9	1	2	41
10	1	5	57
11	1	15	34
12	1	2	61
13	1	7	17
14	1	15	33
15	1	16	53
16	1	3	26
17	1	6	35
18	1	6	36
19	1	2	31
20	1	3	84
21	1	4	87
22	1	5	87
23	1	4	41
24	1	5	34
25	1	3	53
26	1	3	53
27	2	11	30
28	2	23	14
29	2	4	36
30	2	12	44
31	2	6	41
32	2	6	54
33	2	3	59
34	2	8	73
35	2	3	11
36	2	4	71
37	2	5	60
38	2	12	29
39	2	5	39
40	3	6	30
41	3	7	67
42	3	5	73
43	3	4	24
44	4	6	17
45	4	5	72
46	4	9	96
47	4	11	51
48	4	18	90
49	4	13	18
50	4	8	82
51	4	10	66
52	5	12	40
53	5	13	88
54	6	10	15
55	6	8	14
56	6	12	45
57	6	16	81
58	6	7	23
59	6	7	15
60	6	13	28
61	7	8	77
62	7	11	24
63	7	16	51
64	7	10	77
65	7	8	89
66	7	9	94
67	7	10	94
68	7	9	31
69	7	8	38
70	7	9	83
71	7	18	24
72	7	10	44
73	8	20	95
74	9	11	34
75	9	11	22
76	9	11	88
77	9	32	23
78	9	11	46
79	9	10	95
80	10	11	87
81	11	12	17
82	11	20	49
83	11	13	44
84	11	13	32
85	11	12	87
86	11	12	80
87	11	13	58
88	11	23	15
89	11	15	70
90	11	18	69
91	11	20	80
92	11	12	20
93	12	14	87
94	12	19	44
95	12	16	95
96	12	14	21
97	12	16	46
98	12	13	26
99	12	16	47
100	12	13	31
101	13	28	63
102	13	14	93
103	13	14	38
104	13	22	53
105	13	15	54
106	13	18	19
107	13	17	69
108	13	22	96
109	13	16	22
110	13	26	10
111	14	18	82
112	14	15	80
113	14	22	55
114	14	15	12
115	14	15	87
116	14	15	63
117	14	16	73
118	15	23	34
119	15	21	76
120	15	16	94
121	16	23	38
122	16	21	92
123	16	17	77
124	16	17	89
125	16	29	40
126	17	19	42
127	17	19	86
128	17	18	25
129	17	20	44
130	17	24	28
131	17	23	83
132	17	18	75
133	17	21	97
134	17	19	13
135	17	18	65
136	18	20	93
137	18	23	48
138	18	32	28
139	18	20	21
140	18	20	53
141	18	28	36
142	18	20	96
143	19	24	92
144	19	25	13
145	19	20	52
146	20	32	35
147	20	27	56
148	20	27	50
149	20	33	20
150	20	21	89
151	21	29	71
152	21	28	49
153	21	23	11
154	21	24	69
155	22	25	40
156	22	27	65
157	22	23	86
158	22	31	53
159	22	41	10
160	22	23	42
161	22	25	16
162	22	27	93
163	22	23	68
164	22	26	82
165	23	27	23
166	23	25	56
167	23	24	14
168	24	26	47
169	24	37	88
170	24	41	26
171	24	26	11
172	24	27	55
173	24	26	37
174	24	34	74
175	24	29	39
176	25	38	46
177	25	27	24
178	26	29	21
179	26	39	90
180	26	29	11
181	27	30	68
182	27	28	95
183	27	30	28
184	27	30	37
185	27	33	91
186	27	28	89
187	27	31	20
188	27	29	40
189	27	40	24
190	27	31	89
191	27	39	44
192	28	29	46
193	28	29	67
194	28	30	17
195	28	34	48
196	28	30	55
197	28	35	100
198	28	30	57
199	28	31	68
200	29	34	52
201	29	31	29
202	29	36	11
203	29	31	86
204	29	42	97
205	29	35	98
206	29	32	51
207	29	30	96
208	29	32	40
209	30	31	88
210	30	32	40
211	30	39	49
212	30	32	28
213	31	46	17
214	32	33	73
215	32	40	32
216	32	38	97
217	32	36	29
218	32	34	40
219	32	33	57
220	32	33	25
221	32	36	89
222	32	37	20
223	32	33	92
224	32	41	88
225	32	33	29
226	32	41	64
227	32	35	53
228	32	33	96
229	33	34	14
230	33	34	49
231	33	34	35
232	33	37	73
233	33	37	54
234	33	40	56
235	33	37	97
236	33	41	26
237	33	35	99
238	33	34	72
239	34	42	74
240	35	37	47
241	36	43	69
242	36	38	87
243	36	43	47
244	36	40	22
245	36	38	25
246	36	56	64
247	36	51	93
248	36	41	15
249	36	37	12
250	37	39	84
251	38	39	14
252	38	39	29
253	38	40	78
254	38	39	41
255	38	39	67
256	39	44	34
257	39	40	27
258	39	43	32
259	39	42	42
260	39	41	35
261	39	45	98
262	39	44	66
263	39	48	91
264	39	41	72
265	40	44	14
266	40	42	54
267	40	46	90
268	40	53	100
269	40	41	98
270	40	49	61
271	40	43	65
272	40	42	28
273	40	42	94
274	40	41	35
275	40	42	61
276	40	44	14
277	40	42	54
278	41	56	98
279	41	53	16
280	41	43	29
281	41	42	79
282	41	45	19
283	41	51	12
284	41	43	54
285	41	45	53
286	41	42	96
287	42	44	54
288	42	48	28
289	42	44	57
290	42	43	85
291	42	44	59
292	42	50	48
293	43	47	69
294	43	49	48
295	43	45	53
296	43	45	90
297	43	44	90
298	43	44	74
299	43	48	99
300	43	45	71
301	43	45	67
302	43	47	54
303	43	46	63
304	43	47	44
305	43	46	77
306	44	48	68
307	44	51	21
308	44	47	84
309	44	46	90
310	44	47	17
311	44	47	66
312	44	46	98
313	45	46	52
314	46	50	24
315	46	48	97
316	46	47	19
317	46	48	85
318	46	49	39
319	46	48	48
320	47	51	33
321	47	52	70
322	47	62	20
323	47	52	38
324	47	49	63
325	47	57	72
326	47	50	30
327	47	49	13
328	47	50	14
329	47	51	49
330	47	50	11
331	47	48	88
332	48	49	29
333	48	52	78
334	48	50	83
335	48	50	67
336	48	51	54
337	48	61	47
338	49	55	74
339	49	50	63
340	49	59	65
341	49	54	96
342	49	53	32
343	49	52	58
344	49	54	95
345	49	50	38
346	50	62	78
347	50	53	36
348	50	54	18
349	50	55	45
350	51	58	72
351	51	54	36
352	51	55	95
353	51	52	61
354	51	52	18
355	51	52	41
356	51	53	83
357	51	58	87
358	51	52	28
359	51	63	44
360	51	54	68
361	51	52	82
362	52	53	34
363	52	55	90
364	52	56	73
365	52	54	97
366	52	63	85
367	53	60	65
368	53	66	14
369	53	57	11
370	53	54	40
371	53	59	51
372	53	54	49
373	53	55	57
374	53	63	93
375	53	57	90
376	53	65	63
377	53	61	65
378	54	65	79
379	55	58	61
380	55	63	59
381	55	56	94
382	55	57	50
383	55	65	22
384	55	57	13
385	55	57	65
386	56	58	58
387	56	59	100
388	56	61	21
389	56	58	70
390	57	60	76
391	57	60	66
392	57	64	31
393	57	59	21
394	57	61	45
395	57	59	52
396	57	58	30
397	57	59	13
398	57	59	93
399	57	61	62
400	57	64	64
401	57	63	77
402	57	62	37
403	58	63	29
404	59	73	53
405	59	62	26
406	59	64	32
407	59	67	51
408	59	60	66
409	59	65	67
410	60	61	88
411	60	61	16
412	60	62	64
413	60	65	29
414	61	74	91
415	61	66	91
416	61	63	86
417	61	62	94
418	61	70	33
419	61	68	70
420	62	67	68
421	62	64	11
422	62	63	23
423	62	65	67
424	62	64	59
425	62	67	74
426	62	67	14
427	62	65	16
428	62	66	80
429	62	63	63
430	62	85	43
431	62	76	47
432	63	78	92
433	64	67	96
434	64	71	43
435	64	69	26
436	64	81	79
437	64	65	64
438	64	72	70
439	64	67	40
440	64	65	55
441	64	65	39
442	64	67	12
443	64	68	51
444	64	66	32
445	64	78	80
446	65	68	41
447	66	67	56
448	66	69	24
449	66	72	83
450	66	72	12
451	66	86	91
452	66	74	48
453	66	84	60
454	66	71	86
455	66	69	35
456	66	72	99
457	66	76	74
458	66	71	18
459	67	70	29
460	67	69	59
461	67	68	49
462	67	70	50
463	67	68	19
464	67	70	41
465	67	75	78
466	67	77	62
467	67	83	95
468	68	69	43
469	68	72	67
470	68	73	48
471	68	69	46
472	68	86	93
473	68	70	22
474	69	71	11
475	69	75	99
476	70	72	66
477	70	74	56
478	70	77	27
479	70	85	11
480	71	72	52
481	71	79	43
482	72	76	78
483	72	74	11
484	72	77	68
485	72	78	11
486	72	73	24
487	72	74	74
488	72	73	33
489	72	76	38
490	72	78	52
491	72	80	41
492	72	75	65
493	73	78	24
494	73	79	68
495	73	78	62
496	73	76	73
497	73	76	38
498	73	85	62
499	74	77	92
500	74	78	48
501	74	75	87
502	74	75	98
503	74	82	67
504	74	80	41
505	75	77	26
506	76	77	68
507	76	78	30
508	76	77	83
509	76	77	98
510	76	80	78
511	76	77	27
512	76	77	44
513	77	81	84
514	77	82	26
515	77	83	67
516	77	86	34
517	77	84	98
518	77	82	37
519	77	78	80
520	77	82	88
521	78	86	79
522	78	81	93
523	78	80	90
524	78	79	99
525	78	80	55
526	78	80	21
527	78	79	78
528	78	79	39
529	79	86	94
530	80	85	27
531	80	92	53
532	80	81	91
533	80	82	19
534	80	81	65
535	80	83	11
536	80	81	54
537	80	83	61
538	80	87	85
539	80	81	67
540	80	81	88
541	80	81	91
542	80	83	39
543	81	95	23
544	81	89	52
545	82	85	44
546	82	83	31
547	82	83	18
548	82	83	46
549	82	87	30
550	82	91	73
551	82	83	42
552	82	85	48
553	82	88	33
554	82	87	36
555	82	86	36
556	82	83	76
557	82	83	36
558	82	85	36
559	82	84	77
560	83	84	92
561	83	84	80
562	83	88	38
563	84	85	32
564	84	87	94
565	84	97	90
566	84	90	59
567	84	94	41
568	84	85	83
569	84	91	71
570	84	92	44
571	84	93	71
572	84	89	87
573	84	88	16
574	84	86	21
575	85	93	85
576	85	86	34
577	86	91	23
578	86	91	79
579	86	88	92
580	86	91	19
581	86	124	59
582	86	92	61
583	86	88	60
584	86	87	49
585	86	89	97
586	86	95	49
587	86	92	100
588	86	87	97
589	86	90	11
590	87	91	46
591	87	88	34
592	87	90	17
593	87	104	97
594	87	88	86
595	87	89	55
596	87	88	64
597	87	101	14
598	87	88	33
599	88	91	79
600	88	90	100
601	88	89	64
602	88	95	15
603	88	97	74
604	88	95	94
605	88	89	16
606	88	93	76
607	89	91	18
608	89	99	41
609	90	94	59
610	90	92	46
611	90	96	54
612	90	91	52
613	91	93	58
614	91	97	46
615	91	92	28
616	91	95	58
617	91	98	23
618	91	99	12
619	91	95	49
620	91	99	86
621	92	95	57
622	92	93	95
623	92	94	52
624	92	105	35
625	92	96	85
626	93	94	56
627	93	94	73
628	93	97	10
629	93	97	33
630	93	94	95
631	93	102	27
632	93	100	57
633	93	95	61
634	94	97	69
635	95	96	30
636	95	99	18
637	95	97	73
638	95	104	27
639	95	98	99
640	95	96	46
641	95	102	69
642	95	98	27
643	95	96	37
644	95	98	67
645	95	97	90
646	95	96	41
647	95	96	44
648	96	109	44
649	96	103	90
650	96	102	24
651	96	102	23
652	96	100	36
653	96	101	50
654	96	101	18
655	96	98	29
656	96	110	37
657	96	97	48
658	96	97	20
659	97	100	51
660	98	99	32
661	98	99	26
662	98	101	18
663	98	106	62
664	98	99	10
665	98	113	76
666	98	99	20
667	98	100	69
668	99	110	43
669	99	100	72
670	99	101	16
671	99	103	41
672	99	100	94
673	99	103	66
674	99	101	86
675	100	106	85
676	100	103	65
677	100	101	38
678	100	107	93
679	100	104	92
680	100	103	49
681	100	103	59
682	100	101	50
683	100	101	53
684	100	106	52
685	100	129	61
686	101	102	32
687	102	104	53
688	102	108	53
689	102	107	15
690	102	105	54
691	102	105	22
692	102	103	33
693	102	107	62
694	102	105	91
695	102	109	78
696	102	103	100
697	102	111	40
698	102	103	32
699	102	103	61
700	103	113	96
701	103	108	69
702	103	106	63
703	103	104	29
704	103	126	49
705	104	109	83
706	104	107	31
707	104	108	49
708	105	108	60
709	105	106	68
710	105	108	37
711	105	107	82
712	105	107	41
713	105	107	36
714	105	107	81
715	106	109	12
716	106	109	54
717	107	112	56
718	107	115	70
719	107	108	32
720	107	117	58
721	107	110	98
722	107	109	65
723	107	118	20
724	107	110	36
725	107	109	21
726	107	108	70
727	107	113	77
728	107	112	26
729	108	110	68
730	108	115	81
731	108	112	38
732	108	114	97
733	108	116	33
734	108	121	14
735	108	112	58
736	109	111	64
737	109	110	35
738	109	118	32
739	109	114	74
740	110	112	52
741	110	112	41
742	110	111	88
743	110	112	95
744	110	113	63
745	110	119	30
746	110	118	14
747	110	111	18
748	110	111	46
749	110	113	14
750	110	114	78
751	110	125	50
752	111	124	98
753	111	112	39
754	111	112	21
755	112	115	100
756	112	114	36
757	112	121	62
758	112	113	87
759	112	113	61
760	112	118	96
761	112	116	79
762	112	114	68
763	112	114	44
764	112	117	38
765	112	114	37
766	112	115	88
767	113	115	33
768	114	117	13
769	114	119	29
770	114	127	61
771	114	119	10
772	114	120	46
773	114	115	41
774	114	126	90
775	115	116	42
776	115	120	84
777	115	117	63
778	115	116	98
779	115	117	33
780	116	119	32
781	116	117	84
782	116	118	87
783	117	118	92
784	117	125	50
785	117	127	37
786	117	121	93
787	117	120	16
788	117	119	49
789	117	127	64
790	117	125	73
791	117	124	25
792	117	120	18
793	118	120	99
794	118	120	69
795	118	127	29
796	118	120	23
797	118	119	57
798	118	121	39
799	118	128	47
800	118	119	29
801	119	120	94
802	119	120	19
803	119	125	84
804	119	121	51
805	119	122	34
806	119	127	90
807	119	121	13
808	120	125	70
809	120	123	70
810	121	137	57
811	121	125	92
812	121	125	25
813	121	123	64
814	121	123	34
815	121	122	85
816	121	123	58
817	121	122	10
818	122	126	92
819	122	132	97
820	122	123	77
821	122	129	88
822	122	128	52
823	123	124	44
824	123	132	99
825	123	127	48
826	123	126	66
827	124	125	28
828	124	133	67
829	125	130	50
830	125	132	77
831	125	130	79
832	125	132	79
833	125	133	65
834	125	131	66
835	125	130	64
836	125	127	81
837	125	143	82
838	125	129	91
839	125	126	92
840	125	127	67
841	125	126	58
842	125	143	40
843	125	126	49
844	126	128	20
845	127	129	93
846	127	128	34
847	127	136	95
848	127	131	74
849	127	129	91
850	127	128	83
851	127	132	96
852	127	128	36
853	127	134	14
854	127	129	69
855	127	131	40
856	127	129	46
857	128	135	41
858	129	133	45
859	129	135	97
860	129	133	75
861	129	130	10
862	129	130	48
863	129	131	49
864	129	130	32
865	129	130	47
866	129	139	19
867	129	131	79
868	129	130	45
869	129	134	66
870	129	132	58
871	130	134	87
872	130	148	39
873	130	132	60
874	130	135	51
875	131	133	47
876	131	136	38
877	131	132	77
878	131	135	24
879	132	147	43
880	132	133	67
881	132	145	89
882	132	136	50
883	132	140	68
884	132	133	29
885	132	137	92
886	133	141	58
887	133	136	87
888	133	136	76
889	133	144	99
890	133	137	72
891	133	140	75
892	134	148	55
893	134	139	74
894	134	136	72
895	134	143	36
896	134	136	35
897	134	138	56
898	134	135	24
899	134	141	77
900	134	135	47
901	134	135	57
902	134	141	100
903	135	139	92
904	135	138	33
905	135	138	82
906	135	136	58
907	135	149	24
908	135	136	80
909	135	141	66
910	136	138	53
911	136	138	93
912	136	145	89
913	137	139	47
914	137	138	81
915	137	140	40
916	137	143	62
917	137	139	27
918	137	138	41
919	137	150	90
920	137	142	71
921	137	147	47
922	138	140	57
923	139	140	24
924	139	142	20
925	139	141	39
926	139	147	10
927	139	148	34
928	139	143	49
929	139	150	22
930	139	144	87
931	139	141	14
932	139	143	80
933	139	145	21
934	139	143	58
935	140	144	95
936	141	148	23
937	141	142	51
938	141	153	50
939	142	146	39
940	142	156	64
941	142	153	29
942	142	144	33
943	142	153	66
944	142	143	11
945	142	152	64
946	142	144	54
947	142	149	68
948	143	155	47
949	143	145	54
950	143	145	57
951	143	144	49
952	143	146	81
953	143	144	95
954	143	144	57
955	143	152	65
956	143	151	67
957	144	149	68
958	145	146	56
959	145	156	46
960	145	149	32
961	145	157	61
962	145	147	88
963	145	148	30
964	145	151	83
965	146	152	17
966	146	148	66
967	146	148	92
968	146	152	44
969	146	148	89
970	146	151	18
971	147	151	29
972	147	151	88
973	147	153	42
974	148	149	20
975	148	150	52
976	148	152	74
977	148	149	59
978	148	151	50
979	149	162	95
980	149	153	82
981	149	164	69
982	149	155	38
983	150	160	44
984	150	154	70
985	150	158	77
986	150	154	75
987	151	164	56
988	151	157	20
989	151	156	29
990	151	152	72
991	151	153	67
992	151	154	35
993	151	153	96
994	151	152	10
995	151	158	53
996	151	154	48
997	151	152	29
998	152	158	57
999	153	155	97
1000	153	155	72
1001	153	162	23
1002	153	163	33
1003	153	169	30
1004	153	155	69
1005	153	158	67
1006	153	177	27
1007	153	158	38
1008	153	162	41
1009	153	154	63
1010	153	162	61
1011	153	154	69
1012	153	155	87
1013	153	156	33
1014	154	162	17
1015	155	157	82
1016	155	156	90
1017	155	156	13
1018	155	158	76
1019	155	156	39
1020	155	179	69
1021	155	157	87
1022	155	161	79
1023	155	156	86
1024	155	160	31
1025	156	162	51
1026	156	159	31
1027	156	168	59
1028	156	160	71
1029	157	160	26
1030	157	162	57
1031	157	161	78
1032	157	159	68
1033	157	158	57
1034	157	158	71
1035	157	159	12
1036	157	158	99
1037	157	165	79
1038	157	159	85
1039	158	166	24
1040	158	163	63
1041	158	160	88
1042	159	160	60
1043	159	165	41
1044	159	166	62
1045	159	161	15
1046	159	161	29
1047	159	160	68
1048	159	162	95
1049	159	160	94
1050	159	170	62
1051	160	172	64
1052	160	164	42
1053	160	163	36
1054	160	167	21
1055	160	161	19
1056	160	167	57
1057	160	161	40
1058	160	162	33
1059	161	163	68
1060	161	165	70
1061	162	163	73
1062	162	165	97
1063	162	163	51
1064	162	163	81
1065	162	163	20
1066	162	164	38
1067	162	164	85
1068	162	173	10
1069	162	170	58
1070	162	165	48
1071	162	163	95
1072	162	167	19
1073	162	167	72
1074	162	167	32
1075	163	167	35
1076	163	166	25
1077	163	165	76
1078	163	165	93
1079	163	168	77
1080	164	170	47
1081	165	178	82
1082	165	172	98
1083	165	170	75
1084	165	168	32
1085	165	173	15
1086	165	175	100
1087	165	170	31
1088	165	172	84
1089	165	170	80
1090	165	166	88
1091	166	171	38
1092	167	170	67
1093	167	169	58
1094	167	168	39
1095	167	171	100
1096	167	176	66
1097	167	168	31
1098	167	176	99
1099	167	170	36
1100	167	174	77
1101	167	168	61
1102	167	172	31
1103	167	172	68
1104	167	168	42
1105	168	169	12
1106	168	170	66
1107	168	171	18
1108	168	178	74
1109	168	169	96
1110	168	172	63
1111	168	169	15
1112	168	192	16
1113	168	171	77
1114	169	173	79
1115	169	181	13
1116	169	173	42
1117	170	171	17
1118	170	171	87
1119	170	179	30
1120	170	177	75
1121	171	174	99
1122	171	176	13
1123	171	187	15
1124	171	182	46
1125	171	172	28
1126	171	172	70
1127	171	172	25
1128	171	173	86
1129	171	185	11
1130	172	173	44
1131	172	175	75
1132	172	183	34
1133	172	174	67
1134	172	178	70
1135	172	178	30
1136	172	174	13
1137	172	174	46
1138	172	176	39
1139	172	177	21
1140	172	184	23
1141	172	176	60
1142	172	174	63
1143	173	175	70
1144	174	180	38
1145	174	176	97
1146	174	181	87
1147	174	181	29
1148	174	175	88
1149	174	175	91
1150	174	179	94
1151	174	177	16
1152	174	176	77
1153	174	177	25
1154	174	178	58
1155	175	176	39
1156	175	177	28
1157	175	179	62
1158	175	176	61
1159	176	190	18
1160	177	179	98
1161	177	178	72
1162	177	182	55
1163	177	191	65
1164	177	179	80
1165	177	178	43
1166	177	179	16
1167	177	190	62
1168	177	182	64
1169	177	184	76
1170	177	180	31
1171	178	181	96
1172	179	181	60
1173	179	180	21
1174	179	182	24
1175	179	181	50
1176	179	180	75
1177	179	185	69
1178	179	185	99
1179	179	181	57
1180	180	185	84
1181	180	186	31
1182	180	182	65
1183	180	182	78
1184	180	181	60
1185	180	186	52
1186	180	182	26
1187	180	183	56
1188	180	184	22
1189	180	183	35
1190	180	181	27
1191	180	187	78
1192	180	184	65
1193	181	184	51
1194	181	184	14
1195	181	186	57
1196	181	185	23
1197	181	184	60
1198	182	184	62
1199	182	185	76
1200	182	189	75
1201	183	188	36
1202	183	185	36
1203	183	185	90
1204	183	190	30
1205	183	194	40
1206	183	184	69
1207	183	186	38
1208	183	187	89
1209	184	185	20
1210	184	192	97
1211	184	191	57
1212	184	195	29
1213	184	187	83
1214	184	191	28
1215	184	195	17
1216	184	191	63
1217	184	185	32
1218	184	188	85
1219	185	187	16
1220	185	186	26
1221	185	192	14
1222	185	187	92
1223	185	186	91
1224	185	189	33
1225	185	186	59
1226	185	187	93
1227	185	191	79
1228	185	186	71
1229	186	190	84
1230	187	201	74
1231	187	197	63
1232	187	194	88
1233	187	194	51
1234	187	193	25
1235	187	189	48
1236	187	194	98
1237	187	192	13
1238	187	188	53
1239	187	188	36
1240	187	188	51
1241	187	191	41
1242	187	196	76
1243	187	191	61
1244	188	189	34
1245	189	193	50
1246	189	193	11
1247	189	200	30
1248	189	190	55
1249	189	192	51
1250	190	191	28
1251	190	197	48
1252	190	193	56
1253	190	192	58
1254	190	197	24
1255	191	198	71
1256	191	196	68
1257	191	193	25
1258	191	199	10
1259	191	193	84
1260	191	194	33
1261	192	195	86
1262	192	195	81
1263	192	194	26
1264	192	196	75
1265	192	193	29
1266	192	198	84
1267	192	193	99
1268	192	193	10
1269	192	193	83
1270	193	195	92
1271	193	206	38
1272	193	194	13
1273	193	196	86
1274	193	196	99
1275	194	195	31
1276	194	195	99
1277	194	204	72
1278	194	198	43
1279	194	198	93
1280	194	202	92
1281	194	197	61
1282	194	201	33
1283	194	195	25
1284	194	195	18
1285	194	196	53
1286	194	196	15
1287	195	198	96
1288	195	201	32
1289	195	196	53
1290	195	209	94
1291	195	199	18
1292	195	201	17
1293	195	198	49
1294	195	197	15
1295	195	199	40
1296	195	196	85
1297	195	198	88
1298	195	214	94
1299	196	198	22
1300	196	197	55
1301	196	203	46
1302	196	198	34
1303	196	197	39
1304	196	199	12
1305	196	202	54
1306	197	205	63
1307	197	199	89
1308	197	208	55
1309	197	206	34
1310	197	199	60
1311	198	202	30
1312	198	199	44
1313	198	199	66
1314	198	200	74
1315	198	200	61
1316	198	202	20
1317	199	202	64
1318	199	206	21
1319	199	206	71
1320	199	205	65
1321	199	205	71
1322	199	203	77
1323	199	207	30
1324	199	200	29
1325	200	207	27
1326	200	201	86
1327	200	206	16
1328	200	212	81
1329	200	201	62
1330	200	204	57
1331	201	202	36
1332	201	210	37
1333	201	205	54
1334	201	204	85
1335	201	207	32
1336	201	205	26
1337	201	205	74
1338	201	204	48
1339	201	203	14
1340	201	204	74
1341	201	205	91
1342	202	207	15
1343	202	203	22
1344	202	203	51
1345	202	204	83
1346	202	205	55
1347	203	204	31
1348	204	213	60
1349	204	206	70
1350	204	209	61
1351	204	209	83
1352	205	211	47
1353	205	214	99
1354	205	207	19
1355	205	209	52
1356	205	222	72
1357	205	207	95
1358	205	210	61
1359	206	218	36
1360	206	207	22
1361	206	209	68
1362	206	210	35
1363	206	212	87
1364	206	213	70
1365	206	211	86
1366	206	207	100
1367	206	209	19
1368	207	208	10
1369	207	213	71
1370	207	229	41
1371	207	221	20
1372	207	212	96
1373	207	209	39
1374	207	215	11
1375	207	212	60
1376	207	210	73
1377	207	208	51
1378	207	208	50
1379	207	217	61
1380	208	209	63
1381	209	212	27
1382	209	210	84
1383	209	213	38
1384	209	211	18
1385	209	214	58
1386	209	214	97
1387	209	210	50
1388	210	215	67
1389	210	211	33
1390	210	211	51
1391	210	214	21
1392	210	218	46
1393	211	214	22
1394	211	216	98
1395	211	212	40
1396	211	213	67
1397	211	212	20
1398	211	212	13
1399	211	217	77
1400	212	213	16
1401	212	213	55
1402	212	216	15
1403	212	213	52
1404	212	215	19
1405	212	217	31
1406	212	221	93
1407	212	221	45
1408	212	221	75
1409	212	213	69
1410	212	213	30
1411	212	214	12
1412	212	214	34
1413	212	213	14
1414	213	216	17
1415	213	217	22
1416	213	218	47
1417	213	221	76
1418	213	216	15
1419	214	217	54
1420	214	217	18
1421	214	227	90
1422	214	222	89
1423	214	219	36
1424	214	215	35
1425	214	219	35
1426	214	219	68
1427	214	216	19
1428	214	224	33
1429	214	217	99
1430	214	215	44
1431	214	216	35
1432	214	215	97
1433	215	216	52
1434	215	221	55
1435	216	228	76
1436	216	223	46
1437	216	219	38
1438	216	217	98
1439	216	218	74
1440	216	217	19
1441	217	218	67
1442	217	229	86
1443	217	219	11
1444	217	220	65
1445	218	220	88
1446	218	219	81
1447	218	227	32
1448	218	222	84
1449	218	227	57
1450	218	222	32
1451	218	219	15
1452	219	220	21
1453	219	221	61
1454	219	222	20
1455	219	223	92
1456	219	228	45
1457	219	223	46
1458	219	220	97
1459	219	220	73
1460	219	233	64
1461	219	223	28
1462	219	229	34
1463	219	225	51
1464	220	221	33
1465	220	222	81
1466	220	222	52
1467	220	227	36
1468	220	225	79
1469	220	224	32
1470	220	229	62
1471	221	229	39
1472	221	223	50
1473	221	235	70
1474	221	224	14
1475	221	225	16
1476	221	237	79
1477	222	224	43
1478	223	229	30
1479	223	228	61
1480	223	224	91
1481	223	231	38
1482	223	226	51
1483	223	228	71
1484	223	225	87
1485	223	224	97
1486	223	230	66
1487	223	231	81
1488	224	225	19
1489	224	227	65
1490	225	228	82
1491	225	227	54
1492	225	226	84
1493	225	233	43
1494	225	237	22
1495	225	235	47
1496	225	226	60
1497	225	229	67
1498	225	228	83
1499	225	226	55
1500	225	226	38
1501	225	232	82
1502	226	245	13
1503	227	233	39
1504	227	243	32
1505	227	234	84
1506	227	239	71
1507	227	229	57
1508	227	230	83
1509	227	245	37
1510	227	234	78
1511	227	233	19
1512	227	232	35
1513	227	228	28
1514	228	230	43
1515	228	230	73
1516	228	231	38
1517	228	230	85
1518	229	233	66
1519	229	230	14
1520	229	231	25
1521	229	233	19
1522	229	231	90
1523	229	231	100
1524	229	233	94
1525	229	232	38
1526	229	236	25
1527	230	235	14
1528	230	232	48
1529	230	232	23
1530	230	232	32
1531	231	239	12
1532	231	238	31
1533	231	232	61
1534	231	235	71
1535	231	241	55
1536	231	232	28
1537	231	236	50
1538	231	232	68
1539	231	240	91
1540	232	235	77
1541	232	233	31
1542	232	238	69
1543	232	233	79
1544	232	242	59
1545	233	234	52
1546	233	237	84
1547	233	234	67
1548	233	241	68
1549	233	249	83
1550	233	234	51
1551	233	236	57
1552	233	234	16
1553	233	236	23
1554	233	247	30
1555	233	234	72
1556	233	234	95
1557	233	247	74
1558	233	240	78
1559	234	240	31
1560	235	240	50
1561	235	243	63
1562	235	237	74
1563	235	236	20
1564	235	238	52
1565	235	244	44
1566	235	236	81
1567	235	236	96
1568	235	245	75
1569	235	250	72
1570	236	270	65
1571	237	240	72
1572	237	238	75
1573	237	242	98
1574	237	240	26
1575	237	240	59
1576	237	249	30
1577	237	242	34
1578	237	248	77
1579	237	238	95
1580	237	245	92
1581	237	239	63
1582	237	239	57
1583	238	241	22
1584	239	243	53
1585	239	244	86
1586	239	253	66
1587	239	242	93
1588	239	246	22
1589	239	240	38
1590	239	241	26
1591	240	248	15
1592	240	248	28
1593	240	263	33
1594	241	245	100
1595	241	242	34
1596	241	267	28
1597	241	246	90
1598	241	242	79
1599	241	245	69
1600	241	243	62
1601	241	242	68
1602	241	252	56
1603	242	247	41
1604	242	249	76
1605	242	249	34
1606	243	249	92
1607	243	257	43
1608	243	248	93
1609	243	244	81
1610	243	247	91
1611	243	244	22
1612	244	249	19
1613	244	245	98
1614	244	246	100
1615	244	248	98
1616	245	251	88
1617	245	251	52
1618	246	249	74
1619	247	249	31
1620	247	250	40
1621	247	255	67
1622	247	252	87
1623	247	248	46
1624	247	250	28
1625	247	248	24
1626	247	265	97
1627	247	257	11
1628	247	253	53
1629	247	255	82
1630	248	249	93
1631	248	260	41
1632	248	251	33
1633	248	249	76
1634	248	250	16
1635	248	254	28
1636	248	254	95
1637	248	253	71
1638	248	255	90
1639	248	249	21
1640	249	252	31
1641	249	250	27
1642	249	251	22
1643	249	251	55
1644	249	256	47
1645	250	259	60
1646	250	258	42
1647	251	255	99
1648	251	255	90
1649	251	263	27
1650	251	252	62
1651	251	252	16
1652	251	254	86
1653	251	256	63
1654	251	252	14
1655	251	255	24
1656	251	254	27
1657	252	254	72
1658	253	254	45
1659	253	273	76
1660	254	256	36
1661	254	255	78
1662	254	257	61
1663	254	260	33
1664	254	256	36
1665	254	256	96
1666	254	258	40
1667	255	257	88
1668	255	264	49
1669	255	259	12
1670	255	259	65
1671	255	256	94
1672	255	259	71
1673	255	271	79
1674	255	257	29
1675	256	257	74
1676	256	257	86
1677	256	260	23
1678	256	264	90
1679	256	257	98
1680	256	263	20
1681	256	259	31
1682	257	258	86
1683	257	261	91
1684	257	262	66
1685	257	262	79
1686	257	272	24
1687	257	259	44
1688	257	267	55
1689	257	267	87
1690	257	258	23
1691	258	259	89
1692	258	259	89
1693	258	261	62
1694	258	260	18
1695	259	260	22
1696	259	267	32
1697	259	261	66
1698	259	261	94
1699	259	260	70
1700	259	262	35
1701	259	265	96
1702	259	264	48
1703	259	261	63
1704	259	260	88
1705	259	266	70
1706	259	260	15
1707	260	263	97
1708	261	266	51
1709	261	262	42
1710	261	264	89
1711	261	263	98
1712	261	263	14
1713	261	272	85
1714	261	263	48
1715	261	265	15
1716	261	264	76
1717	261	266	93
1718	261	263	45
1719	262	266	98
1720	262	264	95
1721	262	263	13
1722	262	264	21
1723	263	265	93
1724	263	267	21
1725	263	275	90
1726	263	264	67
1727	263	267	14
1728	263	267	86
1729	263	271	94
1730	263	264	74
1731	263	272	23
1732	263	266	60
1733	264	271	29
1734	264	270	56
1735	264	270	12
1736	264	275	45
1737	265	269	24
1738	265	267	57
1739	265	277	96
1740	265	268	51
1741	265	269	90
1742	265	271	79
1743	265	268	98
1744	265	268	39
1745	265	269	20
1746	265	277	29
1747	265	268	28
1748	266	270	40
1749	266	287	68
1750	266	267	30
1751	267	272	83
1752	267	273	98
1753	267	275	48
1754	267	270	98
1755	267	268	45
1756	268	273	34
1757	268	269	40
1758	268	290	78
1759	268	274	92
1760	268	274	59
1761	269	270	12
1762	269	272	62
1763	269	275	73
1764	269	270	32
1765	269	275	49
1766	269	270	39
1767	269	271	46
1768	270	276	80
1769	270	271	49
1770	270	285	35
1771	270	274	96
1772	270	277	85
1773	271	274	49
1774	271	272	73
1775	271	275	93
1776	271	272	67
1777	271	283	40
1778	272	273	88
1779	272	280	62
1780	272	276	50
1781	272	274	88
1782	272	273	87
1783	272	279	16
1784	272	279	29
1785	272	273	15
1786	272	274	64
1787	272	274	65
1788	272	278	45
1789	272	279	76
1790	272	279	72
1791	272	273	63
1792	273	282	98
1793	273	277	25
1794	273	276	37
1795	273	274	81
1796	273	276	57
1797	274	275	43
1798	274	278	23
1799	274	286	53
1800	274	275	74
1801	274	277	60
1802	274	275	40
1803	274	276	60
1804	274	280	63
1805	274	276	84
1806	274	280	19
1807	275	278	75
1808	275	277	40
1809	275	278	74
1810	275	276	48
1811	276	277	77
1812	276	281	24
1813	276	277	99
1814	277	278	72
1815	277	281	50
1816	277	280	28
1817	277	279	36
1818	277	288	94
1819	277	283	25
1820	277	278	50
1821	278	280	75
1822	278	281	76
1823	278	282	27
1824	278	280	73
1825	278	288	58
1826	278	280	82
1827	278	284	91
1828	278	280	45
1829	278	281	76
1830	278	290	39
1831	278	279	29
1832	278	282	68
1833	278	284	91
1834	278	284	45
1835	278	280	22
1836	278	279	98
1837	279	287	73
1838	279	281	44
1839	280	284	38
1840	280	282	28
1841	280	286	45
1842	280	285	52
1843	281	303	22
1844	281	288	63
1845	281	290	12
1846	281	286	100
1847	281	283	20
1848	281	282	53
1849	281	283	40
1850	281	282	71
1851	281	284	38
1852	281	282	58
1853	281	294	18
1854	282	288	35
1855	282	286	65
1856	282	284	33
1857	282	284	42
1858	282	287	84
1859	282	289	53
1860	283	299	15
1861	284	285	35
1862	284	285	23
1863	284	292	77
1864	284	289	30
1865	284	285	66
1866	284	289	33
1867	284	288	21
1868	284	289	93
1869	284	285	68
1870	284	286	81
1871	285	289	73
1872	286	288	65
1873	286	292	63
1874	286	288	15
1875	286	287	30
1876	286	307	75
1877	286	291	47
1878	287	306	26
1879	287	297	86
1880	287	291	79
1881	287	293	35
1882	287	297	72
1883	287	291	76
1884	288	289	88
1885	288	290	48
1886	288	298	60
1887	288	292	78
1888	288	289	37
1889	288	293	82
1890	288	289	18
1891	289	290	96
1892	289	290	53
1893	289	293	61
1894	289	292	98
1895	289	290	80
1896	289	291	19
1897	289	293	85
1898	289	296	91
1899	289	303	98
1900	289	294	63
1901	289	293	63
1902	289	290	60
1903	289	291	82
1904	289	291	40
1905	289	290	60
1906	290	299	95
1907	290	294	57
1908	290	298	71
1909	290	308	15
1910	290	296	57
1911	290	291	76
1912	290	292	55
1913	290	293	42
1914	291	295	88
1915	291	292	77
1916	291	295	42
1917	291	293	56
1918	291	292	97
1919	291	292	63
1920	291	292	42
1921	292	294	14
1922	293	296	70
1923	293	309	86
1924	293	297	80
1925	293	309	48
1926	293	298	17
1927	293	295	46
1928	293	296	71
1929	293	294	87
1930	293	298	13
1931	293	294	34
1932	293	300	100
1933	293	294	100
1934	293	299	27
1935	294	298	66
1936	295	300	93
1937	295	296	55
1938	295	298	91
1939	295	298	40
1940	295	314	67
1941	295	307	52
1942	295	304	41
1943	295	297	68
1944	295	302	46
1945	295	304	83
1946	295	299	96
1947	295	297	88
1948	296	297	29
1949	297	300	10
1950	297	298	90
1951	297	299	21
1952	297	299	10
1953	297	298	48
1954	297	300	32
1955	297	305	52
1956	297	298	15
1957	298	303	53
1958	298	299	92
1959	299	300	66
1960	299	301	69
1961	299	301	90
1962	299	303	53
1963	299	301	37
1964	299	300	36
1965	299	300	76
1966	299	300	87
1967	299	301	19
1968	299	300	80
1969	299	305	56
1970	300	301	79
1971	300	309	24
1972	300	304	57
1973	300	304	61
1974	300	302	100
1975	300	301	62
1976	300	302	94
1977	300	301	89
1978	300	303	78
1979	300	315	54
1980	300	304	51
1981	300	301	65
1982	301	305	51
1983	301	302	33
1984	301	307	79
1985	301	313	95
1986	301	304	73
1987	302	305	43
1988	303	308	43
1989	303	311	47
1990	303	312	78
1991	303	313	34
1992	303	307	67
1993	303	306	18
1994	304	315	28
1995	304	310	63
1996	304	305	48
1997	304	308	48
1998	304	307	15
1999	304	307	23
2000	305	307	67
2001	305	310	97
2002	305	307	49
2003	305	306	54
2004	305	308	56
2005	305	309	88
2006	305	308	83
2007	305	307	55
2008	305	306	64
2009	305	309	76
2010	306	307	29
2011	306	312	15
2012	306	310	20
2013	306	321	17
2014	306	308	32
2015	307	309	99
2016	307	311	43
2017	307	308	99
2018	307	315	85
2019	307	308	14
2020	307	309	84
2021	307	309	11
2022	307	316	87
2023	307	308	47
2024	307	310	13
2025	308	310	62
2026	308	314	84
2027	308	315	69
2028	308	312	73
2029	308	310	86
2030	308	311	11
2031	308	309	82
2032	308	309	18
2033	309	318	94
2034	309	310	76
2035	309	310	85
2036	309	311	68
2037	309	311	26
2038	310	311	15
2039	310	311	38
2040	310	311	31
2041	310	312	62
2042	310	312	21
2043	310	312	23
2044	310	311	43
2045	310	320	19
2046	310	312	46
2047	310	314	26
2048	310	311	36
2049	310	326	71
2050	310	320	48
2051	310	312	87
2052	310	317	51
2053	310	322	14
2054	311	318	65
2055	311	313	91
2056	311	312	69
2057	311	319	78
2058	311	314	47
2059	311	312	80
2060	311	313	99
2061	311	314	66
2062	311	316	10
2063	311	313	86
2064	312	314	72
2065	312	313	67
2066	312	323	42
2067	312	313	54
2068	312	316	99
2069	312	319	30
2070	312	322	22
2071	312	318	98
2072	312	313	27
2073	313	332	57
2074	313	314	32
2075	313	322	12
2076	313	321	34
2077	313	315	34
2078	313	345	45
2079	313	314	88
2080	314	319	24
2081	315	321	31
2082	315	316	42
2083	315	316	36
2084	315	318	37
2085	315	317	97
2086	315	325	42
2087	315	316	74
2088	315	316	86
2089	316	317	68
2090	316	324	64
2091	316	317	68
2092	316	322	48
2093	316	317	51
2094	316	317	55
2095	316	326	48
2096	316	322	96
2097	317	318	37
2098	317	319	32
2099	317	324	14
2100	317	318	69
2101	318	329	67
2102	318	321	40
2103	318	322	45
2104	318	319	19
2105	318	328	96
2106	318	320	52
2107	318	321	41
2108	318	326	83
2109	319	321	51
2110	319	320	49
2111	319	323	10
2112	320	326	49
2113	320	323	80
2114	320	321	48
2115	320	329	84
2116	320	324	61
2117	320	321	72
2118	320	323	46
2119	320	322	80
2120	320	321	48
2121	321	323	55
2122	321	327	35
2123	321	322	48
2124	321	324	22
2125	321	323	15
2126	321	323	71
2127	321	324	50
2128	321	330	54
2129	322	323	17
2130	322	339	33
2131	323	325	93
2132	323	324	76
2133	323	325	18
2134	323	326	97
2135	323	329	74
2136	323	325	62
2137	323	328	88
2138	323	327	59
2139	323	326	43
2140	323	326	28
2141	323	324	37
2142	323	324	86
2143	323	324	57
2144	323	327	87
2145	323	324	71
2146	323	328	57
2147	323	324	92
2148	324	325	27
2149	325	329	88
2150	325	326	98
2151	325	327	24
2152	325	329	73
2153	325	334	64
2154	325	343	31
2155	325	332	87
2156	325	330	25
2157	325	333	28
2158	325	326	95
2159	325	332	77
2160	326	327	84
2161	326	331	37
2162	326	327	24
2163	326	330	57
2164	326	331	32
2165	326	332	49
2166	327	333	53
2167	327	334	69
2168	327	328	25
2169	327	331	70
2170	327	329	44
2171	327	328	79
2172	328	329	43
2173	328	333	50
2174	328	331	19
2175	328	331	44
2176	328	340	95
2177	328	333	98
2178	329	330	46
2179	329	330	95
2180	329	330	38
2181	329	330	31
2182	329	332	61
2183	329	331	75
2184	329	332	55
2185	329	334	18
2186	330	331	44
2187	330	336	24
2188	330	336	61
2189	330	340	65
2190	330	331	66
2191	330	334	39
2192	330	335	71
2193	330	348	10
2194	330	337	84
2195	331	335	38
2196	331	332	36
2197	331	335	26
2198	331	332	10
2199	331	335	34
2200	331	333	55
2201	331	333	41
2202	331	333	83
2203	331	332	80
2204	331	339	58
2205	332	334	66
2206	332	336	41
2207	332	338	63
2208	332	338	26
2209	333	339	98
2210	333	335	99
2211	333	335	46
2212	333	337	13
2213	333	340	49
2214	333	338	57
2215	333	334	47
2216	333	334	35
2217	334	339	26
2218	334	337	55
2219	334	338	100
2220	334	335	53
2221	334	336	81
2222	334	346	22
2223	335	336	29
2224	335	339	60
2225	335	338	65
2226	335	338	100
2227	335	338	85
2228	335	341	98
2229	336	347	23
2230	336	337	11
2231	336	341	60
2232	336	341	20
2233	336	337	37
2234	336	340	67
2235	337	338	92
2236	337	341	71
2237	337	338	66
2238	337	340	14
2239	337	347	96
2240	338	345	36
2241	338	340	88
2242	338	339	12
2243	338	341	77
2244	338	344	54
2245	338	339	22
2246	338	343	95
2247	338	341	35
2248	339	343	67
2249	339	342	12
2250	339	343	46
2251	339	345	70
2252	339	342	92
2253	339	356	68
2254	339	341	62
2255	339	342	46
2256	339	343	11
2257	339	341	15
2258	339	342	59
2259	340	350	49
2260	341	345	35
2261	341	344	20
2262	341	344	84
2263	341	345	45
2264	341	343	66
2265	341	343	66
2266	341	342	66
2267	341	342	72
2268	342	350	96
2269	342	350	11
2270	342	346	49
2271	342	352	60
2272	342	344	77
2273	342	348	82
2274	342	344	41
2275	342	345	52
2276	342	355	65
2277	342	343	22
2278	342	347	42
2279	342	346	20
2280	342	344	17
2281	342	345	92
2282	343	348	99
2283	344	347	69
2284	344	346	95
2285	344	349	87
2286	344	345	54
2287	344	350	70
2288	345	349	67
2289	345	346	81
2290	345	347	39
2291	345	347	71
2292	345	346	49
2293	345	347	60
2294	345	351	72
2295	346	349	78
2296	346	348	54
2297	346	351	65
2298	346	352	76
2299	346	349	54
2300	346	351	42
2301	346	350	65
2302	346	349	92
2303	346	349	35
2304	347	350	23
2305	347	349	13
2306	347	353	83
2307	347	348	11
2308	347	351	58
2309	347	353	19
2310	347	349	15
2311	347	354	13
2312	348	350	37
2313	348	352	98
2314	348	349	13
2315	348	365	51
2316	348	354	79
2317	349	363	98
2318	349	353	24
2319	349	351	15
2320	349	351	98
2321	349	351	84
2322	349	350	28
2323	349	356	84
2324	349	352	55
2325	349	351	49
2326	350	362	13
2327	350	353	67
2328	350	358	48
2329	350	357	43
2330	350	353	69
2331	350	351	88
2332	350	355	10
2333	351	352	14
2334	351	353	79
2335	351	353	22
2336	351	353	18
2337	351	360	76
2338	351	352	29
2339	351	352	82
2340	351	352	43
2341	351	368	70
2342	351	355	45
2343	351	357	86
2344	351	356	85
2345	351	357	49
2346	351	371	42
2347	351	352	51
2348	352	357	34
2349	353	356	94
2350	353	361	82
2351	353	354	60
2352	353	356	74
2353	353	354	48
2354	353	356	95
2355	353	356	62
2356	353	355	48
2357	353	354	29
2358	353	354	22
2359	353	354	100
2360	353	355	98
2361	353	354	19
2362	354	355	35
2363	355	356	27
2364	355	356	10
2365	355	358	13
2366	355	357	38
2367	355	357	11
2368	355	357	25
2369	355	365	15
2370	355	362	48
2371	356	376	33
2372	356	361	23
2373	356	358	70
2374	356	360	60
2375	356	358	66
2376	356	361	32
2377	356	364	56
2378	356	357	80
2379	356	358	30
2380	357	360	77
2381	357	359	28
2382	357	358	86
2383	357	360	22
2384	357	358	38
2385	357	365	90
2386	357	362	37
2387	357	359	23
2388	357	361	43
2389	357	361	79
2390	357	364	37
2391	357	360	75
2392	357	359	69
2393	357	362	17
2394	357	358	49
2395	357	367	93
2396	358	363	45
2397	359	360	39
2398	359	364	96
2399	359	360	93
2400	359	368	98
2401	359	363	42
2402	359	365	32
2403	359	360	92
2404	360	363	100
2405	360	362	69
2406	360	361	100
2407	360	366	37
2408	360	362	27
2409	360	364	48
2410	361	367	23
2411	361	364	16
2412	361	362	17
2413	361	362	68
2414	362	363	65
2415	362	374	68
2416	362	371	50
2417	362	364	35
2418	362	367	31
2419	363	366	30
2420	363	369	43
2421	363	371	76
2422	363	370	83
2423	363	364	76
2424	363	369	20
2425	363	367	50
2426	363	368	12
2427	363	365	58
2428	363	365	32
2429	363	367	58
2430	363	371	92
2431	363	364	75
2432	363	377	12
2433	364	366	74
2434	364	376	60
2435	365	377	25
2436	365	367	13
2437	365	366	52
2438	365	367	17
2439	365	367	81
2440	365	391	15
2441	365	373	38
2442	365	367	38
2443	365	376	62
2444	366	368	61
2445	366	372	90
2446	367	369	41
2447	367	368	17
2448	367	368	63
2449	367	369	93
2450	367	369	57
2451	367	373	11
2452	367	370	64
2453	367	373	84
2454	368	372	24
2455	368	381	23
2456	368	372	90
2457	368	370	50
2458	368	378	75
2459	369	374	51
2460	369	372	75
2461	369	374	54
2462	369	371	61
2463	369	371	57
2464	369	370	98
2465	369	374	49
2466	369	371	14
2467	369	379	53
2468	369	375	29
2469	370	372	84
2470	370	379	99
2471	370	371	99
2472	370	371	69
2473	370	371	53
2474	370	371	20
2475	371	374	13
2476	371	372	100
2477	371	373	66
2478	371	376	60
2479	371	373	45
2480	371	374	39
2481	371	381	95
2482	371	382	10
2483	371	372	22
2484	371	372	17
2485	372	373	78
2486	372	385	57
2487	372	376	75
2488	372	375	64
2489	372	373	37
2490	372	377	54
2491	372	373	27
2492	372	379	82
2493	372	373	83
2494	372	375	39
2495	373	375	21
2496	373	385	34
2497	373	376	59
2498	373	375	73
2499	373	375	35
2500	373	383	68
2501	373	380	37
2502	374	378	26
2503	374	386	100
2504	375	378	45
2505	375	376	14
2506	375	376	38
2507	375	385	20
2508	375	382	77
2509	375	381	69
2510	376	377	47
2511	376	382	60
2512	376	379	44
2513	376	382	54
2514	376	380	60
2515	376	378	14
2516	376	381	83
2517	376	377	30
2518	376	377	39
2519	376	377	60
2520	376	383	88
2521	376	380	19
2522	376	389	18
2523	376	384	25
2524	377	383	65
2525	377	385	24
2526	377	379	46
2527	377	383	66
2528	377	391	69
2529	378	380	43
2530	379	385	30
2531	380	382	14
2532	380	383	58
2533	380	394	66
2534	380	384	92
2535	380	382	66
2536	380	387	98
2537	380	382	32
2538	380	386	79
2539	380	387	20
2540	380	381	66
2541	381	383	62
2542	381	383	28
2543	381	384	58
2544	381	387	26
2545	381	383	91
2546	382	386	84
2547	382	385	18
2548	382	387	100
2549	382	388	90
2550	382	391	86
2551	383	384	55
2552	383	384	15
2553	383	384	33
2554	383	386	41
2555	383	387	82
2556	383	384	24
2557	383	392	38
2558	384	390	20
2559	384	391	90
2560	384	390	61
2561	384	385	25
2562	384	386	60
2563	385	386	33
2564	385	389	78
2565	385	401	58
2566	385	386	53
2567	385	390	90
2568	385	389	83
2569	385	396	29
2570	385	386	37
2571	385	386	50
2572	385	398	92
2573	386	389	20
2574	386	387	53
2575	386	391	36
2576	386	390	42
2577	386	388	44
2578	386	387	90
2579	386	388	85
2580	386	398	65
2581	387	388	57
2582	387	394	43
2583	387	388	71
2584	387	389	99
2585	387	398	77
2586	388	389	25
2587	388	389	63
2588	388	391	71
2589	388	389	96
2590	389	394	87
2591	389	394	86
2592	389	390	70
2593	389	393	10
2594	389	392	57
2595	389	393	45
2596	389	390	62
2597	389	393	78
2598	389	395	38
2599	389	390	80
2600	389	390	65
2601	389	392	40
2602	389	398	80
2603	389	395	78
2604	389	400	62
2605	390	395	14
2606	390	393	42
2607	390	399	74
2608	390	396	55
2609	390	392	10
2610	390	393	44
2611	391	395	73
2612	392	397	82
2613	392	402	80
2614	392	398	44
2615	392	395	84
2616	392	396	18
2617	392	393	90
2618	392	396	35
2619	392	393	95
2620	392	397	14
2621	392	400	79
2622	392	397	10
2623	392	394	52
2624	393	406	54
2625	393	408	31
2626	393	394	82
2627	394	395	83
2628	394	396	99
2629	394	395	96
2630	394	397	75
2631	394	396	29
2632	394	396	98
2633	394	400	61
2634	394	405	95
2635	394	395	41
2636	394	395	78
2637	395	396	100
2638	395	403	27
2639	396	400	80
2640	396	398	32
2641	396	398	99
2642	396	397	28
2643	396	399	16
2644	396	397	75
2645	396	399	40
2646	396	404	10
2647	396	397	99
2648	396	400	17
2649	396	399	88
2650	396	401	58
2651	396	397	44
2652	396	400	57
2653	396	398	56
2654	396	398	74
2655	397	400	79
2656	398	403	72
2657	398	401	94
2658	398	401	43
2659	398	402	11
2660	398	399	15
2661	398	401	95
2662	398	403	11
2663	398	399	26
2664	398	399	47
2665	398	401	37
2666	398	404	77
2667	398	402	74
2668	398	400	53
2669	398	402	70
2670	398	404	53
2671	398	400	55
2672	399	401	12
2673	399	401	69
2674	399	401	26
2675	399	402	52
2676	400	403	29
2677	400	405	12
2678	400	401	74
2679	400	410	24
2680	400	403	40
2681	400	403	89
2682	400	403	74
2683	400	408	29
2684	400	407	18
2685	401	404	90
2686	401	404	51
2687	401	402	65
2688	401	410	73
2689	401	413	32
2690	401	407	94
2691	401	402	51
2692	401	404	88
2693	402	403	28
2694	402	407	49
2695	402	405	58
2696	402	407	58
2697	402	424	72
2698	402	417	94
2699	402	415	32
2700	402	406	90
2701	402	407	86
2702	403	405	35
2703	403	406	75
2704	403	407	52
2705	403	406	22
2706	403	408	27
2707	403	404	43
2708	403	409	60
2709	403	404	44
2710	403	409	81
2711	403	404	29
2712	404	405	68
2713	404	405	20
2714	404	410	79
2715	404	408	24
2716	404	411	89
2717	404	405	58
2718	404	407	59
2719	404	412	11
2720	405	407	35
2721	406	410	66
2722	406	407	51
2723	406	408	66
2724	406	409	54
2725	406	408	67
2726	406	411	54
2727	406	416	38
2728	406	413	89
2729	406	409	86
2730	406	414	41
2731	406	407	56
2732	407	409	12
2733	408	410	21
2734	408	411	27
2735	408	409	59
2736	408	411	32
2737	408	412	65
2738	408	416	91
2739	408	413	18
2740	408	409	79
2741	408	415	28
2742	408	413	58
2743	408	409	23
2744	408	419	52
2745	408	409	82
2746	408	413	55
2747	409	410	48
2748	410	419	90
2749	410	412	19
2750	410	413	35
2751	410	428	89
2752	410	413	87
2753	410	414	15
2754	410	415	75
2755	410	411	89
2756	411	415	10
2757	411	427	84
2758	411	414	35
2759	411	412	53
2760	411	416	100
2761	411	420	24
2762	411	418	78
2763	412	414	94
2764	412	415	95
2765	412	418	33
2766	413	427	45
2767	413	418	81
2768	413	416	85
2769	413	424	34
2770	413	421	42
2771	413	415	30
2772	413	417	93
2773	413	416	35
2774	414	416	41
2775	414	419	94
2776	414	416	39
2777	414	419	26
2778	415	418	69
2779	415	424	58
2780	415	423	24
2781	415	416	54
2782	415	418	98
2783	415	416	26
2784	415	417	10
2785	415	417	88
2786	415	418	58
2787	415	422	83
2788	415	416	63
2789	416	419	59
2790	417	422	41
2791	417	420	93
2792	417	419	59
2793	417	429	64
2794	417	419	18
2795	417	438	88
2796	417	419	78
2797	417	427	100
2798	417	422	24
2799	418	438	54
2800	418	421	84
2801	418	422	51
2802	418	424	30
2803	418	421	34
2804	418	422	23
2805	419	424	17
2806	419	420	47
2807	419	422	59
2808	419	423	96
2809	419	426	47
2810	419	425	22
2811	419	420	99
2812	419	421	97
2813	419	422	31
2814	420	425	13
2815	420	438	100
2816	420	422	50
2817	420	423	23
2818	420	422	70
2819	420	423	71
2820	421	429	28
2821	421	425	55
2822	421	424	90
2823	421	422	59
2824	421	424	18
2825	422	427	62
2826	423	430	27
2827	423	430	92
2828	423	426	56
2829	423	426	99
2830	423	452	97
2831	423	426	51
2832	423	424	85
2833	423	435	29
2834	423	426	44
2835	423	431	50
2836	423	424	48
2837	423	428	54
2838	424	427	31
2839	425	433	88
2840	425	429	89
2841	425	426	69
2842	425	428	81
2843	425	432	20
2844	425	427	33
2845	426	428	17
2846	426	430	77
2847	426	437	15
2848	427	432	75
2849	427	429	22
2850	427	430	12
2851	427	450	25
2852	427	428	96
2853	427	434	38
2854	427	429	39
2855	427	445	58
2856	427	428	26
2857	427	433	34
2858	427	430	78
2859	428	446	41
2860	428	429	34
2861	428	434	90
2862	428	430	18
2863	428	436	91
2864	428	429	45
2865	428	430	80
2866	428	435	69
2867	428	429	48
2868	428	429	90
2869	429	430	30
2870	430	432	17
2871	430	437	90
2872	430	431	60
2873	430	432	29
2874	430	436	38
2875	430	434	62
2876	430	437	21
2877	430	431	76
2878	430	433	41
2879	430	434	50
2880	430	433	36
2881	430	434	20
2882	430	431	52
2883	430	434	53
2884	430	431	91
2885	431	432	83
2886	431	439	89
2887	431	435	59
2888	431	434	54
2889	431	438	71
2890	431	434	79
2891	431	432	81
2892	432	435	31
2893	432	435	50
2894	432	433	84
2895	432	437	58
2896	433	435	22
2897	433	437	51
2898	433	441	95
2899	433	434	65
2900	433	434	73
2901	434	435	91
2902	434	445	34
2903	434	435	54
2904	434	441	72
2905	435	437	26
2906	435	439	69
2907	435	439	70
2908	435	438	65
2909	435	436	94
2910	435	440	28
2911	435	440	15
2912	435	461	83
2913	435	440	28
2914	435	440	82
2915	435	443	40
2916	436	442	29
2917	436	438	59
2918	436	440	98
2919	436	437	84
2920	436	443	50
2921	436	437	31
2922	436	437	93
2923	437	439	71
2924	437	441	44
2925	437	441	48
2926	437	439	59
2927	437	438	46
2928	438	441	68
2929	438	439	40
2930	438	444	98
2931	439	440	48
2932	439	440	73
2933	439	442	31
2934	439	447	16
2935	439	444	77
2936	439	455	86
2937	439	440	88
2938	439	441	58
2939	439	462	85
2940	439	446	82
2941	439	442	45
2942	440	443	79
2943	440	442	97
2944	440	443	90
2945	440	442	73
2946	440	448	74
2947	440	443	96
2948	440	441	81
2949	440	446	42
2950	441	445	84
2951	441	443	12
2952	441	446	69
2953	441	447	14
2954	441	442	13
2955	442	443	41
2956	442	444	74
2957	442	444	51
2958	443	456	56
2959	443	449	55
2960	443	450	45
2961	443	449	64
2962	443	448	67
2963	443	447	33
2964	443	447	32
2965	443	445	88
2966	443	448	92
2967	443	449	58
2968	443	446	64
2969	444	452	42
2970	444	446	97
2971	444	446	66
2972	444	447	93
2973	444	449	71
2974	444	445	35
2975	444	451	99
2976	445	446	18
2977	445	446	68
2978	445	449	34
2979	445	448	91
2980	445	451	90
2981	445	446	89
2982	445	449	94
2983	446	447	40
2984	446	448	85
2985	447	453	43
2986	447	448	18
2987	447	448	41
2988	447	448	47
2989	447	456	39
2990	447	448	14
2991	447	450	71
2992	448	450	14
2993	448	457	65
2994	448	454	70
2995	448	454	74
2996	448	452	27
2997	448	454	71
2998	448	460	12
2999	449	453	88
3000	449	453	59
3001	449	452	97
3002	449	460	61
3003	449	451	48
3004	449	451	80
3005	449	457	70
3006	449	455	11
3007	450	452	19
3008	450	463	90
3009	450	451	47
3010	450	453	16
3011	450	457	66
3012	450	451	62
3013	451	457	88
3014	451	452	49
3015	451	459	70
3016	451	454	42
3017	451	453	35
3018	451	456	83
3019	451	455	19
3020	451	452	61
3021	451	452	61
3022	451	455	64
3023	452	455	10
3024	452	454	34
3025	452	478	45
3026	452	460	97
3027	452	462	23
3028	453	456	81
3029	453	458	35
3030	453	459	80
3031	454	455	70
3032	454	456	26
3033	454	461	79
3034	454	458	44
3035	455	456	79
3036	455	458	74
3037	455	466	11
3038	455	456	47
3039	455	456	39
3040	456	461	100
3041	456	458	13
3042	456	459	19
3043	456	457	67
3044	456	460	88
3045	456	469	94
3046	457	459	85
3047	457	460	92
3048	457	460	98
3049	457	467	23
3050	457	465	14
3051	457	459	16
3052	457	458	33
3053	457	458	13
3054	458	480	42
3055	458	460	42
3056	458	463	50
3057	459	461	35
3058	459	464	49
3059	459	475	96
3060	459	461	98
3061	459	465	31
3062	459	462	56
3063	459	461	81
3064	459	460	17
3065	460	466	25
3066	460	479	11
3067	460	463	97
3068	460	461	72
3069	460	462	42
3070	460	464	69
3071	460	461	57
3072	460	463	96
3073	461	462	92
3074	461	462	23
3075	461	464	35
3076	461	464	82
3077	461	462	87
3078	461	463	33
3079	461	462	10
3080	462	464	24
3081	462	466	13
3082	462	463	68
3083	462	465	70
3084	462	467	55
3085	462	468	52
3086	462	464	81
3087	462	467	74
3088	462	470	31
3089	463	468	46
3090	463	469	81
3091	463	465	76
3092	464	465	94
3093	464	468	56
3094	464	465	66
3095	464	466	41
3096	464	465	93
3097	464	471	25
3098	464	466	47
3099	464	473	65
3100	464	466	79
3101	465	475	48
3102	465	471	33
3103	465	472	82
3104	465	466	40
3105	465	468	23
3106	465	470	100
3107	465	468	98
3108	465	476	53
3109	465	466	41
3110	465	468	30
3111	466	469	93
3112	466	473	59
3113	466	483	31
3114	466	468	44
3115	467	472	49
3116	467	468	50
3117	467	476	43
3118	467	472	18
3119	467	475	10
3120	467	469	38
3121	467	468	94
3122	467	475	88
3123	467	481	87
3124	467	473	71
3125	468	490	69
3126	469	471	38
3127	469	473	26
3128	469	470	34
3129	469	472	16
3130	469	475	51
3131	469	470	13
3132	470	472	13
3133	470	471	93
3134	470	471	46
3135	470	476	88
3136	471	485	69
3137	471	473	88
3138	471	472	57
3139	471	473	40
3140	471	482	15
3141	471	473	15
3142	471	472	13
3143	471	474	72
3144	471	473	75
3145	472	477	92
3146	473	477	16
3147	473	475	75
3148	473	474	20
3149	473	478	66
3150	473	474	67
3151	473	474	31
3152	473	481	14
3153	473	475	23
3154	473	475	57
3155	474	480	80
3156	474	477	36
3157	474	476	42
3158	474	487	91
3159	474	484	38
3160	474	477	68
3161	475	484	14
3162	475	479	84
3163	475	482	80
3164	475	481	59
3165	475	482	64
3166	476	497	49
3167	476	481	91
3168	476	481	63
3169	476	479	44
3170	476	482	59
3171	477	482	73
3172	477	480	59
3173	477	478	68
3174	477	487	86
3175	477	486	27
3176	478	481	29
3177	479	481	31
3178	479	480	63
3179	479	482	15
3180	479	481	63
3181	479	483	86
3182	479	480	83
3183	479	481	33
3184	479	480	30
3185	479	480	38
3186	479	482	66
3187	479	483	94
3188	479	492	92
3189	480	487	42
3190	480	482	93
3191	480	488	71
3192	480	481	73
3193	480	487	40
3194	480	487	54
3195	480	484	35
3196	481	482	52
3197	481	485	15
3198	481	482	83
3199	481	483	80
3200	481	483	70
3201	481	490	89
3202	482	483	91
3203	482	490	62
3204	482	489	99
3205	482	484	94
3206	482	484	29
3207	482	485	44
3208	483	485	65
3209	483	484	60
3210	483	486	86
3211	483	485	89
3212	484	485	97
3213	484	485	86
3214	484	493	88
3215	484	485	24
3216	484	501	44
3217	484	485	52
3218	484	498	87
3219	484	485	89
3220	484	492	55
3221	484	497	42
3222	484	488	47
3223	484	486	29
3224	484	490	86
3225	485	490	25
3226	485	486	29
3227	485	494	11
3228	485	488	85
3229	485	487	24
3230	485	487	72
3231	486	488	48
3232	486	487	49
3233	486	488	54
3234	486	491	39
3235	486	492	38
3236	486	503	61
3237	486	487	67
3238	486	490	39
3239	486	492	29
3240	487	492	58
3241	488	489	90
3242	488	495	58
3243	488	491	58
3244	488	492	37
3245	488	489	27
3246	488	496	21
3247	488	489	81
3248	488	493	11
3249	488	495	86
3250	488	490	31
3251	489	497	89
3252	489	492	35
3253	489	491	17
3254	489	490	95
3255	489	495	86
3256	489	497	93
3257	489	490	66
3258	489	490	82
3259	490	492	43
3260	490	492	69
3261	490	491	48
3262	490	501	48
3263	490	493	84
3264	490	506	58
3265	490	502	55
3266	490	497	87
3267	490	493	58
3268	490	495	34
3269	491	495	41
3270	491	497	58
3271	491	512	66
3272	491	492	53
3273	491	495	53
3274	492	511	52
3275	492	493	68
3276	492	493	67
3277	492	493	68
3278	492	499	13
3279	492	493	29
3280	492	497	72
3281	492	506	78
3282	492	493	59
3283	492	494	61
3284	493	494	31
3285	494	497	22
3286	494	501	75
3287	494	495	57
3288	494	497	33
3289	495	500	96
3290	495	496	18
3291	495	505	88
3292	495	501	23
3293	495	498	70
3294	495	496	51
3295	496	500	97
3296	496	500	57
3297	496	498	23
3298	497	503	12
3299	497	499	66
3300	497	505	26
3301	497	499	79
3302	497	498	28
3303	497	505	73
3304	497	498	25
3305	497	502	73
3306	497	499	67
3307	498	510	61
3308	498	506	28
3309	498	504	88
3310	498	500	82
3311	498	503	30
3312	498	500	17
3313	498	499	43
3314	498	499	51
3315	498	503	44
3316	498	513	54
3317	499	502	49
3318	500	501	20
3319	500	507	40
3320	500	505	57
3321	500	502	50
3322	500	506	98
3323	500	505	91
3324	500	503	30
3325	500	503	65
3326	501	504	15
3327	501	503	68
3328	501	513	94
3329	501	503	57
3330	501	504	99
3331	501	502	89
3332	501	508	58
3333	501	504	70
3334	502	504	66
3335	502	506	25
3336	502	508	10
3337	503	508	57
3338	503	508	68
3339	503	513	83
3340	503	504	95
3341	503	504	70
3342	503	504	80
3343	504	506	90
3344	504	513	77
3345	504	506	89
3346	504	508	11
3347	504	511	65
3348	504	510	13
3349	505	507	47
3350	505	518	43
3351	505	508	15
3352	505	506	44
3353	506	517	29
3354	506	508	29
3355	506	509	93
3356	506	507	20
3357	506	507	92
3358	506	521	54
3359	506	508	98
3360	506	513	47
3361	506	515	87
3362	507	511	41
3363	507	518	13
3364	507	512	24
3365	507	513	79
3366	507	509	21
3367	508	511	21
3368	508	514	73
3369	508	515	39
3370	508	516	61
3371	508	509	85
3372	508	510	92
3373	508	510	69
3374	508	511	34
3375	508	514	22
3376	508	523	33
3377	508	511	43
3378	508	509	91
3379	508	512	89
3380	508	510	17
3381	509	513	98
3382	509	511	93
3383	509	512	81
3384	510	512	39
3385	510	517	60
3386	510	514	74
3387	511	518	46
3388	512	516	83
3389	512	527	33
3390	512	520	26
3391	512	514	91
3392	512	515	56
3393	512	514	47
3394	512	528	98
3395	512	520	37
3396	512	516	37
3397	512	522	74
3398	512	523	19
3399	512	513	62
3400	513	514	78
3401	513	518	26
3402	513	517	12
3403	513	516	98
3404	513	520	38
3405	513	514	59
3406	513	516	75
3407	513	514	98
3408	513	517	18
3409	513	518	30
3410	513	515	96
3411	514	517	59
3412	515	518	65
3413	515	527	75
3414	515	519	17
3415	515	519	45
3416	515	522	88
3417	515	518	60
3418	516	517	27
3419	516	521	89
3420	516	517	49
3421	516	536	39
3422	517	520	46
3423	517	520	34
3424	517	519	89
3425	518	523	42
3426	518	522	71
3427	518	529	33
3428	518	535	97
3429	518	525	31
3430	518	522	84
3431	518	522	39
3432	518	525	81
3433	518	520	43
3434	518	524	10
3435	518	519	79
3436	518	520	28
3437	518	522	11
3438	519	523	34
3439	519	520	24
3440	519	520	95
3441	519	524	57
3442	519	520	13
3443	519	525	22
3444	519	521	78
3445	520	531	45
3446	520	531	22
3447	520	525	80
3448	520	527	77
3449	520	522	50
3450	520	521	54
3451	520	523	69
3452	520	522	100
3453	520	521	100
3454	520	524	56
3455	520	523	22
3456	521	526	95
3457	521	526	87
3458	521	523	47
3459	521	523	41
3460	522	527	35
3461	522	524	10
3462	523	532	60
3463	523	530	45
3464	523	532	44
3465	523	526	13
3466	523	524	23
3467	523	529	69
3468	523	524	58
3469	523	527	90
3470	523	525	48
3471	523	527	89
3472	523	525	47
3473	524	529	60
3474	525	528	13
3475	525	527	14
3476	525	526	53
3477	525	526	80
3478	525	535	55
3479	525	526	16
3480	525	527	51
3481	525	530	53
3482	526	527	57
3483	526	531	33
3484	526	528	66
3485	526	531	77
3486	526	528	79
3487	526	529	49
3488	526	538	36
3489	526	534	24
3490	526	532	82
3491	526	530	98
3492	526	528	34
3493	526	530	76
3494	526	546	77
3495	527	529	79
3496	528	529	16
3497	528	531	53
3498	528	535	53
3499	528	534	24
3500	529	535	58
3501	529	533	78
3502	529	544	48
3503	529	530	97
3504	529	531	97
3505	529	530	55
3506	529	530	71
3507	529	534	80
3508	529	530	11
3509	529	533	48
3510	529	532	40
3511	529	530	11
3512	529	544	55
3513	529	530	89
3514	530	534	18
3515	530	532	25
3516	530	534	47
3517	530	531	42
3518	530	533	64
3519	530	538	19
3520	530	534	73
3521	531	532	57
3522	531	533	90
3523	531	536	63
3524	531	535	17
3525	531	534	26
3526	531	533	64
3527	531	539	43
3528	531	536	50
3529	532	535	87
3530	532	537	78
3531	532	542	67
3532	532	534	23
3533	532	543	40
3534	532	536	74
3535	532	533	47
3536	532	534	27
3537	533	538	52
3538	533	537	87
3539	533	535	75
3540	534	541	42
3541	534	538	12
3542	534	538	16
3543	534	535	77
3544	534	537	68
3545	534	536	75
3546	534	537	97
3547	534	536	85
3548	535	537	46
3549	535	542	63
3550	535	539	35
3551	536	539	10
3552	536	544	62
3553	536	548	10
3554	536	546	46
3555	536	543	73
3556	536	538	83
3557	536	540	14
3558	536	550	66
3559	536	538	26
3560	537	539	22
3561	537	539	33
3562	537	544	77
3563	537	545	56
3564	537	539	57
3565	537	542	46
3566	537	538	45
3567	537	539	26
3568	537	539	82
3569	537	538	82
3570	537	542	45
3571	538	540	37
3572	539	553	64
3573	539	543	47
3574	539	546	16
3575	539	540	17
3576	539	543	35
3577	539	547	39
3578	539	542	12
3579	539	556	67
3580	539	541	80
3581	539	542	15
3582	539	544	25
3583	539	541	34
3584	539	540	50
3585	540	542	91
3586	540	552	18
3587	540	544	76
3588	540	542	47
3589	540	541	95
3590	541	547	96
3591	542	544	15
3592	542	552	67
3593	542	546	20
3594	542	547	43
3595	542	546	47
3596	542	544	78
3597	543	549	55
3598	543	546	94
3599	543	545	24
3600	543	545	32
3601	543	544	66
3602	543	552	17
3603	543	553	18
3604	544	545	86
3605	544	548	35
3606	544	545	67
3607	544	553	16
3608	544	545	18
3609	544	549	89
3610	544	545	21
3611	544	545	20
3612	544	550	44
3613	544	547	64
3614	544	545	57
3615	545	546	77
3616	545	549	15
3617	545	548	55
3618	545	548	98
3619	545	550	20
3620	546	550	100
3621	546	555	69
3622	546	547	10
3623	546	551	22
3624	546	547	69
3625	546	565	51
3626	546	548	37
3627	546	552	66
3628	546	551	87
3629	546	547	54
3630	546	548	74
3631	546	547	36
3632	546	551	29
3633	547	549	25
3634	547	557	79
3635	547	549	55
3636	547	556	19
3637	547	550	34
3638	547	550	14
3639	547	554	67
3640	547	551	67
3641	547	549	62
3642	548	556	15
3643	548	554	70
3644	548	562	63
3645	549	553	76
3646	549	555	72
3647	549	554	43
3648	549	570	95
3649	549	551	86
3650	550	555	74
3651	550	555	45
3652	550	554	74
3653	550	556	86
3654	550	553	26
3655	551	554	27
3656	551	553	63
3657	551	555	55
3658	551	552	61
3659	551	552	66
3660	551	555	99
3661	552	561	19
3662	552	553	100
3663	552	555	69
3664	552	556	17
3665	552	554	63
3666	553	562	31
3667	553	556	11
3668	553	559	60
3669	553	556	16
3670	553	557	75
3671	553	560	73
3672	553	559	50
3673	553	554	65
3674	553	559	64
3675	553	554	83
3676	554	555	25
3677	555	562	45
3678	555	560	19
3679	555	564	26
3680	555	556	69
3681	555	560	21
3682	555	556	20
3683	555	559	95
3684	555	560	67
3685	555	574	31
3686	555	557	67
3687	555	558	28
3688	556	559	25
3689	556	558	52
3690	556	561	94
3691	556	557	91
3692	556	558	31
3693	556	559	86
3694	556	572	11
3695	556	561	20
3696	557	560	72
3697	557	571	21
3698	557	558	47
3699	558	564	98
3700	558	560	23
3701	558	562	48
3702	558	561	94
3703	558	565	28
3704	559	562	23
3705	559	565	20
3706	559	560	65
3707	560	563	88
3708	560	561	53
3709	560	569	100
3710	560	561	97
3711	560	562	97
3712	560	562	76
3713	560	573	77
3714	560	561	31
3715	561	563	23
3716	561	563	79
3717	561	565	55
3718	561	567	84
3719	561	567	25
3720	561	562	90
3721	561	566	71
3722	561	564	22
3723	561	564	95
3724	561	566	58
3725	561	562	65
3726	561	571	35
3727	561	562	68
3728	561	563	48
3729	561	565	15
3730	561	562	100
3731	562	563	87
3732	562	564	20
3733	562	563	20
3734	562	564	98
3735	562	566	26
3736	562	563	35
3737	562	564	49
3738	563	566	97
3739	564	567	48
3740	564	567	45
3741	564	575	54
3742	564	565	72
3743	564	566	92
3744	564	566	77
3745	564	565	68
3746	564	565	65
3747	564	576	63
3748	565	570	33
3749	565	567	41
3750	565	568	20
3751	565	566	18
3752	565	570	42
3753	565	569	24
3754	565	572	13
3755	566	572	22
3756	566	580	20
3757	566	568	99
3758	566	569	12
3759	566	568	20
3760	566	568	97
3761	566	575	46
3762	566	572	100
3763	566	570	32
3764	566	572	48
3765	566	569	65
3766	566	567	31
3767	566	567	51
3768	567	576	52
3769	567	571	73
3770	567	569	51
3771	568	579	92
3772	568	575	24
3773	569	571	53
3774	569	571	59
3775	569	574	81
3776	569	570	46
3777	569	571	36
3778	570	582	34
3779	570	573	74
3780	570	573	19
3781	570	573	59
3782	570	589	73
3783	570	574	91
3784	570	573	26
3785	570	574	22
3786	570	571	61
3787	570	572	98
3788	570	572	10
3789	571	574	74
3790	571	582	57
3791	571	576	65
3792	572	579	80
3793	572	573	57
3794	572	581	13
3795	572	574	50
3796	573	576	23
3797	573	576	88
3798	573	578	12
3799	573	588	25
3800	573	574	33
3801	573	581	17
3802	573	578	93
3803	573	576	70
3804	573	580	69
3805	573	574	67
3806	573	575	82
3807	573	583	67
3808	573	575	18
3809	573	575	75
3810	574	578	12
3811	574	581	94
3812	574	581	52
3813	574	575	73
3814	574	581	94
3815	574	576	52
3816	574	582	89
3817	574	576	93
3818	574	587	54
3819	575	579	86
3820	575	578	35
3821	575	577	59
3822	576	577	30
3823	576	578	14
3824	576	581	57
3825	576	577	63
3826	576	577	21
3827	576	582	100
3828	577	578	45
3829	577	583	49
3830	577	580	66
3831	577	579	22
3832	577	584	34
3833	577	578	84
3834	578	580	33
3835	578	582	40
3836	578	579	22
3837	578	579	76
3838	578	580	99
3839	578	581	46
3840	578	585	57
3841	578	581	22
3842	578	580	61
3843	578	590	72
3844	578	579	49
3845	578	579	63
3846	579	585	34
3847	580	584	77
3848	580	583	13
3849	580	585	76
3850	580	583	59
3851	580	582	39
3852	580	581	96
3853	580	589	21
3854	580	586	48
3855	580	582	42
3856	580	582	88
3857	580	587	75
3858	581	586	97
3859	581	583	32
3860	581	587	40
3861	581	592	20
3862	581	585	49
3863	581	586	38
3864	581	583	13
3865	581	583	15
3866	582	586	22
3867	582	585	28
3868	583	585	70
3869	583	585	56
3870	583	584	34
3871	583	586	95
3872	583	584	34
3873	583	585	87
3874	583	584	90
3875	583	595	45
3876	583	584	99
3877	583	584	93
3878	583	584	90
3879	583	585	82
3880	583	586	37
3881	584	589	65
3882	584	592	73
3883	584	589	75
3884	584	587	33
3885	585	592	23
3886	585	591	39
3887	585	594	52
3888	585	588	28
3889	585	591	34
3890	585	589	52
3891	585	591	85
3892	585	589	85
3893	585	589	59
3894	585	586	76
3895	585	586	73
3896	585	587	28
3897	585	588	22
3898	586	589	50
3899	586	590	85
3900	586	588	29
3901	586	587	58
3902	586	591	10
3903	586	587	43
3904	587	588	94
3905	587	592	97
3906	587	609	77
3907	588	589	62
3908	588	596	35
3909	588	589	43
3910	588	590	24
3911	588	598	60
3912	588	591	30
3913	588	592	88
3914	588	594	79
3915	588	590	64
3916	588	593	22
3917	588	592	39
3918	589	590	51
3919	589	594	43
3920	589	590	26
3921	589	590	41
3922	589	592	42
3923	589	590	12
3924	589	590	21
3925	589	595	47
3926	590	595	85
3927	590	594	25
3928	590	591	27
3929	590	597	22
3930	590	593	21
3931	591	595	61
3932	591	592	87
3933	591	598	56
3934	591	592	51
3935	591	594	59
3936	591	594	93
3937	591	593	74
3938	591	595	97
3939	591	595	70
3940	591	596	46
3941	591	597	68
3942	591	596	58
3943	591	595	84
3944	591	594	35
3945	592	596	74
3946	592	594	49
3947	592	596	42
3948	592	601	70
3949	592	597	48
3950	592	596	97
3951	592	603	11
3952	592	593	46
3953	593	595	20
3954	593	609	59
3955	593	606	42
3956	593	597	42
3957	593	594	51
3958	594	604	26
3959	594	599	83
3960	594	601	77
3961	594	597	41
3962	594	595	89
3963	594	598	99
3964	594	597	86
3965	594	597	41
3966	594	598	24
3967	594	610	40
3968	595	599	11
3969	595	596	42
3970	595	599	44
3971	595	596	25
3972	595	602	48
3973	595	602	47
3974	595	596	20
3975	595	596	82
3976	595	599	29
3977	596	597	36
3978	597	604	74
3979	597	598	54
3980	597	607	12
3981	597	601	100
3982	597	604	41
3983	597	603	36
3984	597	599	54
3985	597	599	82
3986	597	599	92
3987	597	603	36
3988	598	605	46
3989	598	599	44
3990	598	603	95
3991	598	605	53
3992	598	600	44
3993	598	615	89
3994	598	599	60
3995	598	605	50
3996	598	604	20
3997	598	600	56
3998	598	605	35
3999	598	599	95
4000	599	604	75
4001	599	603	97
4002	599	600	85
4003	600	603	49
4004	600	602	42
4005	600	605	45
4006	600	603	48
4007	600	612	26
4008	600	601	53
4009	601	603	84
4010	601	604	36
4011	601	608	52
4012	601	607	28
4013	601	606	92
4014	601	602	79
4015	602	603	40
4016	602	606	96
4017	602	609	74
4018	602	613	19
4019	602	607	34
4020	603	605	54
4021	603	609	84
4022	603	606	58
4023	603	604	26
4024	603	613	77
4025	603	609	11
4026	603	606	97
4027	603	605	48
4028	603	606	73
4029	603	606	82
4030	604	616	17
4031	604	607	13
4032	604	609	67
4033	604	605	90
4034	604	613	16
4035	604	610	100
4036	604	613	39
4037	605	611	40
4038	606	609	71
4039	606	611	19
4040	606	610	70
4041	606	608	64
4042	606	611	100
4043	606	607	64
4044	606	609	38
4045	606	607	88
4046	606	607	69
4047	606	610	89
4048	606	616	40
4049	607	612	92
4050	607	615	20
4051	607	608	78
4052	607	611	64
4053	607	616	68
4054	608	611	38
4055	608	609	82
4056	608	617	33
4057	608	613	96
4058	608	610	13
4059	609	612	50
4060	609	611	82
4061	609	611	96
4062	609	611	18
4063	609	611	78
4064	609	610	31
4065	609	631	27
4066	609	612	10
4067	610	614	31
4068	610	615	42
4069	611	617	90
4070	611	615	35
4071	611	612	50
4072	611	613	45
4073	611	612	71
4074	611	612	80
4075	611	618	59
4076	611	616	46
4077	611	614	45
4078	611	619	37
4079	612	613	10
4080	612	615	40
4081	612	614	68
4082	612	618	71
4083	612	622	33
4084	612	618	88
4085	612	613	47
4086	612	616	65
4087	612	621	45
4088	612	624	62
4089	612	614	84
4090	613	615	54
4091	613	621	85
4092	613	618	55
4093	613	622	64
4094	613	617	55
4095	613	615	96
4096	613	615	23
4097	614	622	31
4098	614	632	55
4099	614	617	75
4100	614	615	71
4101	614	621	81
4102	614	615	52
4103	615	616	31
4104	615	623	39
4105	615	623	44
4106	615	620	51
4107	615	617	66
4108	615	621	64
4109	615	619	45
4110	615	624	17
4111	615	626	61
4112	615	627	46
4113	615	616	27
4114	616	620	78
4115	617	619	100
4116	617	632	49
4117	617	618	85
4118	617	622	62
4119	618	619	80
4120	618	619	38
4121	618	620	89
4122	618	621	32
4123	618	621	26
4124	618	620	80
4125	618	621	61
4126	619	620	68
4127	619	622	77
4128	619	625	12
4129	619	620	16
4130	619	620	33
4131	619	620	78
4132	620	621	29
4133	620	625	70
4134	620	625	77
4135	620	622	34
4136	620	627	85
4137	620	625	90
4138	620	623	77
4139	620	625	36
4140	620	621	97
4141	620	622	49
4142	620	627	28
4143	620	631	70
4144	621	622	29
4145	622	627	69
4146	622	628	11
4147	622	625	78
4148	622	625	33
4149	622	629	74
4150	622	626	79
4151	622	624	10
4152	622	623	11
4153	622	629	40
4154	622	628	12
4155	622	625	83
4156	622	627	73
4157	622	624	44
4158	622	624	97
4159	622	626	83
4160	623	629	47
4161	624	632	98
4162	624	636	25
4163	624	631	97
4164	624	628	18
4165	624	634	44
4166	624	627	31
4167	624	629	68
4168	624	632	62
4169	624	625	43
4170	625	635	50
4171	626	629	99
4172	626	627	65
4173	626	632	34
4174	626	627	27
4175	626	630	20
4176	626	631	39
4177	626	627	38
4178	626	627	39
4179	626	651	76
4180	626	630	47
4181	626	629	69
4182	627	630	53
4183	628	630	14
4184	628	631	36
4185	628	629	44
4186	628	633	71
4187	628	629	31
4188	628	630	54
4189	628	629	89
4190	628	638	67
4191	628	633	42
4192	628	629	88
4193	628	641	26
4194	629	642	19
4195	629	632	63
4196	629	641	41
4197	629	632	51
4198	629	633	35
4199	629	632	35
4200	629	635	28
4201	629	637	10
4202	629	630	65
4203	629	636	31
4204	629	638	55
4205	629	633	61
4206	630	633	27
4207	630	631	97
4208	631	632	32
4209	631	637	40
4210	632	634	58
4211	632	638	50
4212	632	637	19
4213	632	639	38
4214	632	642	85
4215	632	634	77
4216	632	635	73
4217	632	634	22
4218	632	641	26
4219	632	633	96
4220	632	642	23
4221	632	636	79
4222	632	633	11
4223	632	639	33
4224	632	642	92
4225	632	635	81
4226	633	641	94
4227	633	636	32
4228	633	634	27
4229	633	635	77
4230	633	639	40
4231	633	634	17
4232	633	639	35
4233	634	643	99
4234	634	635	82
4235	634	639	60
4236	634	643	87
4237	635	639	22
4238	635	638	66
4239	635	652	17
4240	635	642	64
4241	635	640	94
4242	636	642	56
4243	636	650	43
4244	636	640	40
4245	637	642	61
4246	637	638	44
4247	637	638	20
4248	637	641	87
4249	637	640	98
4250	638	643	28
4251	638	647	46
4252	638	641	68
4253	638	640	73
4254	638	646	59
4255	638	639	42
4256	638	643	29
4257	638	641	19
4258	639	643	36
4259	640	647	49
4260	640	641	61
4261	641	650	88
4262	641	648	80
4263	641	642	14
4264	641	660	41
4265	641	657	68
4266	641	642	15
4267	641	643	22
4268	641	659	68
4269	641	643	63
4270	641	645	75
4271	641	644	50
4272	641	642	100
4273	641	643	34
4274	641	654	19
4275	642	644	12
4276	642	644	29
4277	642	647	97
4278	642	650	48
4279	643	646	26
4280	643	648	29
4281	643	649	10
4282	643	645	59
4283	643	646	90
4284	643	649	29
4285	643	651	36
4286	643	645	53
4287	643	648	80
4288	644	645	44
4289	644	651	39
4290	644	648	21
4291	644	645	48
4292	644	645	63
4293	644	656	62
4294	645	649	72
4295	645	646	19
4296	646	651	100
4297	646	650	16
4298	646	650	21
4299	646	649	79
4300	646	651	97
4301	646	647	67
4302	647	650	11
4303	647	650	21
4304	648	649	99
4305	648	664	60
4306	648	650	100
4307	648	649	82
4308	648	649	76
4309	648	654	43
4310	648	652	26
4311	648	653	81
4312	648	653	53
4313	648	656	47
4314	648	651	31
4315	648	649	19
4316	648	656	86
4317	649	651	45
4318	649	658	17
4319	649	652	43
4320	650	656	84
4321	650	655	64
4322	650	659	40
4323	650	661	74
4324	650	651	44
4325	650	651	49
4326	650	652	65
4327	650	662	30
4328	650	661	78
4329	651	660	59
4330	651	654	80
4331	651	654	66
4332	652	653	99
4333	652	660	96
4334	652	656	66
4335	652	656	89
4336	652	653	22
4337	652	664	13
4338	652	654	21
4339	652	655	19
4340	652	654	11
4341	652	655	33
4342	652	657	11
4343	652	654	96
4344	652	658	28
4345	653	658	48
4346	653	655	90
4347	653	658	36
4348	654	655	73
4349	654	655	71
4350	654	663	75
4351	655	656	18
4352	655	671	38
4353	655	669	18
4354	655	657	73
4355	655	662	94
4356	655	663	99
4357	655	656	42
4358	655	656	77
4359	655	664	41
4360	655	656	36
4361	655	660	21
4362	655	656	93
4363	656	658	37
4364	657	663	75
4365	657	667	42
4366	657	660	92
4367	657	658	81
4368	657	663	12
4369	657	665	95
4370	657	658	43
4371	657	674	49
4372	657	659	30
4373	658	659	56
4374	658	661	41
4375	658	659	58
4376	658	660	93
4377	658	659	28
4378	658	659	42
4379	658	663	13
4380	658	665	83
4381	658	661	85
4382	658	669	84
4383	658	659	98
4384	659	662	34
4385	659	660	24
4386	659	662	94
4387	659	660	37
4388	659	660	56
4389	659	665	90
4390	659	660	56
4391	660	662	51
4392	660	662	15
4393	660	662	27
4394	660	666	33
4395	660	671	26
4396	660	663	23
4397	660	665	43
4398	661	663	41
4399	661	670	82
4400	661	666	31
4401	661	667	47
4402	661	670	45
4403	661	666	35
4404	662	665	37
4405	662	663	78
4406	662	667	41
4407	662	666	66
4408	662	663	25
4409	662	673	15
4410	662	671	67
4411	662	663	71
4412	663	669	27
4413	664	667	60
4414	664	675	68
4415	664	686	88
4416	664	666	52
4417	664	666	80
4418	664	669	98
4419	664	665	44
4420	664	668	100
4421	664	666	81
4422	664	666	29
4423	664	665	53
4424	664	669	84
4425	665	669	84
4426	666	668	88
4427	666	668	80
4428	666	668	52
4429	666	670	89
4430	666	667	20
4431	666	671	83
4432	666	667	47
4433	666	671	69
4434	666	669	22
4435	666	667	14
4436	666	682	47
4437	666	667	82
4438	666	685	56
4439	667	668	18
4440	668	672	69
4441	668	669	17
4442	668	671	50
4443	668	670	84
4444	668	672	98
4445	668	674	54
4446	668	669	51
4447	668	672	74
4448	668	671	28
4449	668	677	50
4450	669	672	68
4451	669	675	67
4452	669	676	52
4453	669	670	79
4454	670	672	20
4455	670	679	45
4456	670	675	95
4457	670	672	43
4458	670	676	34
4459	670	673	58
4460	670	680	86
4461	670	671	52
4462	670	673	66
4463	670	674	88
4464	670	677	13
4465	670	675	88
4466	670	671	52
4467	670	680	24
4468	671	672	63
4469	672	675	25
4470	672	673	12
4471	672	677	95
4472	672	674	94
4473	672	682	55
4474	672	674	66
4475	672	685	86
4476	672	681	39
4477	672	680	50
4478	672	674	66
4479	672	677	68
4480	672	677	37
4481	672	674	19
4482	672	673	83
4483	673	676	58
4484	673	674	23
4485	673	674	62
4486	673	675	63
4487	673	675	22
4488	673	677	25
4489	674	675	84
4490	674	679	61
4491	674	677	89
4492	674	680	19
4493	674	688	97
4494	674	675	19
4495	674	675	78
4496	674	678	80
4497	675	676	37
4498	675	677	17
4499	675	677	18
4500	675	686	93
4501	675	686	79
4502	675	684	38
4503	676	678	12
4504	677	681	57
4505	677	687	60
4506	677	678	92
4507	677	691	20
4508	677	682	21
4509	677	681	16
4510	677	684	61
4511	677	679	48
4512	677	678	37
4513	677	683	15
4514	677	682	25
4515	677	685	53
4516	677	680	98
4517	677	681	79
4518	678	679	98
4519	678	679	71
4520	679	680	15
4521	680	681	59
4522	680	682	48
4523	680	685	33
4524	680	686	55
4525	680	689	88
4526	680	686	99
4527	680	685	67
4528	680	681	20
4529	680	682	24
4530	680	681	90
4531	680	681	41
4532	680	682	56
4533	680	683	20
4534	680	681	74
4535	681	683	42
4536	681	687	99
4537	681	692	54
4538	681	687	35
4539	681	684	28
4540	681	688	67
4541	681	683	99
4542	681	684	52
4543	682	683	100
4544	682	684	70
4545	682	684	56
4546	682	683	65
4547	683	684	93
4548	683	704	23
4549	683	684	25
4550	683	685	70
4551	684	696	89
4552	684	685	17
4553	684	688	66
4554	684	687	72
4555	684	685	28
4556	684	689	22
4557	685	688	17
4558	685	688	57
4559	685	686	35
4560	685	690	65
4561	685	693	59
4562	685	687	80
4563	685	686	47
4564	685	692	50
4565	685	687	96
4566	685	688	53
4567	685	689	99
4568	685	687	10
4569	685	696	45
4570	686	687	47
4571	687	688	59
4572	687	691	90
4573	687	694	19
4574	687	690	79
4575	687	698	53
4576	687	694	13
4577	687	697	70
4578	687	694	12
4579	687	695	42
4580	687	690	66
4581	687	688	57
4582	687	693	91
4583	687	693	82
4584	687	690	90
4585	688	689	47
4586	688	689	37
4587	689	691	16
4588	689	693	10
4589	689	691	28
4590	689	690	18
4591	689	694	85
4592	689	692	96
4593	689	691	82
4594	689	705	54
4595	689	690	67
4596	689	699	87
4597	689	692	15
4598	689	691	96
4599	689	690	75
4600	689	693	15
4601	689	699	59
4602	690	691	36
4603	690	693	67
4604	690	692	90
4605	690	694	98
4606	690	692	76
4607	690	693	77
4608	691	706	96
4609	692	694	84
4610	692	695	25
4611	692	695	31
4612	692	696	57
4613	692	696	45
4614	692	695	99
4615	692	697	42
4616	692	696	13
4617	692	701	99
4618	692	694	94
4619	692	693	43
4620	693	702	20
4621	693	694	97
4622	693	700	16
4623	693	701	11
4624	693	696	71
4625	693	697	14
4626	693	695	84
4627	693	696	51
4628	694	705	65
4629	694	696	24
4630	694	702	51
4631	695	697	57
4632	695	696	79
4633	695	702	23
4634	695	698	70
4635	695	702	74
4636	695	697	80
4637	695	697	31
4638	695	704	74
4639	695	696	75
4640	695	698	23
4641	696	698	94
4642	696	699	97
4643	696	702	97
4644	696	705	14
4645	696	698	62
4646	696	707	33
4647	696	705	52
4648	696	700	25
4649	696	698	66
4650	696	697	55
4651	696	708	52
4652	697	701	74
4653	697	706	19
4654	698	701	70
4655	698	704	96
4656	698	699	44
4657	698	713	50
4658	699	702	72
4659	699	700	48
4660	699	705	96
4661	699	708	89
4662	699	700	43
4663	699	701	53
4664	699	703	70
4665	700	706	39
4666	700	702	48
4667	701	702	51
4668	701	713	58
4669	702	711	80
4670	702	716	14
4671	702	703	43
4672	702	704	100
4673	702	707	51
4674	702	708	16
4675	702	706	99
4676	702	708	15
4677	702	703	71
4678	702	703	20
4679	702	712	22
4680	702	709	81
4681	702	704	54
4682	702	711	80
4683	702	705	98
4684	702	703	84
4685	703	705	28
4686	703	709	30
4687	703	704	58
4688	703	709	65
4689	703	707	37
4690	704	705	83
4691	704	707	92
4692	704	706	96
4693	704	706	94
4694	704	705	100
4695	704	705	44
4696	704	705	43
4697	704	707	40
4698	705	709	32
4699	705	707	37
4700	705	709	47
4701	705	706	32
4702	705	715	11
4703	705	706	64
4704	705	710	22
4705	705	706	49
4706	705	710	54
4707	706	707	82
4708	706	707	79
4709	706	723	61
4710	707	712	90
4711	707	720	41
4712	707	713	54
4713	707	709	80
4714	707	714	65
4715	707	723	24
4716	707	717	54
4717	707	714	19
4718	707	713	32
4719	708	713	83
4720	708	715	90
4721	708	715	80
4722	708	710	26
4723	708	710	56
4724	708	709	74
4725	708	709	12
4726	708	712	74
4727	708	709	36
4728	708	712	49
4729	708	709	47
4730	709	710	19
4731	709	712	61
4732	710	711	44
4733	710	713	35
4734	710	711	98
4735	710	714	55
4736	710	711	35
4737	710	719	24
4738	710	711	100
4739	710	714	96
4740	710	714	36
4741	710	711	85
4742	710	716	79
4743	711	716	95
4744	712	716	90
4745	712	716	67
4746	712	718	94
4747	712	720	66
4748	712	714	79
4749	712	716	50
4750	712	713	82
4751	712	714	54
4752	713	715	93
4753	713	717	100
4754	714	715	56
4755	714	716	50
4756	714	715	31
4757	714	716	82
4758	714	719	75
4759	714	715	19
4760	714	718	53
4761	714	717	83
4762	714	717	77
4763	714	717	79
4764	714	717	62
4765	715	719	65
4766	715	717	41
4767	715	717	89
4768	715	718	85
4769	715	717	87
4770	715	721	45
4771	715	720	70
4772	715	722	61
4773	716	719	26
4774	716	720	37
4775	716	723	100
4776	716	717	56
4777	716	719	49
4778	716	719	46
4779	716	728	76
4780	716	728	81
4781	716	720	93
4782	716	719	44
4783	717	727	81
4784	717	718	29
4785	717	729	36
4786	717	719	67
4787	717	723	47
4788	717	725	60
4789	717	718	21
4790	718	720	55
4791	719	720	84
4792	719	721	14
4793	719	726	61
4794	719	721	17
4795	719	734	52
4796	719	731	94
4797	719	731	95
4798	719	722	30
4799	720	723	82
4800	720	725	52
4801	720	722	65
4802	720	725	50
4803	720	721	62
4804	720	722	77
4805	720	722	36
4806	720	724	63
4807	720	725	41
4808	720	723	94
4809	720	721	33
4810	720	721	97
4811	721	723	10
4812	721	722	71
4813	721	731	31
4814	721	725	41
4815	721	742	64
4816	721	730	39
4817	721	722	89
4818	721	724	41
4819	721	724	65
4820	721	725	93
4821	721	731	61
4822	722	729	26
4823	722	723	43
4824	722	724	78
4825	722	727	96
4826	723	724	79
4827	723	727	95
4828	723	724	76
4829	723	724	95
4830	723	724	30
4831	723	724	17
4832	723	726	73
4833	723	740	71
4834	723	727	15
4835	724	733	16
4836	724	726	100
4837	724	726	98
4838	724	728	24
4839	724	727	15
4840	724	725	81
4841	724	737	44
4842	725	726	44
4843	725	728	90
4844	725	726	37
4845	726	729	25
4846	726	736	91
4847	726	731	73
4848	726	730	87
4849	726	732	84
4850	726	731	61
4851	726	727	76
4852	726	734	35
4853	726	730	92
4854	726	727	37
4855	726	727	80
4856	727	729	24
4857	727	730	34
4858	727	733	89
4859	727	745	78
4860	727	729	91
4861	727	730	44
4862	727	729	50
4863	727	729	92
4864	728	738	30
4865	728	744	38
4866	728	737	18
4867	729	731	66
4868	729	733	36
4869	729	732	82
4870	729	737	21
4871	730	733	100
4872	730	731	61
4873	730	732	88
4874	730	733	61
4875	730	733	84
4876	731	735	15
4877	731	732	34
4878	731	754	46
4879	731	735	33
4880	731	733	47
4881	731	740	48
4882	731	736	17
4883	731	735	24
4884	732	738	73
4885	732	734	79
4886	732	741	19
4887	732	733	83
4888	732	739	87
4889	732	735	66
4890	732	734	16
4891	732	737	42
4892	733	734	61
4893	733	740	95
4894	733	737	38
4895	733	737	99
4896	733	734	48
4897	733	736	70
4898	733	742	35
4899	733	747	74
4900	734	735	68
4901	735	746	69
4902	735	736	10
4903	735	741	27
4904	735	748	99
4905	735	737	17
4906	735	738	30
4907	735	744	23
4908	735	738	78
4909	735	737	46
4910	735	738	24
4911	735	741	21
4912	736	738	59
4913	737	738	80
4914	737	747	76
4915	737	740	32
4916	737	739	38
4917	737	738	90
4918	737	740	95
4919	737	748	61
4920	737	738	39
4921	737	743	29
4922	738	744	32
4923	738	742	22
4924	738	742	84
4925	738	742	38
4926	738	740	26
4927	738	739	45
4928	738	745	19
4929	738	743	93
4930	738	746	60
4931	738	750	73
4932	738	739	36
4933	738	739	14
4934	738	739	18
4935	739	748	57
4936	739	746	59
4937	739	744	20
4938	739	740	41
4939	740	742	54
4940	740	743	60
4941	740	745	26
4942	741	744	65
4943	741	747	36
4944	741	742	79
4945	741	754	32
4946	742	745	38
4947	742	743	59
4948	743	747	36
4949	743	748	96
4950	743	746	13
4951	743	747	99
4952	743	756	33
4953	743	747	30
4954	743	744	25
4955	743	748	66
4956	743	746	81
4957	743	747	25
4958	743	745	38
4959	744	745	12
4960	744	748	69
4961	745	749	38
4962	745	748	77
4963	745	753	26
4964	745	747	31
4965	745	752	80
4966	745	746	61
4967	745	749	96
4968	745	746	79
4969	745	746	31
4970	745	753	58
4971	745	749	27
4972	746	750	60
4973	747	749	47
4974	747	753	16
4975	747	758	74
4976	747	748	87
4977	747	749	93
4978	747	749	77
4979	747	769	45
4980	747	748	52
4981	747	751	74
4982	747	750	87
4983	747	751	100
4984	747	750	30
4985	747	751	98
4986	747	751	74
4987	747	758	29
4988	748	759	44
4989	749	751	36
4990	749	750	16
4991	749	764	91
4992	749	751	80
4993	749	750	20
4994	749	751	63
4995	749	752	48
4996	749	765	58
4997	749	752	55
4998	749	764	98
4999	749	750	56
5000	749	754	41
5001	750	752	64
