5052	100	0	0
0	1	2	30
1	1	2	97
2	1	2	70
3	1	2	83
4	1	11	75
5	1	3	31
6	1	3	13
7	1	2	37
8	1	6	86
9	1	7	68
10	1	9	59
11	1	2	82
12	1	13	76
13	1	9	37
14	1	9	73
15	1	8	32
16	1	3	39
17	1	2	46
18	1	4	48
19	1	2	22
20	1	13	100
21	1	4	85
22	1	5	20
23	1	4	46
24	1	6	89
25	1	7	12
26	1	5	25
27	1	3	77
28	2	3	97
29	2	4	67
30	2	7	70
31	2	9	47
32	2	3	21
33	2	4	11
34	2	13	37
35	2	3	13
36	2	8	85
37	3	11	93
38	3	8	32
39	3	5	30
40	3	10	31
41	4	6	44
42	4	5	25
43	4	7	85
44	4	6	93
45	4	10	15
46	4	7	95
47	4	8	24
48	4	6	90
49	4	12	98
50	4	6	93
51	4	14	44
52	5	6	63
53	5	18	39
54	5	8	26
55	5	16	15
56	6	7	46
57	6	7	14
58	6	9	43
59	6	8	99
60	6	12	17
61	6	7	45
62	6	15	58
63	7	11	94
64	7	10	40
65	7	9	76
66	7	11	22
67	7	8	91
68	7	8	90
69	7	11	100
70	7	10	93
71	7	9	43
72	8	14	14
73	8	10	65
74	8	13	75
75	8	9	29
76	8	10	36
77	8	9	95
78	8	12	54
79	8	9	34
80	8	17	32
81	8	19	97
82	9	34	26
83	9	11	94
84	9	12	72
85	9	18	21
86	10	12	67
87	10	19	92
88	10	12	28
89	10	11	82
90	10	12	54
91	11	31	94
92	11	13	51
93	11	16	86
94	11	12	15
95	11	13	21
96	11	12	76
97	11	14	64
98	11	19	41
99	12	13	99
100	12	21	13
101	12	13	41
102	12	17	78
103	12	14	84
104	12	14	23
105	12	19	72
106	13	15	23
107	13	30	73
108	13	15	97
109	13	16	97
110	13	15	86
111	13	15	71
112	13	14	23
113	13	19	89
114	13	18	30
115	14	16	72
116	14	15	58
117	14	15	31
118	14	15	93
119	15	20	39
120	15	17	32
121	15	17	69
122	15	16	63
123	15	16	48
124	15	16	39
125	15	23	95
126	15	21	72
127	16	26	33
128	16	18	24
129	16	17	29
130	16	17	83
131	16	17	21
132	16	18	78
133	16	19	91
134	16	18	23
135	17	23	99
136	17	21	39
137	17	20	27
138	17	23	69
139	17	18	100
140	17	24	42
141	17	19	12
142	17	21	66
143	17	18	59
144	17	25	60
145	17	26	25
146	17	20	28
147	17	21	41
148	17	19	67
149	17	20	55
150	18	21	75
151	18	21	54
152	19	26	36
153	19	25	23
154	19	20	67
155	19	35	97
156	19	21	21
157	19	22	64
158	19	20	14
159	20	21	59
160	20	22	48
161	20	22	84
162	20	23	79
163	20	25	90
164	21	22	43
165	21	30	66
166	21	27	92
167	21	22	89
168	21	28	43
169	21	26	62
170	21	22	26
171	21	39	81
172	21	26	88
173	21	32	23
174	21	23	56
175	22	24	30
176	22	29	19
177	22	30	35
178	22	27	31
179	23	25	50
180	23	27	32
181	23	30	93
182	23	27	55
183	23	27	56
184	23	24	19
185	24	28	77
186	24	33	97
187	24	27	46
188	24	26	18
189	24	25	73
190	24	25	78
191	25	30	24
192	25	27	35
193	25	28	12
194	25	50	35
195	25	26	15
196	25	28	16
197	25	34	57
198	25	32	47
199	26	32	84
200	27	36	26
201	27	28	25
202	27	42	95
203	27	36	79
204	27	33	69
205	27	28	37
206	27	29	87
207	27	28	84
208	27	28	86
209	28	33	77
210	28	30	35
211	28	29	86
212	28	31	70
213	28	29	55
214	28	29	88
215	28	30	68
216	28	32	67
217	28	29	80
218	28	35	47
219	28	30	38
220	28	31	71
221	29	34	38
222	29	30	34
223	29	34	31
224	29	38	75
225	30	35	29
226	30	37	50
227	30	32	36
228	31	39	35
229	31	34	53
230	31	34	35
231	31	34	100
232	31	40	64
233	31	39	62
234	31	40	90
235	31	45	66
236	31	36	27
237	32	42	48
238	32	41	48
239	32	36	61
240	32	41	39
241	32	34	82
242	32	33	52
243	33	43	25
244	33	37	33
245	33	34	17
246	33	39	49
247	33	35	19
248	34	35	61
249	35	38	83
250	35	41	25
251	35	47	59
252	35	40	12
253	35	39	46
254	36	38	37
255	36	38	22
256	36	41	46
257	36	37	86
258	36	37	27
259	36	38	46
260	36	38	35
261	36	43	47
262	37	45	26
263	37	39	59
264	37	38	43
265	37	48	15
266	37	38	28
267	37	42	24
268	37	38	84
269	37	39	47
270	38	44	79
271	39	42	70
272	39	45	73
273	39	42	17
274	39	43	87
275	39	52	21
276	39	40	39
277	39	47	72
278	39	43	83
279	40	49	21
280	40	42	94
281	40	43	27
282	40	43	41
283	40	42	71
284	40	51	62
285	40	51	81
286	40	43	38
287	40	46	99
288	41	49	29
289	41	42	52
290	41	44	75
291	41	43	93
292	41	51	55
293	41	42	45
294	41	42	66
295	41	45	77
296	42	48	48
297	42	47	37
298	43	47	97
299	43	45	95
300	43	57	78
301	43	47	35
302	43	45	49
303	43	45	35
304	43	46	56
305	43	44	12
306	43	45	60
307	43	45	55
308	43	44	29
309	43	47	37
310	43	54	58
311	43	61	87
312	43	46	38
313	43	57	61
314	44	45	94
315	44	45	61
316	44	46	79
317	44	47	65
318	45	49	100
319	46	48	97
320	46	51	19
321	46	47	42
322	46	55	23
323	46	50	79
324	46	47	21
325	46	48	39
326	46	49	35
327	46	50	85
328	46	47	46
329	46	49	59
330	47	62	24
331	47	59	73
332	47	48	46
333	47	51	93
334	47	48	100
335	47	51	72
336	47	51	75
337	47	48	100
338	47	49	74
339	47	54	93
340	48	52	32
341	49	51	82
342	49	51	21
343	49	53	49
344	49	52	78
345	49	55	26
346	49	61	14
347	49	57	73
348	49	57	69
349	49	50	71
350	49	53	84
351	49	52	42
352	49	50	71
353	50	63	18
354	50	54	53
355	50	51	45
356	50	56	70
357	51	52	26
358	51	59	56
359	51	58	83
360	51	52	49
361	51	53	48
362	51	53	95
363	52	55	26
364	52	69	100
365	52	70	42
366	52	53	11
367	52	57	13
368	52	56	31
369	52	54	62
370	52	54	34
371	52	57	16
372	52	53	78
373	52	54	30
374	52	59	28
375	52	55	34
376	53	54	95
377	54	60	65
378	54	55	79
379	54	55	93
380	54	62	86
381	54	72	97
382	54	56	46
383	54	58	27
384	54	64	90
385	54	58	10
386	54	56	79
387	55	59	74
388	56	57	30
389	56	59	90
390	56	57	21
391	56	63	25
392	56	58	15
393	56	64	32
394	56	67	46
395	56	63	19
396	57	65	96
397	57	59	52
398	57	60	21
399	57	61	58
400	57	61	71
401	57	58	23
402	57	61	37
403	58	59	69
404	58	60	15
405	58	60	44
406	58	60	53
407	58	59	40
408	58	59	75
409	58	61	25
410	58	62	21
411	58	60	99
412	58	68	57
413	59	63	44
414	60	63	44
415	60	61	87
416	60	62	66
417	60	62	72
418	60	63	25
419	60	73	40
420	60	65	39
421	60	66	39
422	60	62	63
423	60	61	86
424	60	61	30
425	60	62	60
426	60	62	57
427	61	63	22
428	61	62	70
429	61	68	36
430	61	66	85
431	61	66	48
432	61	66	11
433	62	67	14
434	62	70	16
435	62	64	54
436	62	64	57
437	62	63	48
438	63	66	36
439	63	69	94
440	63	65	96
441	63	65	58
442	63	71	37
443	63	64	46
444	63	65	10
445	63	64	13
446	63	69	34
447	63	64	56
448	64	86	66
449	64	68	62
450	64	65	77
451	64	86	95
452	64	66	31
453	64	66	63
454	64	65	51
455	64	65	31
456	64	69	77
457	65	74	79
458	65	70	53
459	65	70	93
460	65	69	36
461	65	69	75
462	65	71	84
463	65	69	83
464	65	67	15
465	65	72	100
466	65	67	54
467	66	67	16
468	66	81	40
469	66	73	19
470	66	68	40
471	66	76	37
472	66	68	62
473	67	77	95
474	68	73	37
475	68	73	18
476	68	69	70
477	68	72	81
478	68	72	68
479	68	74	30
480	68	71	74
481	68	72	14
482	68	69	61
483	68	69	36
484	69	88	28
485	69	74	60
486	69	71	49
487	69	73	41
488	69	78	61
489	69	70	38
490	69	70	39
491	69	78	43
492	69	73	36
493	69	78	78
494	70	74	57
495	70	71	11
496	70	79	67
497	71	77	22
498	72	75	69
499	72	80	38
500	72	76	14
501	72	83	57
502	72	74	33
503	72	73	70
504	72	76	29
505	72	81	14
506	72	78	30
507	72	75	60
508	72	74	82
509	72	78	53
510	72	82	25
511	72	82	47
512	73	74	75
513	73	78	69
514	73	75	65
515	74	76	16
516	74	85	64
517	74	75	23
518	74	76	93
519	74	76	64
520	74	78	38
521	74	76	73
522	74	75	16
523	74	78	95
524	74	80	88
525	75	76	29
526	75	77	69
527	75	80	24
528	75	76	62
529	75	76	28
530	75	77	67
531	76	81	89
532	77	78	89
533	77	78	65
534	77	83	60
535	77	80	19
536	77	80	79
537	77	81	18
538	77	85	26
539	77	79	67
540	77	79	73
541	77	83	37
542	77	79	33
543	77	85	22
544	77	78	51
545	78	85	80
546	78	79	20
547	78	89	15
548	78	79	87
549	78	83	49
550	78	80	66
551	78	83	18
552	78	79	88
553	79	80	35
554	79	82	89
555	79	84	46
556	79	83	58
557	80	82	36
558	80	81	72
559	80	82	54
560	80	81	77
561	80	95	50
562	80	87	66
563	80	82	39
564	80	87	16
565	80	82	34
566	80	89	89
567	80	83	92
568	80	90	21
569	81	82	69
570	81	87	24
571	81	84	10
572	81	82	87
573	81	82	11
574	82	83	71
575	82	83	62
576	82	84	87
577	82	89	87
578	82	85	16
579	82	83	78
580	82	86	23
581	82	91	31
582	83	86	19
583	83	85	13
584	83	86	28
585	83	86	69
586	84	86	84
587	84	92	67
588	84	90	54
589	84	91	73
590	84	85	34
591	84	89	27
592	84	85	83
593	84	92	53
594	84	89	65
595	84	85	56
596	84	85	14
597	85	88	51
598	85	87	65
599	85	92	39
600	85	86	13
601	86	87	23
602	86	98	35
603	86	87	48
604	86	94	50
605	86	89	68
606	86	88	92
607	86	88	19
608	86	87	75
609	87	91	43
610	87	101	58
611	87	102	10
612	87	98	92
613	87	95	57
614	87	90	91
615	87	90	68
616	87	97	100
617	87	90	24
618	87	91	97
619	87	88	13
620	87	94	11
621	87	88	59
622	87	92	98
623	88	92	48
624	88	89	81
625	88	89	70
626	88	93	65
627	88	89	16
628	89	96	22
629	89	90	22
630	90	95	64
631	90	92	46
632	90	93	52
633	90	91	15
634	90	91	67
635	91	98	52
636	91	100	83
637	91	99	21
638	91	92	50
639	91	100	77
640	91	92	75
641	91	102	80
642	91	96	68
643	91	106	63
644	91	92	47
645	91	93	45
646	91	92	70
647	91	100	21
648	91	98	24
649	91	94	46
650	92	97	38
651	93	94	64
652	93	95	59
653	93	99	76
654	93	102	40
655	93	96	60
656	93	95	49
657	94	98	49
658	94	95	88
659	94	96	73
660	94	105	70
661	94	100	35
662	94	100	32
663	94	97	51
664	94	99	16
665	94	96	90
666	94	102	39
667	95	101	91
668	95	98	36
669	95	97	52
670	95	104	14
671	95	107	81
672	95	104	93
673	96	99	51
674	96	100	55
675	96	100	12
676	97	101	10
677	97	101	60
678	97	99	85
679	97	98	64
680	97	99	51
681	97	104	69
682	97	100	12
683	98	102	91
684	98	103	43
685	98	109	26
686	98	99	13
687	98	104	62
688	98	106	56
689	98	100	30
690	99	103	37
691	99	102	27
692	99	102	99
693	100	103	89
694	100	111	19
695	100	108	75
696	100	102	77
697	100	120	95
698	100	107	41
699	100	101	45
700	101	103	37
701	102	107	59
702	102	106	22
703	102	107	47
704	102	105	92
705	102	104	12
706	102	103	14
707	102	109	22
708	102	105	14
709	102	111	27
710	102	103	16
711	102	107	42
712	102	107	73
713	103	110	45
714	103	113	27
715	103	105	61
716	103	107	86
717	103	108	89
718	103	110	57
719	103	109	87
720	103	112	97
721	103	105	61
722	103	105	18
723	103	106	15
724	103	104	36
725	104	109	86
726	104	114	96
727	104	105	41
728	104	105	37
729	105	115	85
730	105	106	85
731	105	111	73
732	105	107	20
733	106	110	49
734	106	111	43
735	107	112	79
736	107	111	77
737	107	111	83
738	107	110	61
739	107	118	60
740	107	108	89
741	107	109	26
742	107	109	10
743	107	109	65
744	108	112	86
745	109	114	25
746	109	112	88
747	109	113	50
748	109	118	32
749	109	112	78
750	109	110	43
751	109	110	50
752	109	114	58
753	109	111	92
754	109	121	32
755	109	112	28
756	109	110	14
757	109	110	11
758	109	112	23
759	109	111	52
760	109	114	67
761	110	114	85
762	111	113	94
763	111	115	62
764	111	112	98
765	111	113	93
766	111	115	39
767	111	122	26
768	111	116	17
769	111	115	38
770	111	112	99
771	111	122	11
772	111	113	71
773	111	119	50
774	111	119	26
775	111	112	54
776	111	115	56
777	112	122	45
778	112	127	14
779	112	116	24
780	112	117	94
781	113	114	88
782	113	119	36
783	114	118	68
784	114	117	24
785	114	122	71
786	114	132	85
787	114	116	30
788	114	121	60
789	114	115	56
790	114	120	44
791	114	118	47
792	114	125	53
793	114	116	61
794	115	132	63
795	115	121	65
796	115	117	37
797	115	120	100
798	115	116	63
799	115	124	82
800	116	118	87
801	116	127	95
802	116	117	39
803	116	122	38
804	116	119	90
805	116	117	89
806	117	134	23
807	117	120	34
808	117	119	77
809	117	121	55
810	117	124	100
811	117	118	45
812	117	120	35
813	117	129	99
814	117	145	73
815	118	119	73
816	119	121	56
817	120	121	37
818	120	121	13
819	120	124	85
820	120	121	24
821	120	125	30
822	121	123	27
823	121	125	45
824	121	136	84
825	121	127	47
826	121	124	98
827	121	123	53
828	121	133	43
829	121	122	75
830	121	131	70
831	121	128	81
832	121	123	80
833	121	122	29
834	121	123	90
835	121	123	11
836	121	122	88
837	121	124	60
838	122	126	52
839	123	133	19
840	123	130	33
841	123	125	93
842	123	124	65
843	123	131	94
844	123	126	58
845	123	125	33
846	123	129	46
847	123	124	74
848	123	125	58
849	123	125	33
850	124	125	88
851	124	126	83
852	124	125	18
853	125	132	20
854	125	141	27
855	125	134	53
856	125	154	37
857	125	127	82
858	125	127	20
859	125	130	10
860	125	126	63
861	125	126	92
862	125	127	29
863	125	127	43
864	125	129	79
865	125	135	58
866	126	127	54
867	126	128	86
868	126	128	95
869	126	129	51
870	126	137	78
871	126	128	33
872	126	130	93
873	127	130	25
874	128	129	13
875	128	129	50
876	128	133	10
877	129	137	51
878	129	138	74
879	129	131	10
880	129	131	97
881	129	134	13
882	129	142	46
883	129	130	82
884	129	137	80
885	129	136	23
886	130	134	93
887	130	132	90
888	130	143	83
889	131	141	35
890	131	132	19
891	131	135	91
892	131	132	28
893	132	133	72
894	132	133	76
895	132	133	84
896	132	137	69
897	132	135	41
898	133	140	51
899	133	134	65
900	133	134	38
901	133	141	39
902	133	136	70
903	134	144	89
904	134	136	59
905	134	136	70
906	134	137	44
907	134	140	61
908	134	135	20
909	134	137	67
910	134	137	40
911	134	149	66
912	134	139	79
913	134	136	12
914	135	136	75
915	135	137	51
916	136	139	58
917	136	138	28
918	136	137	14
919	136	143	97
920	136	138	25
921	136	138	21
922	136	138	14
923	136	137	81
924	136	142	71
925	136	138	82
926	136	139	90
927	136	147	33
928	136	152	32
929	137	144	21
930	138	144	72
931	138	151	87
932	138	142	55
933	138	154	38
934	138	140	61
935	138	143	22
936	138	141	99
937	138	140	87
938	138	140	73
939	138	143	14
940	138	140	25
941	138	139	83
942	138	139	97
943	138	148	88
944	139	142	70
945	140	150	74
946	140	144	95
947	140	150	58
948	140	144	67
949	140	145	42
950	140	142	14
951	140	141	84
952	141	149	35
953	141	144	98
954	141	142	12
955	141	142	43
956	142	145	22
957	142	147	43
958	142	146	34
959	142	147	89
960	142	145	46
961	142	143	38
962	142	144	46
963	142	151	46
964	142	148	72
965	142	145	40
966	142	144	35
967	142	143	44
968	142	148	98
969	143	144	31
970	144	149	17
971	144	145	66
972	144	156	47
973	144	148	81
974	144	148	95
975	144	146	96
976	144	146	50
977	144	146	61
978	144	145	19
979	145	146	73
980	145	158	50
981	145	146	50
982	145	152	57
983	145	149	66
984	145	157	97
985	145	148	32
986	145	148	17
987	146	158	36
988	147	152	14
989	147	189	39
990	147	148	43
991	147	152	96
992	148	150	91
993	148	153	46
994	148	152	56
995	148	149	98
996	148	165	28
997	148	151	34
998	148	149	24
999	148	161	64
1000	148	151	49
1001	148	150	24
1002	148	157	63
1003	148	149	12
1004	148	150	29
1005	148	149	63
1006	149	152	12
1007	149	155	12
1008	149	159	11
1009	149	157	10
1010	149	151	33
1011	149	151	79
1012	150	154	41
1013	151	152	53
1014	151	154	10
1015	151	152	71
1016	151	154	93
1017	151	153	40
1018	151	153	35
1019	151	152	49
1020	152	157	66
1021	152	154	57
1022	152	160	79
1023	152	156	64
1024	152	154	64
1025	152	155	83
1026	153	163	23
1027	153	155	21
1028	153	161	48
1029	153	156	21
1030	153	155	97
1031	153	154	28
1032	153	155	20
1033	153	154	30
1034	153	156	30
1035	153	154	83
1036	153	157	13
1037	153	158	28
1038	153	154	71
1039	154	157	37
1040	155	167	33
1041	155	156	55
1042	155	156	51
1043	155	156	40
1044	155	156	59
1045	155	160	53
1046	155	158	26
1047	155	157	13
1048	155	160	16
1049	155	160	71
1050	155	166	77
1051	156	158	49
1052	156	164	39
1053	156	161	98
1054	157	163	21
1055	157	160	12
1056	157	162	29
1057	157	169	13
1058	157	159	55
1059	157	158	77
1060	157	163	72
1061	157	159	90
1062	157	171	27
1063	157	161	36
1064	157	158	96
1065	157	163	74
1066	157	158	31
1067	158	162	84
1068	159	166	98
1069	159	164	52
1070	159	164	61
1071	159	162	100
1072	159	160	91
1073	159	163	58
1074	160	168	92
1075	160	166	21
1076	160	162	53
1077	160	163	33
1078	160	164	64
1079	160	166	20
1080	160	165	38
1081	161	168	76
1082	161	163	59
1083	161	163	91
1084	161	171	52
1085	161	165	65
1086	161	165	98
1087	161	167	63
1088	161	166	80
1089	161	162	50
1090	161	164	64
1091	162	163	46
1092	162	168	42
1093	163	180	51
1094	163	164	50
1095	163	166	11
1096	163	170	78
1097	163	172	33
1098	163	169	58
1099	163	164	71
1100	163	164	60
1101	163	168	58
1102	163	164	29
1103	163	167	39
1104	163	164	82
1105	164	166	55
1106	164	173	62
1107	164	172	84
1108	164	168	44
1109	164	165	80
1110	164	165	79
1111	164	169	91
1112	165	166	36
1113	166	168	19
1114	166	167	67
1115	166	170	68
1116	166	175	31
1117	166	167	51
1118	166	167	86
1119	166	167	40
1120	166	171	99
1121	166	172	62
1122	166	170	51
1123	166	171	89
1124	166	167	71
1125	166	168	83
1126	167	170	31
1127	168	170	76
1128	168	174	29
1129	168	170	25
1130	168	169	41
1131	168	169	30
1132	168	172	99
1133	168	173	24
1134	169	171	30
1135	169	170	57
1136	169	171	81
1137	169	170	91
1138	169	171	69
1139	169	172	22
1140	169	188	70
1141	169	170	26
1142	169	173	39
1143	169	171	77
1144	169	185	98
1145	169	176	10
1146	169	173	42
1147	170	172	36
1148	171	172	22
1149	171	176	51
1150	171	174	42
1151	171	179	56
1152	171	172	72
1153	171	174	83
1154	171	175	26
1155	171	173	78
1156	172	174	11
1157	172	177	88
1158	172	177	31
1159	172	173	54
1160	172	178	37
1161	172	173	11
1162	172	176	64
1163	172	175	93
1164	172	175	64
1165	172	175	48
1166	172	173	30
1167	172	175	82
1168	172	177	69
1169	172	173	19
1170	172	178	15
1171	172	179	88
1172	173	189	62
1173	173	177	24
1174	173	174	88
1175	173	176	78
1176	173	175	28
1177	173	180	14
1178	174	176	61
1179	174	181	61
1180	175	176	49
1181	175	176	49
1182	175	182	15
1183	175	184	34
1184	175	179	80
1185	175	179	73
1186	175	176	82
1187	176	179	92
1188	176	178	67
1189	176	178	64
1190	176	190	89
1191	176	181	61
1192	176	185	84
1193	176	179	24
1194	177	178	58
1195	177	178	72
1196	177	178	81
1197	177	193	24
1198	177	182	72
1199	177	178	27
1200	177	179	37
1201	178	180	65
1202	178	181	14
1203	178	179	66
1204	178	179	60
1205	178	184	89
1206	178	179	95
1207	178	182	29
1208	178	185	78
1209	178	180	73
1210	178	181	40
1211	178	196	24
1212	178	186	42
1213	179	181	50
1214	179	190	71
1215	179	180	97
1216	179	184	10
1217	179	189	56
1218	180	199	56
1219	180	182	93
1220	180	182	98
1221	180	184	94
1222	180	183	99
1223	180	181	28
1224	180	199	59
1225	180	182	19
1226	180	181	15
1227	180	182	25
1228	180	183	91
1229	180	186	49
1230	181	183	25
1231	181	182	19
1232	181	184	56
1233	181	183	99
1234	181	186	58
1235	181	189	18
1236	181	184	82
1237	182	184	26
1238	182	183	21
1239	182	191	36
1240	183	185	45
1241	184	197	36
1242	184	187	98
1243	184	194	91
1244	184	191	50
1245	184	185	53
1246	184	186	68
1247	184	186	65
1248	184	197	27
1249	184	187	92
1250	184	189	39
1251	184	185	61
1252	184	187	35
1253	184	186	92
1254	185	190	93
1255	186	188	53
1256	186	192	41
1257	186	188	36
1258	186	187	47
1259	186	187	12
1260	186	200	29
1261	186	189	27
1262	186	187	48
1263	186	188	63
1264	186	191	27
1265	186	187	59
1266	186	193	73
1267	186	195	10
1268	186	190	79
1269	187	192	100
1270	187	208	100
1271	187	190	19
1272	187	204	16
1273	187	188	46
1274	188	189	34
1275	188	191	37
1276	188	189	79
1277	189	190	46
1278	189	191	55
1279	189	192	55
1280	189	191	25
1281	189	190	32
1282	190	195	44
1283	190	192	48
1284	190	191	94
1285	190	191	43
1286	190	198	40
1287	190	193	77
1288	190	195	14
1289	190	191	21
1290	190	193	64
1291	190	205	90
1292	190	195	100
1293	190	196	37
1294	190	195	91
1295	191	195	95
1296	191	199	97
1297	191	193	79
1298	191	194	57
1299	192	195	21
1300	192	201	78
1301	192	193	40
1302	192	195	13
1303	192	197	10
1304	192	193	60
1305	192	193	41
1306	192	197	59
1307	192	193	27
1308	192	194	85
1309	193	200	29
1310	194	200	97
1311	194	200	94
1312	195	200	85
1313	195	199	10
1314	195	197	62
1315	195	201	43
1316	195	197	33
1317	195	197	44
1318	195	196	80
1319	195	196	15
1320	195	201	55
1321	195	205	23
1322	195	200	64
1323	195	198	72
1324	195	205	75
1325	195	198	75
1326	195	198	26
1327	195	198	45
1328	195	206	91
1329	196	201	21
1330	196	199	28
1331	197	199	11
1332	197	198	95
1333	198	199	27
1334	198	204	17
1335	198	199	19
1336	198	202	65
1337	199	205	82
1338	199	204	73
1339	199	204	33
1340	199	206	100
1341	199	203	90
1342	199	200	54
1343	199	203	91
1344	199	203	95
1345	199	207	66
1346	199	204	30
1347	199	202	98
1348	199	200	59
1349	199	203	87
1350	199	212	90
1351	199	200	79
1352	200	207	56
1353	201	203	80
1354	201	203	70
1355	201	208	97
1356	201	202	58
1357	201	209	56
1358	201	208	90
1359	202	205	13
1360	202	208	72
1361	202	204	12
1362	203	209	76
1363	203	207	57
1364	203	206	84
1365	203	210	57
1366	203	207	49
1367	203	207	69
1368	203	204	26
1369	204	214	92
1370	204	211	85
1371	204	205	23
1372	204	207	47
1373	204	209	30
1374	204	208	73
1375	204	205	83
1376	204	230	35
1377	204	205	55
1378	204	206	31
1379	205	214	13
1380	205	208	20
1381	205	207	70
1382	205	212	27
1383	205	207	97
1384	205	209	88
1385	205	206	49
1386	205	209	82
1387	205	207	44
1388	206	216	94
1389	206	213	63
1390	206	216	57
1391	206	209	24
1392	206	224	24
1393	206	211	14
1394	206	211	36
1395	207	209	36
1396	207	208	75
1397	207	211	21
1398	207	215	86
1399	208	216	89
1400	208	215	14
1401	208	221	48
1402	208	210	21
1403	208	211	61
1404	209	216	55
1405	209	210	51
1406	209	212	29
1407	209	211	77
1408	209	215	83
1409	209	214	24
1410	209	211	78
1411	209	217	29
1412	209	210	41
1413	209	210	85
1414	209	216	35
1415	209	216	89
1416	210	217	50
1417	210	214	60
1418	210	213	15
1419	210	214	77
1420	210	214	23
1421	211	217	88
1422	211	212	83
1423	212	225	10
1424	212	215	27
1425	212	214	53
1426	212	213	80
1427	213	215	99
1428	213	217	90
1429	214	215	21
1430	214	215	82
1431	214	220	84
1432	214	215	15
1433	214	230	62
1434	214	217	65
1435	214	218	39
1436	214	216	75
1437	214	220	38
1438	214	215	63
1439	214	227	93
1440	215	217	39
1441	215	219	17
1442	215	219	86
1443	215	217	20
1444	215	218	54
1445	215	217	39
1446	215	219	77
1447	215	220	81
1448	215	216	12
1449	215	216	71
1450	216	219	58
1451	216	221	83
1452	216	223	55
1453	216	227	33
1454	216	217	21
1455	216	220	62
1456	216	221	63
1457	216	229	93
1458	217	220	52
1459	217	218	41
1460	217	234	70
1461	217	222	40
1462	218	227	95
1463	218	219	91
1464	218	219	100
1465	218	222	96
1466	218	220	42
1467	218	219	12
1468	218	226	20
1469	218	230	79
1470	218	219	40
1471	218	227	56
1472	218	222	69
1473	219	220	66
1474	219	220	61
1475	219	225	62
1476	219	225	100
1477	219	225	15
1478	219	220	25
1479	219	224	84
1480	219	220	56
1481	220	225	26
1482	220	222	36
1483	220	226	21
1484	220	221	46
1485	220	227	86
1486	220	223	29
1487	220	222	39
1488	220	224	32
1489	220	221	76
1490	220	226	42
1491	220	226	22
1492	220	223	49
1493	221	229	81
1494	221	223	81
1495	221	224	26
1496	221	236	71
1497	221	224	98
1498	222	224	55
1499	223	224	39
1500	223	228	39
1501	223	225	89
1502	223	226	19
1503	223	227	85
1504	223	226	58
1505	224	237	33
1506	225	232	19
1507	225	228	38
1508	225	226	19
1509	225	231	10
1510	225	240	17
1511	225	227	18
1512	225	226	71
1513	225	226	59
1514	225	227	48
1515	225	231	50
1516	225	228	22
1517	225	232	51
1518	226	234	68
1519	226	228	38
1520	226	230	89
1521	227	228	48
1522	227	229	51
1523	227	237	92
1524	227	229	53
1525	227	229	53
1526	227	244	97
1527	227	233	96
1528	227	231	11
1529	228	233	18
1530	228	235	93
1531	228	235	18
1532	229	230	44
1533	229	232	59
1534	229	234	56
1535	229	233	15
1536	229	231	82
1537	229	231	58
1538	229	230	45
1539	229	230	98
1540	229	240	27
1541	229	230	25
1542	229	234	23
1543	229	231	10
1544	229	239	46
1545	229	230	32
1546	230	232	17
1547	231	232	53
1548	231	238	100
1549	231	236	18
1550	231	232	88
1551	231	232	77
1552	231	233	41
1553	231	233	43
1554	231	236	10
1555	231	243	57
1556	231	235	18
1557	231	233	33
1558	231	234	98
1559	231	232	37
1560	231	232	84
1561	231	233	79
1562	232	233	94
1563	232	241	90
1564	232	234	86
1565	232	240	69
1566	233	234	11
1567	233	234	31
1568	233	236	48
1569	233	234	85
1570	233	236	66
1571	233	236	25
1572	233	247	56
1573	233	239	50
1574	233	234	90
1575	233	257	70
1576	233	249	45
1577	233	235	69
1578	233	239	24
1579	234	246	100
1580	235	236	39
1581	235	240	79
1582	235	237	60
1583	235	237	88
1584	235	236	55
1585	235	236	17
1586	235	237	88
1587	235	236	65
1588	235	237	75
1589	235	238	28
1590	236	243	59
1591	236	239	57
1592	236	238	83
1593	236	240	42
1594	236	242	57
1595	236	248	53
1596	236	244	94
1597	236	240	33
1598	236	240	38
1599	236	237	83
1600	236	237	17
1601	236	238	63
1602	237	239	77
1603	237	239	86
1604	237	238	48
1605	238	239	77
1606	238	241	88
1607	238	251	35
1608	238	241	67
1609	238	241	42
1610	238	244	95
1611	238	240	64
1612	238	250	54
1613	238	239	42
1614	238	240	40
1615	238	239	88
1616	239	240	27
1617	239	241	11
1618	239	242	40
1619	239	247	95
1620	239	243	63
1621	239	251	26
1622	240	250	19
1623	240	244	80
1624	240	248	91
1625	240	248	53
1626	240	241	74
1627	240	241	65
1628	240	245	10
1629	240	244	35
1630	240	244	89
1631	241	244	82
1632	241	244	79
1633	241	242	37
1634	241	255	94
1635	241	251	46
1636	241	244	33
1637	241	247	12
1638	241	242	73
1639	241	246	15
1640	242	247	89
1641	242	243	74
1642	242	251	44
1643	242	243	16
1644	242	245	80
1645	242	264	84
1646	243	244	73
1647	243	246	91
1648	244	245	25
1649	244	245	63
1650	244	249	36
1651	244	251	15
1652	244	250	12
1653	244	247	17
1654	244	246	35
1655	245	248	34
1656	245	251	97
1657	245	246	48
1658	245	260	71
1659	245	256	83
1660	245	247	46
1661	245	247	70
1662	246	247	46
1663	246	252	54
1664	246	252	21
1665	246	249	45
1666	246	255	31
1667	246	247	82
1668	247	249	45
1669	248	256	39
1670	248	253	89
1671	248	250	22
1672	248	252	96
1673	248	251	28
1674	248	254	63
1675	248	254	13
1676	249	252	65
1677	250	251	19
1678	250	252	26
1679	250	264	32
1680	250	254	43
1681	250	252	41
1682	250	253	97
1683	251	255	78
1684	251	252	43
1685	251	253	12
1686	251	253	78
1687	251	255	34
1688	251	253	78
1689	251	257	83
1690	251	252	50
1691	252	255	98
1692	252	253	44
1693	252	261	48
1694	252	257	42
1695	252	255	18
1696	252	256	15
1697	252	258	42
1698	252	258	85
1699	252	254	59
1700	253	256	24
1701	253	257	62
1702	253	258	19
1703	253	267	81
1704	253	255	66
1705	253	254	36
1706	253	256	72
1707	253	260	39
1708	253	257	20
1709	254	260	25
1710	254	259	51
1711	254	258	17
1712	254	256	59
1713	254	263	67
1714	254	259	44
1715	254	255	83
1716	255	261	14
1717	255	259	85
1718	255	261	91
1719	256	259	90
1720	256	262	16
1721	256	268	93
1722	256	261	18
1723	256	258	74
1724	257	261	41
1725	257	261	38
1726	257	265	41
1727	257	258	73
1728	257	261	40
1729	257	259	60
1730	257	262	62
1731	257	260	54
1732	258	259	78
1733	259	266	76
1734	259	260	96
1735	259	262	32
1736	259	260	89
1737	259	262	45
1738	259	260	66
1739	259	261	54
1740	259	264	84
1741	259	260	99
1742	259	267	16
1743	259	260	63
1744	259	262	52
1745	259	265	91
1746	259	264	64
1747	260	263	86
1748	260	272	34
1749	260	268	57
1750	260	262	54
1751	261	262	51
1752	261	262	85
1753	261	262	42
1754	261	262	69
1755	261	262	78
1756	261	269	70
1757	261	264	58
1758	261	263	11
1759	261	266	66
1760	261	265	10
1761	261	269	58
1762	261	263	77
1763	261	268	38
1764	261	263	71
1765	261	264	69
1766	262	272	87
1767	262	263	65
1768	262	264	46
1769	262	281	94
1770	262	268	65
1771	263	268	35
1772	263	265	10
1773	263	273	62
1774	263	269	64
1775	263	268	10
1776	263	266	23
1777	263	264	68
1778	263	271	75
1779	263	272	62
1780	264	270	46
1781	264	271	11
1782	265	266	90
1783	265	280	12
1784	265	267	84
1785	265	266	48
1786	265	274	37
1787	265	277	83
1788	265	269	54
1789	265	285	95
1790	265	267	83
1791	266	269	19
1792	266	274	69
1793	266	267	78
1794	267	268	44
1795	268	274	65
1796	268	269	21
1797	268	271	51
1798	268	269	61
1799	268	273	27
1800	268	275	10
1801	268	269	48
1802	268	271	71
1803	268	273	55
1804	268	270	94
1805	268	275	77
1806	268	269	70
1807	268	271	58
1808	269	270	33
1809	269	271	40
1810	269	271	86
1811	269	281	71
1812	269	270	77
1813	269	271	32
1814	269	271	97
1815	269	272	85
1816	270	273	89
1817	270	274	76
1818	270	271	15
1819	270	274	64
1820	270	272	40
1821	270	276	50
1822	270	275	50
1823	270	276	29
1824	271	274	25
1825	272	283	56
1826	272	276	52
1827	272	285	33
1828	272	273	50
1829	272	276	92
1830	272	273	56
1831	272	280	18
1832	272	273	75
1833	272	273	47
1834	272	275	95
1835	272	275	77
1836	272	274	99
1837	272	273	55
1838	272	273	80
1839	273	274	40
1840	274	278	68
1841	274	286	54
1842	274	278	96
1843	274	275	98
1844	274	280	68
1845	274	279	28
1846	274	289	10
1847	274	280	26
1848	274	276	90
1849	274	283	69
1850	274	275	10
1851	274	275	76
1852	274	278	44
1853	274	275	11
1854	274	280	50
1855	274	275	37
1856	274	277	46
1857	274	292	56
1858	275	277	24
1859	275	276	83
1860	275	277	17
1861	275	276	21
1862	275	279	43
1863	275	278	68
1864	275	276	18
1865	275	281	19
1866	275	276	41
1867	276	279	73
1868	276	279	54
1869	276	277	93
1870	276	283	59
1871	276	277	72
1872	276	278	32
1873	276	277	44
1874	277	282	30
1875	278	279	97
1876	278	281	56
1877	278	281	86
1878	278	284	79
1879	278	282	24
1880	278	281	55
1881	278	285	66
1882	278	279	34
1883	278	279	95
1884	278	280	21
1885	278	279	68
1886	278	287	43
1887	278	282	45
1888	278	282	32
1889	279	282	98
1890	280	281	59
1891	280	287	99
1892	280	283	27
1893	280	284	91
1894	280	282	77
1895	280	281	94
1896	280	283	24
1897	280	285	23
1898	280	285	20
1899	280	286	23
1900	280	281	71
1901	281	282	78
1902	281	282	60
1903	281	284	69
1904	282	291	75
1905	282	283	64
1906	282	283	79
1907	282	290	59
1908	282	287	55
1909	282	293	22
1910	282	283	83
1911	282	284	13
1912	282	285	72
1913	282	283	19
1914	282	289	85
1915	282	285	11
1916	282	288	76
1917	282	285	27
1918	283	288	85
1919	283	284	87
1920	283	286	51
1921	283	290	57
1922	283	290	68
1923	283	289	57
1924	283	288	31
1925	283	288	47
1926	284	286	13
1927	284	288	26
1928	284	289	77
1929	284	296	12
1930	284	286	42
1931	284	294	83
1932	284	286	14
1933	285	290	17
1934	285	289	41
1935	285	289	65
1936	285	289	12
1937	285	287	57
1938	285	297	59
1939	285	288	39
1940	285	287	20
1941	286	295	96
1942	287	288	67
1943	287	288	10
1944	288	291	35
1945	288	289	67
1946	288	292	91
1947	288	292	64
1948	288	289	61
1949	288	291	78
1950	288	290	44
1951	288	293	83
1952	288	290	85
1953	288	296	51
1954	289	301	69
1955	289	302	29
1956	289	291	52
1957	289	297	42
1958	289	290	13
1959	289	292	63
1960	289	291	64
1961	289	291	11
1962	289	300	94
1963	289	291	31
1964	289	293	77
1965	290	293	85
1966	290	291	55
1967	290	293	67
1968	290	294	99
1969	290	304	70
1970	290	310	71
1971	290	296	94
1972	290	294	66
1973	290	305	42
1974	290	293	90
1975	291	299	33
1976	291	300	17
1977	291	299	54
1978	291	293	43
1979	292	300	52
1980	292	293	20
1981	292	293	28
1982	292	296	66
1983	292	298	49
1984	292	294	30
1985	292	294	45
1986	292	297	57
1987	292	297	67
1988	293	294	32
1989	294	303	87
1990	294	298	30
1991	294	295	53
1992	294	296	52
1993	294	299	74
1994	294	298	21
1995	294	295	33
1996	294	297	33
1997	294	297	98
1998	294	295	69
1999	294	296	100
2000	295	298	43
2001	296	308	45
2002	296	297	31
2003	296	299	37
2004	296	303	37
2005	296	299	30
2006	296	297	22
2007	296	301	14
2008	296	302	85
2009	296	299	35
2010	297	309	59
2011	297	299	26
2012	297	300	54
2013	298	304	50
2014	298	300	20
2015	298	299	14
2016	298	303	56
2017	298	304	68
2018	299	300	40
2019	299	301	54
2020	299	300	92
2021	299	302	87
2022	299	303	29
2023	299	301	95
2024	299	300	42
2025	299	306	51
2026	300	304	100
2027	300	302	66
2028	300	301	90
2029	300	303	42
2030	300	302	44
2031	300	301	87
2032	300	302	10
2033	300	307	36
2034	300	302	47
2035	300	305	92
2036	300	301	58
2037	300	302	57
2038	300	304	97
2039	301	303	47
2040	301	313	54
2041	302	313	46
2042	302	303	40
2043	302	304	58
2044	302	306	16
2045	302	308	57
2046	302	303	45
2047	302	309	76
2048	302	304	52
2049	302	311	76
2050	302	310	31
2051	302	304	57
2052	302	304	76
2053	302	303	28
2054	302	303	54
2055	302	306	20
2056	303	305	11
2057	303	311	86
2058	303	305	52
2059	303	307	96
2060	303	304	92
2061	303	308	15
2062	303	311	30
2063	303	306	46
2064	303	309	80
2065	303	311	77
2066	304	305	18
2067	305	322	57
2068	305	308	65
2069	305	307	21
2070	305	321	95
2071	305	306	81
2072	305	306	92
2073	305	312	41
2074	305	311	87
2075	305	309	24
2076	305	306	32
2077	305	310	49
2078	305	306	25
2079	305	317	81
2080	305	311	98
2081	306	312	22
2082	307	311	37
2083	307	316	49
2084	307	317	23
2085	308	314	95
2086	308	309	71
2087	308	311	43
2088	308	324	36
2089	308	311	22
2090	308	317	78
2091	309	311	94
2092	309	311	63
2093	309	312	18
2094	309	312	78
2095	310	312	91
2096	310	312	54
2097	310	314	25
2098	310	313	53
2099	310	329	96
2100	310	317	90
2101	310	312	28
2102	310	313	58
2103	310	319	27
2104	310	320	79
2105	311	313	57
2106	311	313	25
2107	312	320	86
2108	312	317	39
2109	312	317	98
2110	312	318	90
2111	312	314	37
2112	312	315	82
2113	312	315	29
2114	312	315	62
2115	312	316	98
2116	312	325	49
2117	313	314	10
2118	313	316	48
2119	313	318	79
2120	313	315	100
2121	314	320	12
2122	314	317	98
2123	314	317	32
2124	314	321	44
2125	314	320	25
2126	314	315	57
2127	314	315	57
2128	314	319	94
2129	314	315	19
2130	315	316	68
2131	315	323	81
2132	315	319	71
2133	315	318	55
2134	316	319	57
2135	316	330	90
2136	316	327	93
2137	316	322	49
2138	316	317	48
2139	316	323	38
2140	317	318	70
2141	317	320	20
2142	317	325	18
2143	318	325	63
2144	318	325	84
2145	318	327	58
2146	318	320	15
2147	318	320	79
2148	318	327	85
2149	318	323	42
2150	318	321	33
2151	318	319	68
2152	318	321	92
2153	318	331	79
2154	319	320	17
2155	319	325	72
2156	319	320	61
2157	319	324	55
2158	319	321	27
2159	319	326	57
2160	319	346	93
2161	320	321	92
2162	320	321	64
2163	320	322	70
2164	320	322	38
2165	320	330	20
2166	320	325	42
2167	320	326	25
2168	320	333	39
2169	320	322	45
2170	320	322	70
2171	321	322	27
2172	322	332	56
2173	322	323	94
2174	322	324	63
2175	322	330	77
2176	322	324	90
2177	322	324	51
2178	322	325	99
2179	322	323	59
2180	322	328	74
2181	322	323	86
2182	322	339	78
2183	322	325	100
2184	323	348	93
2185	323	327	88
2186	323	326	27
2187	323	331	97
2188	323	328	46
2189	324	331	80
2190	324	326	37
2191	324	338	11
2192	325	336	48
2193	325	328	18
2194	325	337	55
2195	325	330	50
2196	325	329	21
2197	325	327	91
2198	325	333	67
2199	325	327	19
2200	325	329	69
2201	325	329	15
2202	326	328	96
2203	326	329	28
2204	326	327	37
2205	327	328	39
2206	327	331	77
2207	327	348	15
2208	327	329	74
2209	327	328	59
2210	327	329	47
2211	327	331	11
2212	328	331	55
2213	328	329	62
2214	328	329	58
2215	328	331	34
2216	329	330	82
2217	329	332	88
2218	329	337	48
2219	329	333	67
2220	329	330	42
2221	329	340	29
2222	329	330	42
2223	329	341	30
2224	329	341	17
2225	330	332	10
2226	330	331	44
2227	330	331	80
2228	330	336	52
2229	330	341	85
2230	330	332	99
2231	330	340	93
2232	330	332	87
2233	331	347	71
2234	331	332	42
2235	331	334	13
2236	331	332	34
2237	331	335	31
2238	331	332	24
2239	331	360	84
2240	331	342	22
2241	331	347	15
2242	331	336	40
2243	331	341	87
2244	331	335	53
2245	331	345	56
2246	332	345	16
2247	332	333	55
2248	332	353	58
2249	332	334	23
2250	332	334	83
2251	333	334	57
2252	333	334	73
2253	333	335	66
2254	333	335	14
2255	333	335	43
2256	334	339	87
2257	334	343	36
2258	334	335	43
2259	334	338	47
2260	334	335	58
2261	334	337	89
2262	335	343	94
2263	335	336	88
2264	335	341	72
2265	335	339	93
2266	335	337	99
2267	336	338	49
2268	336	339	80
2269	336	337	64
2270	336	337	54
2271	337	343	96
2272	337	348	24
2273	337	340	71
2274	337	341	83
2275	337	340	84
2276	337	338	90
2277	337	340	48
2278	337	342	99
2279	337	344	99
2280	338	340	75
2281	339	340	19
2282	339	341	53
2283	340	343	44
2284	340	344	74
2285	340	349	100
2286	340	341	99
2287	340	346	71
2288	340	342	52
2289	340	344	34
2290	340	342	48
2291	340	347	93
2292	340	341	89
2293	341	345	100
2294	342	343	10
2295	342	354	29
2296	342	347	12
2297	342	346	10
2298	342	343	94
2299	342	345	18
2300	342	343	23
2301	342	345	50
2302	342	343	33
2303	342	344	93
2304	342	343	49
2305	342	345	75
2306	343	348	15
2307	343	348	64
2308	344	345	26
2309	344	348	48
2310	344	351	95
2311	344	347	95
2312	344	345	42
2313	344	352	37
2314	344	347	51
2315	344	349	85
2316	344	345	76
2317	344	346	32
2318	344	351	57
2319	344	345	42
2320	344	345	91
2321	345	352	55
2322	345	361	80
2323	346	347	13
2324	346	349	73
2325	346	349	16
2326	346	351	91
2327	346	348	99
2328	346	347	75
2329	346	348	66
2330	346	357	29
2331	346	349	77
2332	346	350	69
2333	347	350	65
2334	347	349	19
2335	347	352	86
2336	347	358	95
2337	347	348	65
2338	347	351	11
2339	347	350	90
2340	348	352	58
2341	348	352	51
2342	348	350	51
2343	348	353	45
2344	348	349	28
2345	348	351	19
2346	348	349	88
2347	348	349	60
2348	348	353	24
2349	348	351	37
2350	348	351	54
2351	349	354	59
2352	350	356	88
2353	350	351	36
2354	350	353	43
2355	350	356	65
2356	350	352	34
2357	350	355	26
2358	350	352	23
2359	350	354	59
2360	350	356	50
2361	350	355	14
2362	350	353	10
2363	351	368	99
2364	351	354	81
2365	351	356	20
2366	352	357	59
2367	352	355	91
2368	352	360	42
2369	352	358	89
2370	352	355	82
2371	352	356	41
2372	353	357	53
2373	353	354	44
2374	353	360	10
2375	353	356	75
2376	353	365	24
2377	353	355	11
2378	353	358	76
2379	353	355	32
2380	353	354	30
2381	353	361	30
2382	353	355	42
2383	353	355	59
2384	354	355	23
2385	354	377	21
2386	354	355	48
2387	354	356	29
2388	354	366	17
2389	354	356	32
2390	354	361	35
2391	355	361	98
2392	355	370	31
2393	355	362	86
2394	355	357	33
2395	356	360	60
2396	356	357	76
2397	356	359	99
2398	356	362	23
2399	356	359	38
2400	356	362	60
2401	356	368	98
2402	356	358	55
2403	356	360	71
2404	356	358	25
2405	356	357	31
2406	356	362	47
2407	356	358	22
2408	356	373	93
2409	357	360	53
2410	357	360	27
2411	358	359	72
2412	359	362	40
2413	359	362	96
2414	359	361	65
2415	359	361	47
2416	359	368	78
2417	359	361	63
2418	359	364	91
2419	359	364	62
2420	359	360	36
2421	359	363	19
2422	360	361	100
2423	360	364	61
2424	360	364	81
2425	360	367	41
2426	360	364	20
2427	361	364	32
2428	361	362	83
2429	361	363	99
2430	361	364	63
2431	361	378	32
2432	361	364	38
2433	361	364	43
2434	361	362	31
2435	361	366	74
2436	361	362	99
2437	362	370	89
2438	362	370	13
2439	362	368	72
2440	362	363	51
2441	362	363	99
2442	362	364	33
2443	362	366	55
2444	363	373	84
2445	363	368	36
2446	363	367	14
2447	363	367	50
2448	363	366	36
2449	363	364	98
2450	363	370	87
2451	363	371	45
2452	363	371	38
2453	363	367	88
2454	364	370	77
2455	364	369	47
2456	364	367	95
2457	364	365	19
2458	364	365	75
2459	364	367	73
2460	364	367	45
2461	364	365	28
2462	365	366	42
2463	365	366	95
2464	366	369	73
2465	366	372	50
2466	366	370	12
2467	366	368	98
2468	366	368	33
2469	366	367	47
2470	366	372	57
2471	367	368	77
2472	367	368	51
2473	367	388	91
2474	367	372	17
2475	367	369	56
2476	367	368	99
2477	367	378	41
2478	367	375	10
2479	368	372	88
2480	368	370	77
2481	368	369	87
2482	368	375	52
2483	368	371	43
2484	368	370	47
2485	368	370	40
2486	368	369	21
2487	368	380	90
2488	368	372	61
2489	369	370	62
2490	369	375	15
2491	369	374	64
2492	369	371	89
2493	369	379	65
2494	369	380	97
2495	369	371	69
2496	369	372	26
2497	370	375	68
2498	370	371	100
2499	370	390	37
2500	371	372	42
2501	371	372	66
2502	371	380	48
2503	371	375	48
2504	371	373	84
2505	371	373	75
2506	371	388	70
2507	371	381	35
2508	371	373	16
2509	371	375	10
2510	371	373	34
2511	371	381	90
2512	371	376	93
2513	371	373	66
2514	372	375	85
2515	372	374	27
2516	373	376	14
2517	373	374	61
2518	373	376	70
2519	373	376	15
2520	374	376	46
2521	374	379	19
2522	375	388	23
2523	375	382	72
2524	375	390	59
2525	375	394	19
2526	375	378	23
2527	375	392	55
2528	375	380	95
2529	376	377	59
2530	376	377	30
2531	376	379	47
2532	376	383	65
2533	376	377	67
2534	376	382	42
2535	376	378	95
2536	376	378	47
2537	376	380	90
2538	376	384	23
2539	376	379	60
2540	376	382	60
2541	376	377	37
2542	376	380	40
2543	376	381	69
2544	377	382	65
2545	377	380	72
2546	377	378	88
2547	377	378	63
2548	377	378	48
2549	378	384	57
2550	379	386	26
2551	380	382	32
2552	380	388	50
2553	380	381	32
2554	380	382	33
2555	380	383	70
2556	380	383	65
2557	380	384	68
2558	381	383	47
2559	381	385	71
2560	381	383	59
2561	381	388	53
2562	381	382	72
2563	382	385	88
2564	382	383	37
2565	382	383	28
2566	382	384	91
2567	382	384	56
2568	382	383	12
2569	383	390	92
2570	383	388	59
2571	383	384	22
2572	383	395	64
2573	383	386	19
2574	383	384	69
2575	383	387	44
2576	383	388	65
2577	383	386	65
2578	383	389	83
2579	383	387	40
2580	384	390	10
2581	384	385	17
2582	384	388	100
2583	384	386	56
2584	384	390	39
2585	385	388	50
2586	385	387	39
2587	385	387	25
2588	385	386	59
2589	385	396	22
2590	385	400	40
2591	385	386	53
2592	385	386	90
2593	386	398	96
2594	387	389	67
2595	387	390	50
2596	387	401	72
2597	387	389	51
2598	387	391	70
2599	387	390	39
2600	387	390	59
2601	387	392	23
2602	388	394	10
2603	388	396	58
2604	388	391	71
2605	388	392	43
2606	388	401	16
2607	388	397	36
2608	388	391	86
2609	388	389	81
2610	388	391	72
2611	389	391	97
2612	389	397	90
2613	389	390	31
2614	389	390	78
2615	389	404	22
2616	389	391	12
2617	389	397	24
2618	389	393	56
2619	389	391	99
2620	389	390	69
2621	390	394	68
2622	391	397	56
2623	391	394	17
2624	391	394	91
2625	391	392	45
2626	391	392	11
2627	391	393	92
2628	391	395	29
2629	391	394	32
2630	391	394	30
2631	391	396	58
2632	391	397	72
2633	391	397	25
2634	391	396	66
2635	391	393	73
2636	392	396	22
2637	392	406	15
2638	392	393	89
2639	392	398	54
2640	392	405	16
2641	392	399	65
2642	392	393	62
2643	393	396	42
2644	394	395	68
2645	394	398	92
2646	394	395	20
2647	394	399	39
2648	394	405	44
2649	394	395	84
2650	394	398	80
2651	394	398	86
2652	394	401	29
2653	394	395	98
2654	394	399	56
2655	395	396	67
2656	395	400	37
2657	395	396	36
2658	396	411	94
2659	396	398	89
2660	396	397	29
2661	396	397	66
2662	396	407	11
2663	397	401	54
2664	397	399	36
2665	397	400	34
2666	397	413	50
2667	397	400	15
2668	397	398	26
2669	397	398	21
2670	397	400	91
2671	397	404	48
2672	397	405	22
2673	397	400	70
2674	397	400	62
2675	397	398	21
2676	397	404	49
2677	397	398	19
2678	398	399	61
2679	398	406	32
2680	398	399	17
2681	399	400	91
2682	399	408	33
2683	399	404	34
2684	399	402	60
2685	400	404	33
2686	400	405	85
2687	400	405	36
2688	400	409	95
2689	400	410	17
2690	400	405	47
2691	400	401	17
2692	400	403	98
2693	400	411	48
2694	400	403	82
2695	400	403	32
2696	401	404	35
2697	401	402	19
2698	401	402	46
2699	401	406	64
2700	401	402	23
2701	402	410	58
2702	403	406	55
2703	403	404	100
2704	403	406	82
2705	403	413	40
2706	403	404	70
2707	403	407	97
2708	403	404	71
2709	403	408	79
2710	403	404	80
2711	403	405	26
2712	403	405	98
2713	403	404	77
2714	404	406	19
2715	404	408	25
2716	404	413	12
2717	405	414	39
2718	405	407	30
2719	405	406	51
2720	405	411	73
2721	405	413	32
2722	405	410	69
2723	405	407	31
2724	405	406	85
2725	405	407	72
2726	405	416	99
2727	405	406	17
2728	406	418	47
2729	406	409	96
2730	406	413	84
2731	406	407	81
2732	406	410	56
2733	407	412	37
2734	407	408	51
2735	407	409	68
2736	407	421	16
2737	407	413	11
2738	407	409	13
2739	407	445	64
2740	407	408	75
2741	407	408	89
2742	407	408	29
2743	407	419	31
2744	407	411	12
2745	407	408	100
2746	408	412	36
2747	408	412	23
2748	408	410	13
2749	408	410	29
2750	408	417	20
2751	408	410	21
2752	408	414	41
2753	408	410	22
2754	408	412	72
2755	409	414	10
2756	409	410	15
2757	409	416	34
2758	409	410	41
2759	410	412	23
2760	411	412	63
2761	411	412	46
2762	411	422	65
2763	411	415	50
2764	411	413	50
2765	411	414	31
2766	411	421	28
2767	411	419	52
2768	411	414	60
2769	411	420	35
2770	411	412	72
2771	411	414	74
2772	411	415	79
2773	412	421	37
2774	412	416	59
2775	412	416	62
2776	412	413	99
2777	412	415	100
2778	412	416	13
2779	412	418	95
2780	412	416	80
2781	412	430	79
2782	413	416	24
2783	414	418	65
2784	414	416	79
2785	414	415	39
2786	414	417	57
2787	414	431	24
2788	414	420	100
2789	414	421	29
2790	415	425	39
2791	415	418	74
2792	415	416	55
2793	415	416	83
2794	415	421	93
2795	415	418	31
2796	415	417	39
2797	415	429	42
2798	415	428	47
2799	415	436	66
2800	416	419	33
2801	417	419	50
2802	417	420	82
2803	418	423	12
2804	418	424	34
2805	418	421	11
2806	418	427	32
2807	418	420	64
2808	419	421	67
2809	419	420	22
2810	419	420	31
2811	419	422	24
2812	419	424	69
2813	419	420	10
2814	420	425	87
2815	420	423	10
2816	420	421	74
2817	420	426	25
2818	420	423	42
2819	420	422	36
2820	420	426	18
2821	420	423	51
2822	420	421	52
2823	420	424	92
2824	421	427	21
2825	421	425	62
2826	421	422	86
2827	421	429	89
2828	421	427	54
2829	422	424	77
2830	422	424	66
2831	422	426	53
2832	422	423	95
2833	422	423	23
2834	422	430	41
2835	422	424	29
2836	423	424	50
2837	423	424	99
2838	423	433	17
2839	423	424	42
2840	423	428	91
2841	423	427	10
2842	423	424	18
2843	423	427	66
2844	424	428	95
2845	424	425	88
2846	424	439	88
2847	424	427	73
2848	424	426	16
2849	424	426	31
2850	424	434	21
2851	424	425	34
2852	425	430	65
2853	425	428	95
2854	425	428	55
2855	425	431	11
2856	425	432	23
2857	425	430	40
2858	426	431	50
2859	426	434	12
2860	426	431	32
2861	427	429	22
2862	427	431	39
2863	427	429	12
2864	427	432	42
2865	427	429	68
2866	427	430	51
2867	427	428	11
2868	427	431	76
2869	427	433	27
2870	427	429	48
2871	427	439	17
2872	427	428	54
2873	427	428	93
2874	428	438	64
2875	429	438	11
2876	429	430	13
2877	429	431	42
2878	429	437	81
2879	429	435	81
2880	429	435	65
2881	429	440	89
2882	429	438	13
2883	429	431	71
2884	430	436	76
2885	430	434	73
2886	430	442	91
2887	431	440	27
2888	431	433	60
2889	431	439	47
2890	431	434	76
2891	431	432	56
2892	431	433	93
2893	431	437	65
2894	431	438	32
2895	431	433	67
2896	431	433	59
2897	431	433	52
2898	431	432	25
2899	432	433	27
2900	432	433	50
2901	432	438	61
2902	433	434	97
2903	433	439	11
2904	433	436	39
2905	433	434	52
2906	433	434	97
2907	433	434	100
2908	434	442	22
2909	434	437	40
2910	434	438	19
2911	434	436	52
2912	434	435	30
2913	434	435	54
2914	434	440	26
2915	434	437	27
2916	434	435	14
2917	434	437	56
2918	434	437	26
2919	434	436	64
2920	434	437	13
2921	434	441	31
2922	434	449	86
2923	435	449	99
2924	435	436	92
2925	436	442	18
2926	436	445	89
2927	436	441	50
2928	436	437	16
2929	436	444	21
2930	436	438	66
2931	437	443	36
2932	437	439	85
2933	437	444	20
2934	437	443	31
2935	437	438	36
2936	437	438	27
2937	438	441	14
2938	438	445	18
2939	438	439	33
2940	438	445	84
2941	438	443	85
2942	438	442	54
2943	438	448	95
2944	438	441	70
2945	438	444	80
2946	438	440	57
2947	438	447	63
2948	438	439	71
2949	439	440	54
2950	439	442	19
2951	439	443	55
2952	439	440	53
2953	439	440	47
2954	439	450	81
2955	439	452	16
2956	439	440	59
2957	440	444	62
2958	441	445	86
2959	441	446	70
2960	441	442	97
2961	442	443	100
2962	442	448	88
2963	442	444	26
2964	442	443	37
2965	442	445	72
2966	442	446	86
2967	442	446	23
2968	442	444	94
2969	442	447	16
2970	442	443	27
2971	442	444	66
2972	442	443	19
2973	442	443	78
2974	443	445	49
2975	443	444	47
2976	443	448	92
2977	443	447	87
2978	443	447	22
2979	443	444	61
2980	444	445	13
2981	444	445	47
2982	444	447	12
2983	444	446	22
2984	444	451	78
2985	444	450	29
2986	444	449	83
2987	444	445	51
2988	444	448	97
2989	444	447	91
2990	444	457	74
2991	444	448	51
2992	444	447	90
2993	444	451	63
2994	445	446	94
2995	446	447	54
2996	446	448	21
2997	446	450	42
2998	446	461	47
2999	446	448	82
3000	446	451	48
3001	446	447	20
3002	446	453	40
3003	446	453	64
3004	446	449	61
3005	446	448	16
3006	446	456	58
3007	446	456	23
3008	446	448	67
3009	447	448	51
3010	447	457	32
3011	447	451	87
3012	447	449	47
3013	447	454	51
3014	447	457	80
3015	447	455	70
3016	447	448	63
3017	448	449	28
3018	448	452	84
3019	448	453	11
3020	448	456	78
3021	449	453	28
3022	449	460	96
3023	449	459	18
3024	449	450	89
3025	449	450	34
3026	449	453	13
3027	449	456	91
3028	449	455	71
3029	449	450	100
3030	449	452	44
3031	449	450	54
3032	450	453	39
3033	450	453	48
3034	450	454	53
3035	450	454	11
3036	450	451	54
3037	450	454	72
3038	450	451	50
3039	451	458	28
3040	451	460	74
3041	451	453	96
3042	451	452	79
3043	451	457	17
3044	451	454	29
3045	451	464	50
3046	452	454	73
3047	452	454	27
3048	452	453	92
3049	453	459	87
3050	453	456	97
3051	453	455	40
3052	453	459	13
3053	453	455	34
3054	453	462	38
3055	453	455	76
3056	453	454	62
3057	454	463	67
3058	454	460	15
3059	454	464	21
3060	454	456	39
3061	454	469	54
3062	454	460	51
3063	454	456	33
3064	454	455	72
3065	454	456	69
3066	454	456	88
3067	454	455	62
3068	454	459	17
3069	455	457	68
3070	456	461	63
3071	456	457	92
3072	456	458	10
3073	456	459	74
3074	456	461	85
3075	456	459	100
3076	456	457	68
3077	456	458	34
3078	456	457	60
3079	456	464	20
3080	457	467	51
3081	457	460	52
3082	457	463	40
3083	457	465	13
3084	457	466	32
3085	457	465	14
3086	457	458	40
3087	457	459	61
3088	457	461	89
3089	457	465	97
3090	457	463	31
3091	457	466	89
3092	458	462	27
3093	459	463	97
3094	459	473	23
3095	459	464	59
3096	459	473	26
3097	460	461	22
3098	460	462	57
3099	460	461	10
3100	460	474	76
3101	460	468	87
3102	460	464	72
3103	460	463	55
3104	461	466	31
3105	462	474	36
3106	462	469	64
3107	462	470	28
3108	463	466	21
3109	463	464	10
3110	463	485	79
3111	463	471	59
3112	463	464	25
3113	463	465	71
3114	463	465	93
3115	463	477	98
3116	463	465	79
3117	464	468	71
3118	464	470	49
3119	464	466	87
3120	464	469	62
3121	464	465	88
3122	464	467	61
3123	464	466	86
3124	464	467	91
3125	464	466	30
3126	464	466	18
3127	464	466	43
3128	464	468	78
3129	464	469	40
3130	465	474	50
3131	465	467	92
3132	465	467	85
3133	466	467	35
3134	466	467	44
3135	466	468	16
3136	466	471	46
3137	466	468	22
3138	466	467	14
3139	466	472	59
3140	467	468	12
3141	467	470	60
3142	467	470	18
3143	467	468	64
3144	467	469	80
3145	467	469	83
3146	467	468	98
3147	467	472	88
3148	467	469	79
3149	467	468	96
3150	467	470	45
3151	467	477	80
3152	468	469	60
3153	468	476	73
3154	468	471	30
3155	468	473	76
3156	468	469	54
3157	468	477	38
3158	468	470	83
3159	468	481	99
3160	468	474	25
3161	468	469	82
3162	469	470	78
3163	469	470	19
3164	469	470	69
3165	469	475	93
3166	469	476	11
3167	469	477	92
3168	469	473	31
3169	469	470	61
3170	469	479	42
3171	469	475	76
3172	470	472	55
3173	471	472	93
3174	471	472	91
3175	471	476	62
3176	472	477	22
3177	472	474	45
3178	472	476	44
3179	472	473	35
3180	472	475	74
3181	472	474	81
3182	472	478	75
3183	472	478	54
3184	472	473	67
3185	472	482	98
3186	473	474	22
3187	474	475	34
3188	474	477	53
3189	474	479	22
3190	474	479	92
3191	474	478	65
3192	474	476	21
3193	474	484	89
3194	474	475	58
3195	474	475	29
3196	475	478	50
3197	475	476	59
3198	475	483	38
3199	475	478	20
3200	475	483	54
3201	475	478	33
3202	475	485	51
3203	475	478	39
3204	475	477	18
3205	475	476	99
3206	476	479	91
3207	476	477	73
3208	476	483	15
3209	476	477	85
3210	477	483	39
3211	477	482	95
3212	477	482	87
3213	477	480	34
3214	477	484	97
3215	477	478	35
3216	478	479	72
3217	478	482	15
3218	478	481	51
3219	478	480	20
3220	478	493	27
3221	478	485	67
3222	478	479	10
3223	478	482	53
3224	478	480	76
3225	478	487	11
3226	478	480	91
3227	478	483	96
3228	478	486	76
3229	478	481	40
3230	479	486	91
3231	479	481	100
3232	480	488	22
3233	480	485	51
3234	480	481	59
3235	480	481	20
3236	480	485	98
3237	480	482	77
3238	481	482	68
3239	481	483	16
3240	481	482	46
3241	481	483	62
3242	481	482	89
3243	481	484	65
3244	481	484	54
3245	481	487	39
3246	481	490	71
3247	481	482	38
3248	481	482	42
3249	481	489	53
3250	482	487	36
3251	482	483	19
3252	482	484	91
3253	482	486	89
3254	482	488	61
3255	482	483	76
3256	482	486	62
3257	482	486	80
3258	482	488	93
3259	482	483	13
3260	482	483	69
3261	483	492	25
3262	483	484	30
3263	483	484	75
3264	483	484	95
3265	483	488	72
3266	483	486	69
3267	483	484	87
3268	483	492	55
3269	483	489	18
3270	484	486	73
3271	484	485	100
3272	484	486	98
3273	484	494	22
3274	484	487	20
3275	485	486	17
3276	485	487	15
3277	485	488	86
3278	485	494	56
3279	485	487	80
3280	485	492	72
3281	485	487	79
3282	485	489	75
3283	486	487	76
3284	486	487	89
3285	486	488	68
3286	486	489	32
3287	486	489	65
3288	486	493	65
3289	486	487	62
3290	486	490	68
3291	486	488	18
3292	486	494	70
3293	486	489	87
3294	486	490	93
3295	487	489	49
3296	487	495	74
3297	487	491	55
3298	487	488	89
3299	487	488	24
3300	487	489	18
3301	488	491	13
3302	488	492	71
3303	488	494	63
3304	488	489	67
3305	488	490	95
3306	488	495	19
3307	488	493	87
3308	488	493	79
3309	488	489	86
3310	488	495	13
3311	488	493	84
3312	489	490	47
3313	489	490	24
3314	489	494	78
3315	489	498	91
3316	489	490	55
3317	489	495	10
3318	489	491	74
3319	489	490	40
3320	489	491	65
3321	489	490	75
3322	489	494	21
3323	489	492	10
3324	490	496	10
3325	490	495	59
3326	490	493	64
3327	491	497	45
3328	491	493	43
3329	491	500	26
3330	491	494	33
3331	491	493	80
3332	491	495	96
3333	491	493	60
3334	491	500	23
3335	492	495	24
3336	492	497	28
3337	493	496	55
3338	493	499	95
3339	493	496	75
3340	493	498	20
3341	493	499	30
3342	493	504	82
3343	493	497	84
3344	494	506	39
3345	494	495	37
3346	494	498	59
3347	494	507	20
3348	494	496	24
3349	494	497	92
3350	494	498	42
3351	494	495	98
3352	494	498	48
3353	494	503	92
3354	495	497	56
3355	495	496	38
3356	495	496	12
3357	495	502	21
3358	495	501	84
3359	495	518	91
3360	495	496	59
3361	495	496	36
3362	495	497	98
3363	495	505	46
3364	495	497	47
3365	495	496	59
3366	495	521	69
3367	496	505	83
3368	497	503	50
3369	497	501	18
3370	497	501	64
3371	497	499	42
3372	497	511	32
3373	497	499	93
3374	497	500	44
3375	497	498	79
3376	497	501	39
3377	498	500	58
3378	498	501	20
3379	498	504	35
3380	498	500	20
3381	499	506	32
3382	499	510	86
3383	499	504	92
3384	499	504	92
3385	499	500	48
3386	500	502	89
3387	500	513	85
3388	500	501	22
3389	500	501	53
3390	500	506	26
3391	500	503	96
3392	500	502	34
3393	500	501	34
3394	500	504	98
3395	500	506	74
3396	500	501	94
3397	500	505	100
3398	500	506	78
3399	500	507	88
3400	501	506	41
3401	502	513	35
3402	502	506	41
3403	503	505	62
3404	503	505	61
3405	503	504	99
3406	503	504	37
3407	503	507	11
3408	503	508	27
3409	504	505	37
3410	504	505	67
3411	504	505	99
3412	504	517	80
3413	505	508	98
3414	505	518	76
3415	505	508	37
3416	505	506	85
3417	505	513	73
3418	505	523	30
3419	505	506	25
3420	505	506	57
3421	505	511	73
3422	505	511	24
3423	505	513	88
3424	505	507	39
3425	505	508	64
3426	505	506	49
3427	505	509	52
3428	505	514	77
3429	505	508	84
3430	506	517	23
3431	507	509	39
3432	507	511	56
3433	507	509	66
3434	507	510	15
3435	507	509	13
3436	507	510	45
3437	507	510	35
3438	507	521	34
3439	507	510	76
3440	508	517	86
3441	508	517	28
3442	508	519	11
3443	508	511	88
3444	508	519	44
3445	508	514	25
3446	508	511	72
3447	508	509	35
3448	509	512	99
3449	509	518	36
3450	510	514	70
3451	510	511	14
3452	510	511	71
3453	510	522	68
3454	510	517	51
3455	510	519	92
3456	510	521	46
3457	510	515	68
3458	510	511	39
3459	511	516	34
3460	511	512	31
3461	511	512	100
3462	511	512	32
3463	511	513	64
3464	511	514	93
3465	512	527	48
3466	512	519	11
3467	512	517	35
3468	512	514	14
3469	512	514	79
3470	512	514	81
3471	513	516	12
3472	513	516	98
3473	514	515	57
3474	514	515	56
3475	515	516	81
3476	515	516	33
3477	515	519	64
3478	515	521	28
3479	516	525	19
3480	516	517	42
3481	516	520	68
3482	516	520	37
3483	517	518	26
3484	517	529	74
3485	517	520	31
3486	517	519	66
3487	517	524	20
3488	517	518	61
3489	517	519	89
3490	517	525	90
3491	517	519	91
3492	517	518	67
3493	517	518	56
3494	517	522	84
3495	517	518	81
3496	517	519	48
3497	517	532	22
3498	517	520	27
3499	517	523	32
3500	518	522	95
3501	519	520	53
3502	519	522	50
3503	519	523	29
3504	519	521	53
3505	519	520	88
3506	519	520	15
3507	519	522	44
3508	519	523	79
3509	519	525	40
3510	519	520	85
3511	519	521	98
3512	519	520	71
3513	519	525	21
3514	519	521	29
3515	519	528	44
3516	520	521	27
3517	521	522	55
3518	521	522	25
3519	521	524	86
3520	521	524	44
3521	521	538	84
3522	521	529	10
3523	521	531	19
3524	521	523	39
3525	521	524	35
3526	522	528	27
3527	522	529	21
3528	522	527	78
3529	522	535	34
3530	522	523	62
3531	522	523	60
3532	522	527	37
3533	522	527	37
3534	522	525	90
3535	522	525	56
3536	522	523	25
3537	522	527	54
3538	522	524	82
3539	523	524	39
3540	523	524	34
3541	523	524	40
3542	523	524	33
3543	523	528	14
3544	524	530	70
3545	524	525	33
3546	524	526	50
3547	524	531	25
3548	524	526	39
3549	524	526	43
3550	524	526	78
3551	524	529	30
3552	524	538	86
3553	525	526	90
3554	525	529	96
3555	525	526	55
3556	525	531	67
3557	525	535	26
3558	525	530	32
3559	525	531	82
3560	525	527	80
3561	525	529	33
3562	525	527	49
3563	526	530	81
3564	526	532	57
3565	526	534	26
3566	526	532	55
3567	527	531	15
3568	527	530	94
3569	527	532	12
3570	527	529	87
3571	527	531	41
3572	527	530	98
3573	528	535	62
3574	528	551	95
3575	529	533	68
3576	529	533	47
3577	529	530	57
3578	529	535	22
3579	529	533	42
3580	529	530	46
3581	529	534	73
3582	529	530	91
3583	530	532	49
3584	530	533	81
3585	530	531	55
3586	530	533	69
3587	530	534	85
3588	530	532	95
3589	530	532	38
3590	530	533	34
3591	530	534	12
3592	530	531	35
3593	531	536	64
3594	531	533	69
3595	531	537	85
3596	531	532	87
3597	531	539	17
3598	531	535	18
3599	531	532	16
3600	531	554	52
3601	532	543	92
3602	532	537	35
3603	533	535	21
3604	533	534	41
3605	533	541	85
3606	533	537	60
3607	533	538	83
3608	533	554	51
3609	533	536	39
3610	533	541	33
3611	533	540	61
3612	533	541	83
3613	533	536	70
3614	533	534	31
3615	533	547	80
3616	533	536	11
3617	534	538	23
3618	534	547	30
3619	534	538	82
3620	534	536	52
3621	534	540	61
3622	535	538	16
3623	535	541	10
3624	535	544	23
3625	535	538	69
3626	536	539	54
3627	536	544	26
3628	536	540	71
3629	536	542	12
3630	536	540	17
3631	536	540	79
3632	537	538	71
3633	537	541	52
3634	537	545	20
3635	538	542	46
3636	538	539	69
3637	538	540	33
3638	538	542	61
3639	538	549	88
3640	538	539	89
3641	539	558	16
3642	539	542	98
3643	539	540	65
3644	539	540	87
3645	540	542	98
3646	540	543	36
3647	540	549	40
3648	540	544	37
3649	540	544	42
3650	540	552	81
3651	540	542	15
3652	540	542	65
3653	541	543	95
3654	541	544	13
3655	541	543	90
3656	541	542	35
3657	542	550	11
3658	542	553	86
3659	542	545	85
3660	542	545	41
3661	542	544	84
3662	542	544	17
3663	542	544	34
3664	542	549	50
3665	542	543	34
3666	543	549	46
3667	543	544	86
3668	543	546	37
3669	543	550	75
3670	543	548	70
3671	543	544	89
3672	543	549	38
3673	543	546	34
3674	543	550	44
3675	543	546	19
3676	543	547	91
3677	543	546	81
3678	544	547	66
3679	544	546	49
3680	544	547	56
3681	544	546	49
3682	544	547	48
3683	545	550	40
3684	545	546	72
3685	545	551	30
3686	545	548	97
3687	545	547	94
3688	545	559	40
3689	545	546	95
3690	546	551	98
3691	546	549	25
3692	546	548	15
3693	546	549	53
3694	546	551	71
3695	546	557	92
3696	546	549	64
3697	546	556	83
3698	547	555	42
3699	548	561	26
3700	548	552	50
3701	548	553	29
3702	548	560	53
3703	548	549	31
3704	548	550	69
3705	548	549	46
3706	548	553	54
3707	548	552	87
3708	549	551	34
3709	550	551	90
3710	550	554	94
3711	550	559	30
3712	550	551	48
3713	550	557	93
3714	551	557	19
3715	551	552	42
3716	551	552	17
3717	551	553	57
3718	551	562	23
3719	551	553	43
3720	551	553	31
3721	551	554	12
3722	551	553	88
3723	551	552	18
3724	552	555	40
3725	552	556	17
3726	552	556	54
3727	552	553	90
3728	552	555	91
3729	552	563	44
3730	552	560	96
3731	552	558	25
3732	552	553	63
3733	553	555	63
3734	553	559	40
3735	553	554	19
3736	553	584	84
3737	553	554	89
3738	554	558	47
3739	554	564	45
3740	554	563	31
3741	554	555	42
3742	554	556	71
3743	554	555	88
3744	554	555	10
3745	554	563	27
3746	554	556	17
3747	554	562	93
3748	554	557	11
3749	554	556	83
3750	554	555	54
3751	554	555	45
3752	555	564	77
3753	555	561	76
3754	555	560	62
3755	555	556	35
3756	555	556	44
3757	555	557	44
3758	555	556	11
3759	556	557	32
3760	556	562	18
3761	556	566	60
3762	556	558	29
3763	556	560	44
3764	556	564	92
3765	556	563	94
3766	556	559	22
3767	556	562	56
3768	556	559	57
3769	557	568	18
3770	557	562	22
3771	557	563	65
3772	557	560	28
3773	557	562	17
3774	558	559	52
3775	559	561	57
3776	559	560	95
3777	559	576	81
3778	559	568	38
3779	559	567	55
3780	559	562	90
3781	559	560	92
3782	559	565	35
3783	560	561	23
3784	560	562	86
3785	560	567	49
3786	560	565	30
3787	560	568	49
3788	561	568	59
3789	561	563	57
3790	561	565	99
3791	561	562	45
3792	561	564	30
3793	562	565	76
3794	562	584	44
3795	562	566	61
3796	563	575	88
3797	563	568	16
3798	563	565	30
3799	563	565	90
3800	563	569	71
3801	563	564	69
3802	563	568	97
3803	563	566	16
3804	563	572	50
3805	563	568	14
3806	563	564	88
3807	564	571	62
3808	564	569	19
3809	564	574	27
3810	564	565	90
3811	565	568	100
3812	565	579	10
3813	565	572	89
3814	565	578	30
3815	565	569	83
3816	565	567	30
3817	565	570	73
3818	565	579	87
3819	565	566	30
3820	565	577	28
3821	565	569	34
3822	565	579	81
3823	565	569	43
3824	565	567	96
3825	566	569	38
3826	566	576	43
3827	566	567	51
3828	567	568	69
3829	567	568	12
3830	567	570	29
3831	567	569	33
3832	567	573	99
3833	568	569	88
3834	568	574	74
3835	569	581	58
3836	569	572	36
3837	569	573	21
3838	569	571	53
3839	569	571	14
3840	569	571	41
3841	569	570	77
3842	569	570	87
3843	569	571	14
3844	570	573	71
3845	570	571	67
3846	570	573	100
3847	570	575	75
3848	570	577	73
3849	570	572	85
3850	570	571	61
3851	570	571	35
3852	570	575	65
3853	570	573	73
3854	571	578	22
3855	571	579	45
3856	571	579	28
3857	572	574	96
3858	572	574	51
3859	572	579	85
3860	572	574	78
3861	572	575	84
3862	572	573	76
3863	573	574	91
3864	573	581	43
3865	573	582	37
3866	573	574	70
3867	573	579	78
3868	573	583	18
3869	573	574	46
3870	573	574	96
3871	573	574	31
3872	573	574	52
3873	574	576	95
3874	574	575	43
3875	574	575	35
3876	574	588	28
3877	574	576	24
3878	574	578	10
3879	574	576	96
3880	574	575	28
3881	574	583	43
3882	574	578	54
3883	574	578	58
3884	575	576	16
3885	575	578	84
3886	575	576	59
3887	575	594	79
3888	576	577	69
3889	576	582	88
3890	576	577	51
3891	576	582	30
3892	576	577	48
3893	577	582	33
3894	577	578	44
3895	577	580	17
3896	577	582	67
3897	577	578	36
3898	577	578	76
3899	577	589	39
3900	577	578	25
3901	577	581	78
3902	578	580	74
3903	578	579	46
3904	578	587	38
3905	578	584	30
3906	578	579	56
3907	578	581	58
3908	578	580	16
3909	579	590	35
3910	579	581	87
3911	579	586	77
3912	579	589	52
3913	579	589	76
3914	579	586	61
3915	579	585	50
3916	579	580	100
3917	579	584	41
3918	579	588	58
3919	579	580	66
3920	580	583	40
3921	580	586	74
3922	581	582	67
3923	581	584	55
3924	581	583	99
3925	581	582	53
3926	581	593	71
3927	581	582	91
3928	581	593	72
3929	581	582	49
3930	581	582	29
3931	582	594	17
3932	582	584	82
3933	582	584	16
3934	582	584	46
3935	582	589	64
3936	582	587	81
3937	582	586	23
3938	582	589	40
3939	582	585	54
3940	582	585	48
3941	583	590	22
3942	583	584	30
3943	584	587	44
3944	584	590	50
3945	584	591	50
3946	584	587	11
3947	584	595	87
3948	585	593	73
3949	585	587	54
3950	585	600	88
3951	585	591	36
3952	585	586	100
3953	585	590	75
3954	585	593	17
3955	585	590	28
3956	585	592	79
3957	586	588	26
3958	586	592	34
3959	586	588	60
3960	586	587	31
3961	587	593	18
3962	587	598	93
3963	587	590	57
3964	587	603	44
3965	587	588	48
3966	587	588	68
3967	588	594	17
3968	588	589	59
3969	588	589	100
3970	588	593	83
3971	588	589	77
3972	588	595	68
3973	589	595	61
3974	590	591	66
3975	590	593	100
3976	590	598	86
3977	590	591	93
3978	590	591	88
3979	590	597	44
3980	590	600	56
3981	590	599	20
3982	590	591	91
3983	590	605	80
3984	590	591	45
3985	590	592	59
3986	590	619	81
3987	590	597	28
3988	591	594	18
3989	591	604	56
3990	591	596	69
3991	591	598	36
3992	591	594	20
3993	591	592	75
3994	592	593	22
3995	592	595	62
3996	592	593	28
3997	592	593	75
3998	592	599	99
3999	592	595	16
4000	593	596	61
4001	593	594	47
4002	593	594	28
4003	593	597	16
4004	593	594	21
4005	593	595	59
4006	593	595	68
4007	594	600	73
4008	594	598	50
4009	594	597	56
4010	594	595	22
4011	594	603	82
4012	594	601	77
4013	594	595	18
4014	594	595	46
4015	594	601	40
4016	594	597	43
4017	594	595	62
4018	594	598	87
4019	595	596	12
4020	596	597	31
4021	596	614	51
4022	596	600	45
4023	596	602	48
4024	596	602	37
4025	596	601	72
4026	596	597	80
4027	596	598	86
4028	596	602	70
4029	596	598	99
4030	596	598	12
4031	597	609	85
4032	598	600	58
4033	598	603	70
4034	598	610	52
4035	598	599	23
4036	598	603	26
4037	598	613	16
4038	598	613	88
4039	598	605	89
4040	598	600	32
4041	598	599	83
4042	598	600	97
4043	598	600	82
4044	598	608	75
4045	598	600	54
4046	598	600	91
4047	598	605	31
4048	599	604	89
4049	599	601	29
4050	599	605	34
4051	599	605	60
4052	600	604	69
4053	601	603	79
4054	601	605	22
4055	601	606	95
4056	602	606	50
4057	602	603	72
4058	602	604	13
4059	602	611	98
4060	602	608	14
4061	603	606	98
4062	603	607	32
4063	603	604	54
4064	603	604	46
4065	603	615	39
4066	603	608	73
4067	604	607	69
4068	604	610	13
4069	604	613	12
4070	604	605	83
4071	604	605	68
4072	604	611	100
4073	604	605	34
4074	604	605	52
4075	604	619	16
4076	604	606	85
4077	604	612	21
4078	605	607	83
4079	605	614	70
4080	605	612	68
4081	605	607	13
4082	606	607	38
4083	606	608	40
4084	606	609	67
4085	606	608	66
4086	606	609	60
4087	606	619	28
4088	606	622	48
4089	606	609	94
4090	606	609	11
4091	607	611	84
4092	607	610	69
4093	607	610	83
4094	607	608	41
4095	607	608	31
4096	607	609	13
4097	607	609	78
4098	607	610	10
4099	607	612	50
4100	608	609	17
4101	608	616	48
4102	609	613	22
4103	609	610	22
4104	609	610	57
4105	609	616	28
4106	609	614	71
4107	609	611	32
4108	610	615	31
4109	610	617	18
4110	610	618	95
4111	610	611	81
4112	610	613	52
4113	610	612	41
4114	610	613	97
4115	610	611	28
4116	611	616	44
4117	611	614	81
4118	611	616	97
4119	611	616	38
4120	611	614	25
4121	611	625	95
4122	611	613	76
4123	612	624	89
4124	612	622	80
4125	612	622	47
4126	612	617	89
4127	612	615	35
4128	612	613	16
4129	612	617	56
4130	613	616	55
4131	613	616	14
4132	613	618	74
4133	613	614	23
4134	613	617	53
4135	613	614	76
4136	613	616	63
4137	613	614	32
4138	613	620	66
4139	613	617	31
4140	614	619	55
4141	615	617	38
4142	615	616	79
4143	615	628	88
4144	616	626	32
4145	616	619	66
4146	616	618	31
4147	616	617	76
4148	616	624	48
4149	616	618	40
4150	616	625	26
4151	616	619	60
4152	616	621	43
4153	616	628	34
4154	617	622	25
4155	617	622	17
4156	617	619	83
4157	617	620	75
4158	617	623	41
4159	617	620	90
4160	617	622	55
4161	617	624	13
4162	618	620	21
4163	618	630	35
4164	618	622	22
4165	618	619	28
4166	619	627	29
4167	619	621	51
4168	619	620	18
4169	619	623	73
4170	619	620	48
4171	619	624	56
4172	619	636	74
4173	619	626	71
4174	619	625	86
4175	619	622	17
4176	619	628	79
4177	619	621	49
4178	620	622	37
4179	620	625	79
4180	620	622	92
4181	620	622	22
4182	620	621	73
4183	621	624	18
4184	621	636	89
4185	621	624	33
4186	621	624	68
4187	621	623	94
4188	621	627	20
4189	622	625	70
4190	623	625	47
4191	623	626	35
4192	623	625	23
4193	623	638	77
4194	623	626	23
4195	624	634	80
4196	624	625	80
4197	624	633	60
4198	624	625	14
4199	624	628	65
4200	624	627	92
4201	624	638	12
4202	624	628	29
4203	624	632	92
4204	624	627	47
4205	624	626	28
4206	624	627	85
4207	624	630	64
4208	625	629	94
4209	626	628	19
4210	626	632	25
4211	626	627	95
4212	626	627	32
4213	626	636	32
4214	626	638	17
4215	627	628	22
4216	627	632	68
4217	627	633	44
4218	627	629	13
4219	627	631	33
4220	627	628	95
4221	627	628	35
4222	627	630	72
4223	627	632	59
4224	627	632	79
4225	627	630	14
4226	628	629	50
4227	628	638	26
4228	628	630	10
4229	628	630	21
4230	628	635	69
4231	628	629	39
4232	628	631	77
4233	628	631	83
4234	628	635	11
4235	629	637	14
4236	629	630	80
4237	629	631	90
4238	629	632	26
4239	630	633	73
4240	630	632	50
4241	630	631	26
4242	630	646	100
4243	630	631	88
4244	630	636	80
4245	630	648	59
4246	630	634	93
4247	630	632	96
4248	630	635	41
4249	630	636	24
4250	631	632	53
4251	631	639	69
4252	631	634	75
4253	631	632	45
4254	631	636	67
4255	631	632	91
4256	631	638	31
4257	632	634	50
4258	633	636	34
4259	633	636	44
4260	633	642	97
4261	633	637	91
4262	633	638	42
4263	633	639	89
4264	633	640	59
4265	634	643	46
4266	634	640	88
4267	634	636	74
4268	634	637	26
4269	634	642	52
4270	634	637	62
4271	634	644	51
4272	634	635	37
4273	634	637	10
4274	634	636	83
4275	635	649	48
4276	635	638	86
4277	635	639	94
4278	636	637	78
4279	637	641	60
4280	637	640	86
4281	637	641	98
4282	637	639	13
4283	637	639	98
4284	637	641	64
4285	637	643	14
4286	638	643	87
4287	638	642	72
4288	638	646	39
4289	638	642	43
4290	638	641	62
4291	638	642	95
4292	638	640	21
4293	638	640	80
4294	638	643	94
4295	638	639	55
4296	638	640	13
4297	638	646	38
4298	639	642	97
4299	640	641	62
4300	640	647	99
4301	640	642	27
4302	640	645	58
4303	640	659	31
4304	640	645	19
4305	640	646	28
4306	640	643	69
4307	640	646	29
4308	640	646	76
4309	640	641	55
4310	640	643	27
4311	641	642	44
4312	642	645	16
4313	642	650	32
4314	642	646	86
4315	642	643	89
4316	642	647	20
4317	642	643	24
4318	642	644	10
4319	642	648	98
4320	642	649	86
4321	643	644	37
4322	643	645	51
4323	643	650	62
4324	643	647	84
4325	643	662	76
4326	643	644	98
4327	643	649	36
4328	643	651	17
4329	643	644	91
4330	643	648	34
4331	643	650	41
4332	643	647	52
4333	643	651	77
4334	644	648	69
4335	645	651	19
4336	645	647	87
4337	645	647	11
4338	645	661	70
4339	645	648	89
4340	646	647	76
4341	646	654	18
4342	647	652	88
4343	647	655	52
4344	647	652	76
4345	647	655	59
4346	647	651	98
4347	647	648	95
4348	647	649	48
4349	647	650	79
4350	647	649	55
4351	647	649	100
4352	647	652	82
4353	647	650	81
4354	647	656	21
4355	647	651	12
4356	647	656	32
4357	648	655	72
4358	649	653	91
4359	649	656	53
4360	649	652	63
4361	649	651	76
4362	649	650	91
4363	650	655	76
4364	650	652	98
4365	650	651	32
4366	650	655	61
4367	650	666	33
4368	650	652	48
4369	650	652	17
4370	650	653	91
4371	650	656	34
4372	651	659	30
4373	651	673	76
4374	651	652	34
4375	652	658	14
4376	652	654	78
4377	652	655	29
4378	652	655	43
4379	652	654	11
4380	652	656	97
4381	652	670	72
4382	652	657	26
4383	652	654	92
4384	652	653	84
4385	653	658	12
4386	653	654	56
4387	653	657	100
4388	653	655	91
4389	654	657	74
4390	655	660	53
4391	655	662	40
4392	655	660	38
4393	655	658	26
4394	655	656	97
4395	655	660	44
4396	655	657	83
4397	655	660	70
4398	655	664	85
4399	655	657	13
4400	655	657	51
4401	655	659	77
4402	655	662	52
4403	655	656	95
4404	656	661	61
4405	656	658	38
4406	656	658	14
4407	656	657	50
4408	656	661	84
4409	656	659	83
4410	656	663	35
4411	656	663	73
4412	656	657	14
4413	656	657	99
4414	657	664	44
4415	657	660	15
4416	657	661	87
4417	657	659	76
4418	657	660	76
4419	657	659	22
4420	658	662	99
4421	658	669	66
4422	658	659	20
4423	658	670	94
4424	658	660	17
4425	658	659	77
4426	659	664	55
4427	659	661	12
4428	659	660	44
4429	659	689	81
4430	659	660	93
4431	659	661	59
4432	659	661	84
4433	659	667	58
4434	660	665	41
4435	660	670	77
4436	660	665	16
4437	660	664	90
4438	660	662	75
4439	661	663	76
4440	661	662	97
4441	661	689	70
4442	661	664	78
4443	661	662	76
4444	661	664	97
4445	662	666	60
4446	662	665	78
4447	662	669	61
4448	662	663	63
4449	662	664	29
4450	663	665	90
4451	663	665	33
4452	663	664	93
4453	663	665	53
4454	663	667	48
4455	663	666	73
4456	663	674	76
4457	663	665	81
4458	663	672	60
4459	663	666	48
4460	663	668	10
4461	663	664	76
4462	663	664	54
4463	664	665	11
4464	665	670	56
4465	665	668	89
4466	665	672	75
4467	665	672	38
4468	665	667	99
4469	665	668	31
4470	665	668	92
4471	665	666	18
4472	665	667	82
4473	665	667	42
4474	665	666	78
4475	665	673	89
4476	665	676	12
4477	666	676	42
4478	667	670	98
4479	667	668	58
4480	667	680	16
4481	667	676	91
4482	667	669	100
4483	667	673	93
4484	667	675	100
4485	667	672	28
4486	667	675	23
4487	667	677	65
4488	667	668	18
4489	667	671	90
4490	667	668	39
4491	668	673	27
4492	668	673	95
4493	668	671	44
4494	668	669	25
4495	668	674	69
4496	668	669	23
4497	668	672	22
4498	669	675	72
4499	669	670	41
4500	669	672	83
4501	669	672	56
4502	669	670	28
4503	670	675	83
4504	670	671	38
4505	670	671	28
4506	670	675	56
4507	671	675	74
4508	671	674	63
4509	672	679	37
4510	672	675	58
4511	672	674	41
4512	672	673	94
4513	673	674	43
4514	673	682	25
4515	673	677	92
4516	673	677	57
4517	673	674	72
4518	673	681	69
4519	673	674	95
4520	673	674	94
4521	673	694	47
4522	673	681	86
4523	673	679	19
4524	673	679	59
4525	673	676	70
4526	674	681	52
4527	675	676	74
4528	675	676	75
4529	675	688	86
4530	675	678	31
4531	675	682	51
4532	675	677	67
4533	675	683	57
4534	675	676	24
4535	675	676	16
4536	675	678	39
4537	675	678	81
4538	675	687	11
4539	676	682	18
4540	676	679	16
4541	676	677	49
4542	676	679	95
4543	676	682	18
4544	676	694	24
4545	676	678	99
4546	676	683	58
4547	677	687	91
4548	677	679	83
4549	677	684	94
4550	677	688	63
4551	678	683	94
4552	678	686	22
4553	678	681	94
4554	679	680	14
4555	679	683	87
4556	679	680	18
4557	679	684	69
4558	679	683	100
4559	680	696	27
4560	680	683	10
4561	680	685	57
4562	680	685	51
4563	680	683	57
4564	681	684	10
4565	681	688	27
4566	681	684	36
4567	681	682	22
4568	681	683	61
4569	681	685	57
4570	681	685	35
4571	681	685	64
4572	681	684	70
4573	681	683	71
4574	682	683	95
4575	682	688	10
4576	683	685	47
4577	683	685	36
4578	683	684	25
4579	683	691	69
4580	683	689	33
4581	683	685	91
4582	683	686	61
4583	683	686	78
4584	683	684	63
4585	683	687	76
4586	683	686	25
4587	684	687	13
4588	685	686	14
4589	685	692	19
4590	685	691	40
4591	685	686	57
4592	685	686	77
4593	685	691	56
4594	686	687	50
4595	686	699	18
4596	686	689	21
4597	686	693	66
4598	686	700	29
4599	686	690	13
4600	686	688	93
4601	687	688	83
4602	687	688	62
4603	687	692	99
4604	687	688	78
4605	687	691	90
4606	687	689	95
4607	688	693	32
4608	688	690	65
4609	688	696	62
4610	688	695	14
4611	688	689	88
4612	688	690	25
4613	688	692	56
4614	688	689	24
4615	688	694	68
4616	688	692	16
4617	689	692	45
4618	689	691	37
4619	689	696	60
4620	689	690	62
4621	689	698	26
4622	689	690	12
4623	689	692	83
4624	689	700	91
4625	689	705	34
4626	690	697	34
4627	690	699	10
4628	690	694	44
4629	690	695	77
4630	690	692	67
4631	691	693	21
4632	691	693	21
4633	691	692	22
4634	691	699	78
4635	691	692	10
4636	691	725	67
4637	691	695	32
4638	692	693	73
4639	692	699	21
4640	692	694	68
4641	692	695	46
4642	692	700	48
4643	692	695	21
4644	692	695	87
4645	692	695	78
4646	693	713	100
4647	693	695	73
4648	693	695	45
4649	694	702	34
4650	694	697	48
4651	694	696	97
4652	694	698	23
4653	694	695	75
4654	694	706	69
4655	694	698	37
4656	694	696	26
4657	694	697	38
4658	694	710	13
4659	695	697	93
4660	695	696	12
4661	695	696	43
4662	695	699	93
4663	695	696	64
4664	695	698	33
4665	695	699	10
4666	695	705	15
4667	695	698	33
4668	695	701	73
4669	696	702	49
4670	696	697	67
4671	697	702	76
4672	697	700	27
4673	697	705	36
4674	697	699	24
4675	697	701	36
4676	698	706	65
4677	698	707	66
4678	698	701	59
4679	698	700	40
4680	699	706	47
4681	699	711	89
4682	699	714	74
4683	699	704	100
4684	699	703	12
4685	699	700	65
4686	699	702	79
4687	699	703	19
4688	699	703	54
4689	700	701	18
4690	700	701	85
4691	700	706	47
4692	700	702	53
4693	700	701	67
4694	701	704	84
4695	701	702	66
4696	701	706	89
4697	701	703	78
4698	701	703	59
4699	702	708	54
4700	702	707	30
4701	702	703	68
4702	702	710	46
4703	702	703	43
4704	702	705	29
4705	702	708	61
4706	702	704	49
4707	702	704	89
4708	702	703	79
4709	702	703	92
4710	702	709	40
4711	702	705	59
4712	702	703	85
4713	703	705	68
4714	704	710	21
4715	704	709	38
4716	704	707	63
4717	704	705	97
4718	704	707	11
4719	705	706	59
4720	705	707	68
4721	705	708	95
4722	705	706	77
4723	705	707	45
4724	705	707	98
4725	705	706	40
4726	705	709	84
4727	705	708	39
4728	705	714	95
4729	705	714	93
4730	705	716	25
4731	705	707	43
4732	706	712	59
4733	706	707	68
4734	706	710	55
4735	706	713	22
4736	706	720	54
4737	706	722	76
4738	706	709	45
4739	707	719	82
4740	707	715	81
4741	707	709	74
4742	707	714	21
4743	707	709	62
4744	707	713	76
4745	707	709	16
4746	708	710	88
4747	709	710	75
4748	709	713	17
4749	709	712	71
4750	709	710	96
4751	709	715	77
4752	709	717	54
4753	709	716	54
4754	709	711	78
4755	709	716	43
4756	709	710	94
4757	709	711	56
4758	709	713	63
4759	709	710	12
4760	709	710	28
4761	709	713	96
4762	710	715	25
4763	710	711	77
4764	710	716	10
4765	710	711	49
4766	710	711	72
4767	710	715	40
4768	710	717	83
4769	710	712	28
4770	711	714	18
4771	711	712	71
4772	711	718	83
4773	711	718	10
4774	711	725	49
4775	711	716	74
4776	712	713	73
4777	712	713	65
4778	712	715	91
4779	712	713	91
4780	712	721	83
4781	713	723	63
4782	713	714	24
4783	713	717	93
4784	713	714	81
4785	713	714	17
4786	713	719	98
4787	713	716	31
4788	713	718	73
4789	714	716	15
4790	714	717	56
4791	714	715	89
4792	714	717	60
4793	714	721	38
4794	714	717	66
4795	715	716	20
4796	715	719	94
4797	715	717	16
4798	715	724	44
4799	716	717	14
4800	716	724	12
4801	716	721	55
4802	716	718	49
4803	716	728	17
4804	716	718	38
4805	716	726	66
4806	716	720	84
4807	717	722	23
4808	717	718	67
4809	717	724	70
4810	717	718	38
4811	717	718	58
4812	717	720	28
4813	717	719	87
4814	717	726	33
4815	717	721	36
4816	717	724	45
4817	717	718	25
4818	717	725	61
4819	717	723	55
4820	717	721	53
4821	718	721	94
4822	719	721	48
4823	719	723	28
4824	719	720	92
4825	719	730	49
4826	719	725	50
4827	719	727	39
4828	719	723	71
4829	719	727	43
4830	720	724	23
4831	720	722	64
4832	720	722	12
4833	720	721	12
4834	720	728	79
4835	720	723	92
4836	721	726	50
4837	721	731	65
4838	721	724	78
4839	721	722	11
4840	721	723	54
4841	721	725	65
4842	721	726	41
4843	721	728	31
4844	721	723	60
4845	722	727	31
4846	723	727	77
4847	723	728	18
4848	724	729	30
4849	724	725	33
4850	724	726	59
4851	724	729	15
4852	724	735	76
4853	724	736	28
4854	724	726	75
4855	724	731	95
4856	724	727	89
4857	724	725	73
4858	724	725	85
4859	724	727	13
4860	724	727	54
4861	724	725	43
4862	724	728	70
4863	725	729	23
4864	725	726	61
4865	725	732	37
4866	725	726	94
4867	725	730	82
4868	725	727	79
4869	725	734	83
4870	725	736	13
4871	725	729	58
4872	726	737	91
4873	727	728	19
4874	727	731	85
4875	727	728	83
4876	727	729	28
4877	727	728	81
4878	727	730	23
4879	727	730	50
4880	727	730	97
4881	727	730	83
4882	727	729	15
4883	728	731	49
4884	728	741	70
4885	728	734	76
4886	728	731	99
4887	728	729	58
4888	729	733	52
4889	729	734	75
4890	729	732	82
4891	729	734	94
4892	729	731	83
4893	729	730	99
4894	729	731	56
4895	729	733	93
4896	729	732	58
4897	729	731	75
4898	729	734	29
4899	729	730	51
4900	729	732	54
4901	730	732	43
4902	731	739	14
4903	731	732	99
4904	731	734	82
4905	731	737	49
4906	731	733	18
4907	731	732	99
4908	731	735	51
4909	731	736	51
4910	731	734	32
4911	731	732	61
4912	731	742	58
4913	731	737	32
4914	731	734	15
4915	731	738	55
4916	731	740	67
4917	731	732	47
4918	731	732	87
4919	732	744	18
4920	732	733	46
4921	732	760	81
4922	732	735	56
4923	732	735	79
4924	732	742	88
4925	732	736	26
4926	733	738	27
4927	733	738	100
4928	733	750	72
4929	734	735	75
4930	734	738	61
4931	734	744	59
4932	734	737	86
4933	734	737	12
4934	734	740	49
4935	734	746	46
4936	734	735	10
4937	734	739	24
4938	734	736	14
4939	734	736	47
4940	734	735	67
4941	734	735	30
4942	735	738	44
4943	735	736	79
4944	735	744	74
4945	735	740	94
4946	735	742	71
4947	736	740	82
4948	737	738	13
4949	737	741	36
4950	737	739	94
4951	737	739	81
4952	737	739	63
4953	737	740	47
4954	737	746	10
4955	737	744	28
4956	737	742	11
4957	737	738	96
4958	737	750	35
4959	737	750	81
4960	738	739	86
4961	738	743	81
4962	739	754	99
4963	739	741	80
4964	739	740	46
4965	739	740	86
4966	739	744	83
4967	740	743	25
4968	740	742	45
4969	740	741	70
4970	740	743	86
4971	740	744	78
4972	740	741	22
4973	740	741	10
4974	740	741	39
4975	740	741	18
4976	740	742	47
4977	740	747	53
4978	741	747	13
4979	741	742	19
4980	741	742	29
4981	742	747	41
4982	742	745	78
4983	742	745	92
4984	742	743	84
4985	742	746	24
4986	742	743	35
4987	742	744	93
4988	742	745	64
4989	742	754	24
4990	742	749	51
4991	743	745	34
4992	743	745	10
4993	743	744	43
4994	743	745	81
4995	743	747	90
4996	743	748	28
4997	743	744	84
4998	744	752	77
4999	744	745	48
5000	744	745	69
5001	744	745	49
5002	744	748	53
5003	744	748	83
5004	744	748	22
5005	744	749	74
5006	744	746	66
5007	744	748	95
5008	744	747	46
5009	744	756	31
5010	745	746	28
5011	745	746	28
5012	745	751	46
5013	745	748	49
5014	745	750	93
5015	745	751	59
5016	745	753	94
5017	745	746	36
5018	746	747	58
5019	746	752	70
5020	746	749	88
5021	746	750	91
5022	746	751	26
5023	747	760	88
5024	747	749	75
5025	747	753	95
5026	747	753	89
5027	747	755	62
5028	747	751	84
5029	747	753	79
5030	747	749	80
5031	747	755	41
5032	747	748	79
5033	747	749	85
5034	748	750	20
5035	748	749	25
5036	748	759	17
5037	748	750	41
5038	748	749	69
5039	748	759	33
5040	749	750	49
5041	749	752	68
5042	749	750	28
5043	749	753	69
5044	749	753	96
5045	749	750	59
5046	749	752	98
5047	749	753	16
5048	750	754	75
5049	750	756	50
5050	750	758	86
5051	750	759	21
