2994	100	0	0
0	1	3	45
1	1	4	37
2	1	8	51
3	1	4	51
4	1	39	91
5	1	8	84
6	1	11	30
7	1	2	88
8	1	6	17
9	1	15	59
10	1	26	45
11	1	4	19
12	1	2	38
13	1	8	30
14	1	13	46
15	1	11	65
16	1	9	70
17	1	11	18
18	1	10	61
19	1	15	84
20	1	4	25
21	1	10	74
22	1	2	70
23	1	43	19
24	1	3	71
25	1	7	40
26	1	20	20
27	1	27	88
28	1	6	25
29	1	2	43
30	1	5	57
31	1	19	23
32	1	20	59
33	1	10	91
34	1	4	34
35	1	16	100
36	1	17	10
37	2	5	43
38	3	6	47
39	3	7	41
40	3	7	10
41	4	20	53
42	5	9	80
43	5	13	97
44	5	17	28
45	6	16	41
46	6	7	54
47	6	15	49
48	6	10	60
49	6	7	83
50	7	12	46
51	8	18	44
52	8	11	77
53	8	33	52
54	8	18	56
55	9	15	75
56	9	17	81
57	9	39	85
58	9	13	32
59	9	12	84
60	9	12	18
61	9	14	72
62	9	17	29
63	9	11	69
64	9	29	42
65	10	20	77
66	11	18	97
67	12	14	66
68	12	15	47
69	12	14	55
70	12	20	97
71	12	23	45
72	12	20	94
73	13	43	76
74	13	19	97
75	13	16	35
76	14	22	100
77	14	29	29
78	15	28	14
79	16	19	16
80	16	24	25
81	16	26	26
82	16	21	37
83	16	17	78
84	16	17	100
85	16	18	57
86	16	24	32
87	16	24	75
88	16	25	64
89	16	20	72
90	16	17	25
91	17	20	34
92	18	26	94
93	18	25	97
94	18	21	48
95	18	20	36
96	18	33	20
97	18	23	80
98	19	27	12
99	19	31	78
100	19	22	96
101	19	22	66
102	19	23	98
103	19	30	60
104	20	29	38
105	21	31	42
106	21	32	65
107	21	26	27
108	21	44	61
109	21	58	30
110	21	26	23
111	21	26	30
112	21	23	86
113	22	30	40
114	23	26	87
115	24	26	13
116	24	30	88
117	24	25	31
118	24	26	99
119	24	26	81
120	24	28	62
121	25	40	86
122	25	38	25
123	25	29	42
124	25	40	53
125	25	36	72
126	25	32	24
127	25	53	88
128	25	34	24
129	26	32	99
130	27	28	10
131	27	32	47
132	27	31	52
133	27	33	19
134	28	46	48
135	28	32	71
136	28	29	43
137	28	29	31
138	28	85	29
139	28	35	78
140	28	37	70
141	28	32	97
142	28	31	84
143	28	33	58
144	28	30	18
145	29	35	19
146	30	36	83
147	31	39	66
148	31	44	15
149	31	32	25
150	31	37	69
151	31	32	65
152	31	40	90
153	31	38	23
154	31	32	15
155	31	34	42
156	31	50	40
157	31	32	30
158	31	45	62
159	32	36	96
160	33	38	82
161	33	34	36
162	33	43	69
163	33	41	87
164	34	35	83
165	34	42	60
166	34	65	41
167	34	48	39
168	34	39	58
169	34	46	42
170	34	37	47
171	34	60	43
172	35	39	18
173	36	43	85
174	36	43	30
175	36	64	80
176	36	57	99
177	37	41	48
178	37	48	55
179	38	55	56
180	38	58	49
181	38	51	71
182	38	39	52
183	38	41	88
184	39	45	98
185	40	45	76
186	40	51	38
187	40	50	48
188	40	45	62
189	40	47	25
190	40	42	79
191	41	46	35
192	42	43	49
193	42	56	63
194	42	49	49
195	42	44	41
196	42	64	85
197	43	45	32
198	44	49	97
199	44	45	41
200	44	47	21
201	44	55	60
202	44	70	91
203	44	52	27
204	44	45	87
205	44	52	32
206	44	55	46
207	45	61	64
208	46	53	14
209	46	48	38
210	46	54	79
211	47	58	17
212	47	63	98
213	47	60	32
214	47	58	48
215	47	54	38
216	47	53	17
217	48	49	51
218	48	51	59
219	48	50	75
220	48	62	99
221	48	56	96
222	48	50	80
223	48	49	56
224	48	58	29
225	48	54	99
226	49	55	10
227	50	57	97
228	51	56	35
229	51	60	80
230	52	62	38
231	52	55	44
232	52	55	45
233	52	60	11
234	52	62	12
235	52	53	42
236	53	59	60
237	53	61	73
238	53	60	57
239	53	59	82
240	54	56	57
241	54	60	67
242	54	57	93
243	54	58	50
244	54	83	40
245	54	61	38
246	55	58	62
247	56	58	60
248	56	59	71
249	56	76	33
250	57	72	39
251	57	60	56
252	57	70	41
253	57	63	92
254	57	67	66
255	57	76	58
256	58	71	76
257	59	69	36
258	59	77	85
259	59	60	16
260	59	80	10
261	59	90	56
262	59	63	43
263	59	65	20
264	59	72	77
265	59	62	55
266	59	62	54
267	59	73	19
268	59	60	29
269	59	66	63
270	60	88	49
271	61	69	10
272	61	65	80
273	61	70	44
274	61	92	83
275	61	68	83
276	61	101	47
277	61	64	41
278	61	66	18
279	62	67	52
280	63	74	85
281	64	74	18
282	64	68	27
283	64	75	13
284	64	77	51
285	65	66	70
286	65	69	51
287	65	85	87
288	65	71	20
289	65	70	65
290	65	72	52
291	65	75	78
292	65	74	87
293	65	67	98
294	65	70	48
295	66	67	34
296	66	71	50
297	66	82	100
298	67	86	93
299	67	73	68
300	67	72	59
301	67	78	47
302	68	75	53
303	68	80	93
304	68	74	20
305	69	72	65
306	69	70	79
307	69	71	41
308	70	72	98
309	71	81	84
310	71	78	19
311	71	74	64
312	71	90	25
313	71	88	97
314	71	89	74
315	71	72	43
316	72	79	29
317	73	80	57
318	73	87	43
319	73	87	33
320	73	82	73
321	73	84	69
322	73	78	69
323	73	79	35
324	73	77	71
325	73	80	57
326	74	79	33
327	75	108	57
328	76	80	89
329	77	89	51
330	77	87	85
331	77	80	22
332	78	81	43
333	78	82	71
334	79	84	57
335	79	92	26
336	79	87	85
337	79	83	22
338	79	81	58
339	79	88	44
340	79	87	98
341	80	113	26
342	81	85	57
343	81	85	71
344	81	85	79
345	81	83	88
346	81	86	62
347	82	93	89
348	82	84	43
349	82	108	96
350	82	96	47
351	82	93	48
352	83	90	88
353	83	87	67
354	83	84	89
355	84	101	83
356	84	85	29
357	84	95	78
358	84	97	34
359	84	126	72
360	84	85	38
361	85	86	88
362	86	87	79
363	86	95	82
364	86	87	61
365	86	93	80
366	86	95	83
367	86	87	71
368	86	89	37
369	86	107	10
370	86	97	66
371	86	101	98
372	86	95	19
373	86	87	83
374	87	89	54
375	88	95	49
376	88	94	24
377	88	102	64
378	88	97	36
379	88	90	64
380	88	94	86
381	88	93	57
382	88	91	64
383	88	112	15
384	88	92	96
385	88	100	39
386	89	108	78
387	89	91	58
388	89	94	49
389	90	98	13
390	91	97	33
391	91	110	35
392	91	100	23
393	92	111	24
394	92	105	38
395	93	105	98
396	93	97	99
397	93	103	21
398	93	102	35
399	94	99	96
400	94	101	93
401	94	95	13
402	94	110	62
403	94	95	43
404	94	103	33
405	94	100	33
406	95	96	16
407	96	103	62
408	96	101	57
409	96	99	24
410	96	97	42
411	96	118	85
412	96	98	45
413	96	118	64
414	96	122	25
415	96	97	86
416	96	113	41
417	97	101	80
418	98	101	82
419	98	99	74
420	99	118	98
421	99	107	75
422	99	106	54
423	99	101	18
424	99	104	68
425	99	102	40
426	99	101	20
427	99	100	72
428	100	101	45
429	100	101	27
430	100	103	11
431	100	105	73
432	100	107	83
433	101	151	44
434	102	118	21
435	102	118	85
436	102	104	33
437	102	103	98
438	102	113	48
439	102	107	87
440	102	111	29
441	102	105	66
442	102	107	59
443	102	117	80
444	102	105	85
445	103	118	64
446	104	106	13
447	104	109	62
448	104	106	30
449	104	109	97
450	104	115	65
451	105	110	57
452	106	116	89
453	106	116	56
454	106	115	97
455	106	117	93
456	106	107	28
457	106	120	40
458	106	115	80
459	106	107	27
460	106	107	68
461	106	121	57
462	107	123	30
463	108	115	77
464	108	136	56
465	108	115	86
466	109	126	66
467	109	134	60
468	109	118	94
469	109	115	34
470	109	111	59
471	109	114	82
472	109	114	69
473	110	119	83
474	110	112	36
475	111	112	68
476	112	134	20
477	112	134	14
478	112	125	41
479	112	120	86
480	112	130	97
481	113	122	74
482	113	116	82
483	113	115	21
484	114	121	89
485	114	118	61
486	114	115	80
487	114	139	37
488	114	118	16
489	115	131	99
490	116	117	76
491	116	133	74
492	116	117	65
493	116	122	52
494	116	120	100
495	116	119	73
496	116	118	34
497	116	130	44
498	116	139	88
499	117	118	69
500	117	124	19
501	117	121	85
502	117	121	59
503	117	123	39
504	118	119	13
505	119	125	81
506	119	142	23
507	119	129	69
508	119	124	89
509	119	128	42
510	119	148	27
511	120	131	49
512	120	134	99
513	121	126	19
514	121	122	91
515	121	129	75
516	121	127	71
517	121	126	65
518	121	122	100
519	121	129	17
520	121	130	62
521	122	133	45
522	123	125	72
523	123	128	44
524	123	142	97
525	123	126	61
526	123	124	25
527	123	131	35
528	123	124	41
529	124	127	17
530	124	126	29
531	124	134	40
532	124	126	71
533	124	136	91
534	125	140	58
535	125	157	14
536	125	132	82
537	125	126	43
538	126	138	78
539	127	135	93
540	127	132	22
541	127	136	15
542	127	135	60
543	127	130	13
544	127	136	63
545	127	143	99
546	128	130	52
547	128	147	68
548	128	130	42
549	128	129	91
550	129	132	76
551	129	130	93
552	129	130	24
553	130	145	51
554	131	134	19
555	131	136	57
556	131	169	76
557	131	153	27
558	131	136	18
559	131	133	37
560	131	137	23
561	131	136	77
562	131	140	54
563	132	142	96
564	132	136	38
565	132	134	100
566	132	136	59
567	133	145	67
568	133	143	28
569	134	137	67
570	135	141	70
571	135	136	76
572	135	148	59
573	135	138	54
574	135	137	73
575	135	159	34
576	135	143	96
577	135	147	47
578	135	140	32
579	135	139	100
580	136	157	57
581	137	141	97
582	137	138	15
583	137	141	45
584	137	183	11
585	138	144	22
586	138	190	76
587	138	149	36
588	139	156	64
589	139	165	80
590	139	148	75
591	139	153	36
592	139	150	13
593	139	144	40
594	140	157	13
595	140	149	60
596	140	142	10
597	141	148	71
598	141	144	62
599	141	152	81
600	141	157	71
601	142	145	54
602	142	148	63
603	142	163	29
604	142	146	21
605	143	146	24
606	143	148	63
607	143	152	90
608	144	149	66
609	145	156	31
610	146	147	67
611	147	156	94
612	147	165	17
613	147	158	38
614	147	159	92
615	147	167	46
616	147	150	65
617	147	152	47
618	147	148	97
619	147	159	84
620	148	171	57
621	149	151	89
622	149	152	11
623	149	154	14
624	149	152	33
625	150	162	95
626	150	163	70
627	150	157	46
628	150	155	47
629	150	153	30
630	150	162	88
631	150	152	32
632	150	168	47
633	150	154	85
634	150	152	85
635	151	155	71
636	151	168	58
637	152	155	55
638	153	161	31
639	154	176	72
640	154	188	79
641	154	157	50
642	154	157	32
643	154	158	76
644	154	187	93
645	155	159	31
646	155	159	64
647	156	158	60
648	156	164	15
649	156	157	22
650	156	161	52
651	156	166	49
652	156	164	25
653	157	163	86
654	158	159	37
655	158	159	28
656	158	164	24
657	158	181	41
658	158	162	77
659	158	163	74
660	158	160	64
661	158	166	36
662	158	160	53
663	158	178	75
664	158	161	86
665	159	160	76
666	160	164	35
667	160	208	29
668	160	164	73
669	160	161	14
670	160	162	82
671	160	166	33
672	161	180	80
673	161	169	14
674	161	187	72
675	162	168	61
676	162	173	78
677	162	165	48
678	162	166	16
679	163	177	61
680	163	182	99
681	163	174	45
682	163	167	91
683	163	173	33
684	163	164	54
685	163	166	30
686	163	201	53
687	163	179	61
688	163	170	23
689	164	173	65
690	165	167	97
691	165	166	77
692	165	191	24
693	165	174	22
694	165	172	44
695	165	177	97
696	165	172	23
697	166	167	10
698	167	195	31
699	168	192	16
700	168	171	49
701	168	182	19
702	168	169	50
703	168	174	39
704	169	179	98
705	169	171	12
706	169	185	60
707	169	178	74
708	169	170	59
709	169	172	15
710	169	180	46
711	170	176	20
712	170	171	49
713	170	171	12
714	171	181	68
715	172	186	51
716	173	175	40
717	173	177	51
718	173	177	76
719	173	175	78
720	173	187	47
721	173	175	69
722	173	192	82
723	173	187	59
724	174	186	14
725	174	175	32
726	174	180	69
727	175	181	61
728	176	184	86
729	176	200	77
730	176	180	54
731	177	178	48
732	177	179	57
733	177	184	30
734	177	186	15
735	178	183	67
736	178	180	71
737	178	185	23
738	179	206	44
739	179	194	38
740	179	182	12
741	180	192	85
742	181	188	72
743	181	189	94
744	181	191	93
745	181	183	14
746	181	183	51
747	181	197	39
748	181	187	47
749	181	184	93
750	181	190	16
751	181	187	61
752	182	192	42
753	183	199	48
754	183	184	96
755	183	192	45
756	183	192	14
757	183	206	24
758	183	185	50
759	183	193	37
760	184	199	29
761	185	190	85
762	185	203	58
763	185	187	63
764	185	195	79
765	185	186	91
766	185	197	85
767	186	189	83
768	186	208	37
769	186	187	59
770	186	192	78
771	187	201	55
772	188	189	100
773	189	206	11
774	189	201	100
775	189	196	73
776	189	191	71
777	190	192	45
778	190	196	85
779	190	202	13
780	191	194	66
781	191	192	22
782	191	202	65
783	191	200	67
784	191	207	42
785	191	194	94
786	191	192	98
787	191	211	54
788	191	202	14
789	191	192	41
790	191	202	84
791	192	193	80
792	193	205	54
793	193	205	25
794	193	205	89
795	193	199	70
796	194	205	19
797	194	195	61
798	194	197	84
799	194	198	66
800	195	202	99
801	196	200	25
802	196	208	34
803	196	240	62
804	196	200	48
805	196	222	30
806	196	197	58
807	196	212	30
808	196	198	15
809	197	198	96
810	198	207	38
811	198	209	82
812	198	201	80
813	198	241	54
814	199	204	40
815	199	209	63
816	200	204	75
817	200	204	19
818	200	211	52
819	200	216	19
820	201	213	81
821	201	203	24
822	201	208	86
823	201	203	85
824	202	214	15
825	203	211	87
826	203	205	27
827	203	205	91
828	204	205	42
829	204	210	61
830	204	210	27
831	204	218	80
832	204	211	30
833	204	218	84
834	204	205	61
835	204	222	79
836	204	213	96
837	204	206	83
838	204	220	25
839	205	211	11
840	206	216	50
841	206	208	88
842	206	214	64
843	206	218	79
844	207	209	72
845	207	221	54
846	207	214	52
847	207	224	38
848	207	212	76
849	207	218	82
850	207	212	92
851	207	214	44
852	208	210	17
853	209	215	18
854	209	211	72
855	209	226	24
856	209	225	32
857	209	211	70
858	209	222	19
859	209	216	51
860	210	211	29
861	210	213	48
862	210	224	88
863	211	214	87
864	212	214	39
865	212	216	65
866	212	219	13
867	212	214	20
868	212	215	59
869	212	219	29
870	212	216	13
871	213	256	90
872	213	218	12
873	213	229	94
874	213	216	30
875	213	215	24
876	214	231	34
877	215	236	66
878	215	216	98
879	215	217	41
880	215	217	72
881	215	249	13
882	215	221	92
883	215	223	53
884	215	227	96
885	215	218	62
886	215	216	28
887	215	216	40
888	215	220	49
889	215	241	66
890	216	221	99
891	217	284	54
892	217	219	68
893	217	218	67
894	217	226	99
895	217	223	77
896	217	248	58
897	217	238	40
898	218	231	54
899	219	229	11
900	219	225	10
901	219	224	89
902	219	232	35
903	219	247	64
904	219	238	35
905	219	220	18
906	219	254	73
907	220	232	29
908	221	237	31
909	221	234	36
910	222	229	100
911	223	227	54
912	223	242	98
913	223	227	85
914	223	257	19
915	223	237	74
916	223	226	11
917	223	235	18
918	224	230	71
919	224	235	23
920	224	226	86
921	224	225	81
922	225	244	68
923	226	246	42
924	226	230	41
925	227	228	60
926	227	228	67
927	227	235	12
928	227	235	31
929	228	233	19
930	229	232	40
931	229	233	64
932	229	231	22
933	230	231	45
934	230	242	11
935	230	234	75
936	230	242	52
937	230	239	41
938	231	232	69
939	232	236	24
940	233	237	54
941	233	249	92
942	233	236	65
943	233	234	44
944	233	239	91
945	233	241	14
946	233	246	11
947	233	243	24
948	234	240	22
949	234	236	25
950	234	237	22
951	234	235	33
952	234	235	88
953	234	243	99
954	234	250	60
955	235	256	21
956	236	250	38
957	236	239	81
958	236	238	98
959	237	239	57
960	238	248	81
961	238	244	83
962	238	245	35
963	239	240	100
964	239	246	85
965	239	244	15
966	239	243	28
967	239	258	10
968	239	250	92
969	239	257	75
970	239	241	65
971	240	243	15
972	240	245	87
973	240	241	98
974	240	253	93
975	240	254	83
976	240	250	84
977	241	254	80
978	242	246	36
979	242	244	15
980	242	250	26
981	243	250	20
982	243	254	63
983	243	248	52
984	244	253	84
985	244	257	26
986	244	259	32
987	244	247	15
988	244	274	36
989	244	245	62
990	244	253	93
991	245	277	82
992	245	256	44
993	245	256	44
994	246	263	76
995	247	255	57
996	247	251	84
997	247	272	44
998	247	250	98
999	247	283	35
1000	247	269	11
1001	247	252	13
1002	248	250	27
1003	249	251	38
1004	249	270	20
1005	249	255	98
1006	249	274	86
1007	250	260	46
1008	251	252	16
1009	251	258	81
1010	252	276	51
1011	253	259	77
1012	253	257	11
1013	253	255	52
1014	253	256	33
1015	253	264	48
1016	253	258	18
1017	253	256	45
1018	254	256	44
1019	255	271	45
1020	255	274	12
1021	255	258	66
1022	255	263	74
1023	255	266	61
1024	255	272	58
1025	255	256	83
1026	255	260	46
1027	255	261	37
1028	255	256	96
1029	255	276	92
1030	255	284	52
1031	256	262	12
1032	257	261	96
1033	257	268	39
1034	257	267	100
1035	257	261	99
1036	257	262	20
1037	258	259	38
1038	258	277	70
1039	258	260	81
1040	258	261	93
1041	258	268	17
1042	258	263	15
1043	258	267	26
1044	258	260	49
1045	259	267	65
1046	259	264	14
1047	259	265	77
1048	259	263	92
1049	260	266	55
1050	260	263	62
1051	260	262	29
1052	261	266	51
1053	261	267	27
1054	262	265	31
1055	262	264	72
1056	262	265	51
1057	262	263	19
1058	263	267	89
1059	264	267	60
1060	264	267	16
1061	264	289	88
1062	264	267	67
1063	264	267	25
1064	264	275	31
1065	264	269	54
1066	264	268	69
1067	264	275	43
1068	265	272	69
1069	265	285	54
1070	265	286	36
1071	266	283	87
1072	266	274	71
1073	266	270	67
1074	266	280	74
1075	267	273	84
1076	268	271	36
1077	268	278	16
1078	268	285	26
1079	269	275	33
1080	269	270	61
1081	269	270	56
1082	269	285	30
1083	269	272	88
1084	269	271	45
1085	269	310	79
1086	270	275	81
1087	270	271	72
1088	270	281	55
1089	270	274	99
1090	270	297	65
1091	270	280	63
1092	270	273	13
1093	270	287	92
1094	270	274	73
1095	271	290	36
1096	271	290	99
1097	271	273	59
1098	271	273	64
1099	272	281	59
1100	272	287	68
1101	273	277	85
1102	273	281	94
1103	273	274	32
1104	273	276	82
1105	274	288	56
1106	275	277	97
1107	275	279	71
1108	275	284	44
1109	275	283	41
1110	275	301	61
1111	275	308	64
1112	275	278	61
1113	276	282	37
1114	276	291	20
1115	276	279	47
1116	277	280	73
1117	277	284	83
1118	277	282	38
1119	277	293	39
1120	277	289	96
1121	278	280	68
1122	279	285	42
1123	279	290	43
1124	280	302	64
1125	281	290	50
1126	281	291	63
1127	281	290	12
1128	282	295	77
1129	283	286	47
1130	283	285	50
1131	283	292	83
1132	283	293	89
1133	283	292	100
1134	283	287	70
1135	283	285	68
1136	283	297	57
1137	283	308	55
1138	283	288	57
1139	284	286	13
1140	284	297	51
1141	284	294	79
1142	284	288	57
1143	284	285	55
1144	285	295	20
1145	286	289	98
1146	287	327	69
1147	287	295	29
1148	287	290	18
1149	287	295	91
1150	288	300	94
1151	288	307	38
1152	288	304	31
1153	288	289	99
1154	288	291	61
1155	288	298	43
1156	288	307	72
1157	288	295	96
1158	288	297	54
1159	289	301	32
1160	289	297	75
1161	289	296	12
1162	289	292	92
1163	290	301	40
1164	291	294	26
1165	291	295	37
1166	291	292	49
1167	291	293	66
1168	291	294	28
1169	291	296	64
1170	291	349	79
1171	292	294	20
1172	292	300	55
1173	293	297	85
1174	293	295	87
1175	293	295	70
1176	293	295	65
1177	293	323	39
1178	294	299	65
1179	294	297	40
1180	294	335	49
1181	294	304	37
1182	294	311	70
1183	294	300	39
1184	295	299	70
1185	296	305	94
1186	296	303	85
1187	296	319	67
1188	296	297	23
1189	296	306	76
1190	296	301	45
1191	296	297	62
1192	296	309	26
1193	296	298	44
1194	297	298	47
1195	298	311	39
1196	298	304	35
1197	298	308	24
1198	298	328	46
1199	298	302	21
1200	298	310	24
1201	298	304	88
1202	298	299	52
1203	298	300	25
1204	299	303	26
1205	300	319	16
1206	300	316	91
1207	300	317	79
1208	300	302	34
1209	300	303	42
1210	300	302	38
1211	300	321	11
1212	301	319	66
1213	302	305	58
1214	302	327	68
1215	302	314	25
1216	302	303	52
1217	302	306	43
1218	302	303	79
1219	302	319	44
1220	302	304	70
1221	302	312	50
1222	303	314	52
1223	304	312	73
1224	305	340	66
1225	305	306	48
1226	305	307	61
1227	305	316	12
1228	306	309	25
1229	306	315	25
1230	307	311	73
1231	307	313	76
1232	308	318	70
1233	308	322	18
1234	308	309	11
1235	308	311	25
1236	308	324	54
1237	309	311	80
1238	309	315	58
1239	309	310	61
1240	309	313	55
1241	309	310	13
1242	309	320	59
1243	310	333	51
1244	310	311	49
1245	310	311	20
1246	310	313	100
1247	310	316	48
1248	310	332	14
1249	310	311	48
1250	311	314	96
1251	312	313	87
1252	312	319	24
1253	312	335	47
1254	313	320	76
1255	313	324	32
1256	314	327	35
1257	314	330	13
1258	314	315	11
1259	314	319	62
1260	314	316	68
1261	314	327	73
1262	314	316	37
1263	314	316	19
1264	314	317	21
1265	314	322	34
1266	314	325	20
1267	314	330	67
1268	315	326	25
1269	316	318	62
1270	317	319	92
1271	318	340	70
1272	318	325	72
1273	318	321	44
1274	318	338	90
1275	318	326	97
1276	318	337	70
1277	318	324	51
1278	318	323	69
1279	318	319	82
1280	318	320	77
1281	319	366	89
1282	320	329	86
1283	320	322	30
1284	320	322	45
1285	320	328	19
1286	320	334	40
1287	320	321	18
1288	320	331	54
1289	321	322	35
1290	321	331	33
1291	321	331	36
1292	321	325	50
1293	322	323	27
1294	323	324	40
1295	323	329	10
1296	323	358	93
1297	323	349	53
1298	323	336	46
1299	323	330	56
1300	323	326	12
1301	324	337	88
1302	324	337	28
1303	325	327	94
1304	325	327	97
1305	325	332	34
1306	325	327	79
1307	325	330	60
1308	326	329	27
1309	327	335	93
1310	328	331	85
1311	328	336	23
1312	328	353	87
1313	328	336	79
1314	328	330	28
1315	328	348	71
1316	328	332	36
1317	328	337	10
1318	329	351	29
1319	329	341	87
1320	329	333	64
1321	329	338	14
1322	330	354	95
1323	331	334	30
1324	331	339	44
1325	331	333	12
1326	331	334	97
1327	332	336	20
1328	332	339	25
1329	332	341	61
1330	332	340	37
1331	332	339	16
1332	332	343	93
1333	332	336	99
1334	333	340	43
1335	334	340	87
1336	334	366	91
1337	335	338	66
1338	335	342	86
1339	335	340	66
1340	335	340	85
1341	335	351	17
1342	335	345	60
1343	335	362	100
1344	336	337	74
1345	337	348	99
1346	338	347	60
1347	338	371	52
1348	338	351	75
1349	339	354	56
1350	339	340	66
1351	339	341	30
1352	339	340	83
1353	339	382	34
1354	339	352	59
1355	339	346	67
1356	339	342	50
1357	339	344	91
1358	339	344	13
1359	339	340	26
1360	339	343	49
1361	340	351	52
1362	341	355	44
1363	341	346	66
1364	341	344	74
1365	341	343	56
1366	342	356	55
1367	342	343	36
1368	342	344	67
1369	342	347	54
1370	342	361	76
1371	342	358	35
1372	342	350	47
1373	342	367	47
1374	342	354	97
1375	342	346	20
1376	343	355	65
1377	344	360	58
1378	344	345	47
1379	345	392	81
1380	346	363	39
1381	347	354	20
1382	347	350	53
1383	347	351	95
1384	347	357	70
1385	347	352	96
1386	347	356	84
1387	348	361	81
1388	348	351	41
1389	348	363	10
1390	348	354	93
1391	348	359	81
1392	348	373	93
1393	349	350	21
1394	349	356	40
1395	350	364	33
1396	351	352	18
1397	352	361	91
1398	352	353	66
1399	352	353	94
1400	352	362	60
1401	352	360	74
1402	352	364	93
1403	352	354	70
1404	353	370	88
1405	353	366	29
1406	354	363	99
1407	355	363	30
1408	355	357	99
1409	355	385	47
1410	355	360	46
1411	355	356	82
1412	355	366	16
1413	355	357	44
1414	355	356	12
1415	355	367	69
1416	356	360	36
1417	357	358	12
1418	357	365	25
1419	357	366	81
1420	357	359	94
1421	357	359	98
1422	357	358	50
1423	358	369	80
1424	359	390	93
1425	359	368	68
1426	359	361	83
1427	359	362	27
1428	360	363	22
1429	361	370	57
1430	361	364	94
1431	361	374	52
1432	361	375	15
1433	361	369	41
1434	362	366	12
1435	362	372	15
1436	362	378	79
1437	362	419	21
1438	362	380	85
1439	362	368	15
1440	362	365	13
1441	362	371	51
1442	362	378	17
1443	362	366	71
1444	362	372	72
1445	363	387	57
1446	364	366	28
1447	364	369	12
1448	364	376	29
1449	364	366	46
1450	364	383	32
1451	364	365	93
1452	365	366	97
1453	365	384	17
1454	365	367	89
1455	365	370	85
1456	366	371	85
1457	367	369	80
1458	367	375	22
1459	367	384	72
1460	367	369	46
1461	367	370	85
1462	367	370	59
1463	367	373	59
1464	367	368	43
1465	367	370	38
1466	368	378	74
1467	368	405	71
1468	368	375	27
1469	368	374	50
1470	368	381	58
1471	369	380	26
1472	370	381	29
1473	371	391	76
1474	371	377	11
1475	371	372	81
1476	371	383	21
1477	371	414	28
1478	371	373	17
1479	371	373	92
1480	371	373	62
1481	371	372	20
1482	372	390	66
1483	372	381	33
1484	373	381	45
1485	374	377	95
1486	374	376	24
1487	374	397	65
1488	374	389	11
1489	374	377	67
1490	374	379	15
1491	374	376	90
1492	374	388	90
1493	374	376	46
1494	374	397	44
1495	374	383	90
1496	374	380	90
1497	375	382	54
1498	375	378	46
1499	376	398	75
1500	376	378	86
1501	376	379	76
1502	376	385	30
1503	376	386	56
1504	377	391	74
1505	377	395	25
1506	377	392	88
1507	378	379	27
1508	379	395	21
1509	379	381	77
1510	380	383	87
1511	380	390	94
1512	380	386	82
1513	380	381	22
1514	381	407	88
1515	382	387	27
1516	382	389	100
1517	382	436	11
1518	382	386	51
1519	382	384	81
1520	383	399	75
1521	383	393	16
1522	384	389	27
1523	384	385	13
1524	384	390	40
1525	384	418	62
1526	384	392	62
1527	384	387	30
1528	384	388	100
1529	384	407	98
1530	384	388	88
1531	384	395	39
1532	385	389	64
1533	385	390	44
1534	386	394	86
1535	386	392	55
1536	386	399	96
1537	386	387	63
1538	387	393	16
1539	388	397	18
1540	388	401	61
1541	389	403	72
1542	389	394	62
1543	389	401	81
1544	389	408	28
1545	389	404	33
1546	389	391	60
1547	390	399	83
1548	391	399	66
1549	391	400	62
1550	391	401	74
1551	391	393	20
1552	391	396	44
1553	391	394	18
1554	391	414	100
1555	392	396	43
1556	393	396	76
1557	393	399	94
1558	393	401	29
1559	393	398	34
1560	393	395	85
1561	394	403	61
1562	394	399	56
1563	395	418	79
1564	395	397	31
1565	395	406	86
1566	395	406	63
1567	395	404	18
1568	396	411	31
1569	397	404	25
1570	397	398	47
1571	398	402	85
1572	398	400	25
1573	398	403	44
1574	398	400	28
1575	398	429	27
1576	398	408	23
1577	398	401	60
1578	398	414	32
1579	399	414	45
1580	400	405	13
1581	400	411	33
1582	400	424	25
1583	400	402	35
1584	400	405	22
1585	400	406	70
1586	400	406	16
1587	400	405	97
1588	400	404	69
1589	400	440	75
1590	400	402	48
1591	401	403	71
1592	402	411	89
1593	402	427	42
1594	402	413	95
1595	402	409	27
1596	402	414	69
1597	402	403	66
1598	402	403	55
1599	403	405	83
1600	404	413	93
1601	404	405	75
1602	404	423	30
1603	404	405	47
1604	404	411	91
1605	404	410	50
1606	404	405	96
1607	404	405	85
1608	405	408	93
1609	406	412	13
1610	406	416	67
1611	406	416	11
1612	406	414	19
1613	406	410	54
1614	406	424	89
1615	406	410	12
1616	406	419	58
1617	407	409	72
1618	407	417	17
1619	408	463	14
1620	408	409	18
1621	408	419	57
1622	409	415	28
1623	409	436	32
1624	409	412	42
1625	409	414	22
1626	409	435	78
1627	409	415	89
1628	409	412	66
1629	409	413	16
1630	410	414	74
1631	410	411	48
1632	410	421	35
1633	411	422	26
1634	412	418	28
1635	412	413	25
1636	412	421	61
1637	412	421	29
1638	413	421	88
1639	413	421	48
1640	413	414	82
1641	413	416	51
1642	413	422	24
1643	413	414	100
1644	413	415	64
1645	414	420	69
1646	415	416	84
1647	415	421	95
1648	415	417	75
1649	415	421	20
1650	415	427	57
1651	415	421	97
1652	415	421	90
1653	415	432	81
1654	415	431	72
1655	416	433	59
1656	416	450	78
1657	416	421	10
1658	416	425	66
1659	417	434	96
1660	417	427	97
1661	418	440	80
1662	418	425	31
1663	418	420	69
1664	418	426	70
1665	418	435	56
1666	419	422	15
1667	420	425	29
1668	420	428	98
1669	420	424	23
1670	420	424	100
1671	420	421	70
1672	421	423	25
1673	422	434	10
1674	422	428	48
1675	422	430	52
1676	422	433	59
1677	422	424	27
1678	422	423	28
1679	422	447	88
1680	423	442	22
1681	423	441	88
1682	423	424	98
1683	423	430	87
1684	423	430	85
1685	424	449	99
1686	425	436	98
1687	425	426	42
1688	425	431	35
1689	425	431	95
1690	426	428	15
1691	426	430	73
1692	427	443	57
1693	427	438	18
1694	427	428	28
1695	427	435	31
1696	427	436	44
1697	427	429	78
1698	427	434	18
1699	428	435	90
1700	428	436	86
1701	428	432	71
1702	428	429	44
1703	428	434	34
1704	428	445	45
1705	429	432	55
1706	429	439	15
1707	429	454	78
1708	429	445	58
1709	430	433	69
1710	430	437	94
1711	431	433	53
1712	431	434	11
1713	431	452	16
1714	431	436	20
1715	432	436	83
1716	432	450	73
1717	432	434	60
1718	433	438	18
1719	433	440	49
1720	433	445	32
1721	433	436	71
1722	433	434	60
1723	434	439	26
1724	435	437	21
1725	435	436	57
1726	435	441	60
1727	435	441	76
1728	435	436	85
1729	435	456	81
1730	435	438	21
1731	435	437	35
1732	435	436	21
1733	435	452	40
1734	435	445	24
1735	436	444	93
1736	437	443	80
1737	437	447	91
1738	437	445	71
1739	437	442	86
1740	438	439	48
1741	438	464	44
1742	438	446	37
1743	438	439	42
1744	438	443	83
1745	439	451	52
1746	439	440	49
1747	440	451	28
1748	440	443	42
1749	440	442	92
1750	441	453	15
1751	441	446	38
1752	441	446	15
1753	441	448	50
1754	442	444	83
1755	442	451	78
1756	442	444	73
1757	442	451	49
1758	442	445	56
1759	442	449	98
1760	442	445	40
1761	442	444	68
1762	442	447	60
1763	443	461	68
1764	443	454	69
1765	443	448	51
1766	443	464	49
1767	443	451	40
1768	443	466	61
1769	444	445	24
1770	444	449	75
1771	444	445	26
1772	444	450	34
1773	445	462	95
1774	446	453	28
1775	446	458	41
1776	446	465	86
1777	446	460	26
1778	446	460	48
1779	446	453	15
1780	447	451	71
1781	447	455	51
1782	448	451	16
1783	448	455	92
1784	448	450	11
1785	448	466	100
1786	448	462	37
1787	448	454	60
1788	448	470	91
1789	448	469	46
1790	448	452	26
1791	449	469	71
1792	449	452	23
1793	450	456	20
1794	450	468	18
1795	450	457	25
1796	450	455	29
1797	450	451	71
1798	451	462	29
1799	452	458	29
1800	453	458	26
1801	453	458	33
1802	453	454	89
1803	453	464	81
1804	454	462	66
1805	454	458	77
1806	454	459	80
1807	454	481	20
1808	454	462	35
1809	455	473	13
1810	456	481	86
1811	456	460	79
1812	456	457	51
1813	456	475	82
1814	456	465	23
1815	456	462	77
1816	456	458	40
1817	456	476	45
1818	456	501	78
1819	456	458	80
1820	456	457	69
1821	456	458	90
1822	457	459	56
1823	457	459	49
1824	457	480	59
1825	458	465	38
1826	459	462	40
1827	459	462	12
1828	459	461	74
1829	459	470	32
1830	460	464	70
1831	460	463	33
1832	460	464	98
1833	460	477	18
1834	460	468	72
1835	460	464	95
1836	460	462	52
1837	460	481	27
1838	461	464	18
1839	461	471	41
1840	462	471	60
1841	463	479	100
1842	463	479	27
1843	463	467	38
1844	463	470	57
1845	463	464	43
1846	463	474	47
1847	463	470	70
1848	463	483	63
1849	463	466	51
1850	464	469	59
1851	465	480	69
1852	465	474	81
1853	466	470	26
1854	466	469	66
1855	466	486	12
1856	466	467	15
1857	466	498	21
1858	467	484	75
1859	467	482	46
1860	467	468	85
1861	467	481	82
1862	467	475	73
1863	468	470	25
1864	468	476	22
1865	468	476	79
1866	468	470	71
1867	468	470	83
1868	468	472	59
1869	468	471	74
1870	468	486	41
1871	469	478	81
1872	470	473	12
1873	471	472	23
1874	471	492	14
1875	471	475	20
1876	471	476	65
1877	471	492	51
1878	472	477	88
1879	472	495	34
1880	472	480	93
1881	472	482	40
1882	472	478	52
1883	473	496	43
1884	473	474	16
1885	474	476	87
1886	474	476	68
1887	474	483	23
1888	475	497	91
1889	475	483	54
1890	475	493	93
1891	476	478	66
1892	477	484	46
1893	477	484	69
1894	477	483	63
1895	477	490	71
1896	477	487	22
1897	477	520	11
1898	478	489	59
1899	478	486	64
1900	478	486	84
1901	478	490	96
1902	479	507	51
1903	479	495	11
1904	479	482	100
1905	479	488	34
1906	479	486	100
1907	479	488	40
1908	480	494	76
1909	481	482	73
1910	481	485	76
1911	481	497	39
1912	481	487	66
1913	482	484	88
1914	483	495	93
1915	483	495	15
1916	483	490	45
1917	483	485	44
1918	483	487	71
1919	484	499	56
1920	484	494	37
1921	484	486	53
1922	484	488	52
1923	484	492	82
1924	484	485	53
1925	485	508	35
1926	485	489	38
1927	485	515	49
1928	485	491	34
1929	485	490	97
1930	486	495	84
1931	487	495	62
1932	487	504	96
1933	487	491	23
1934	488	489	58
1935	488	507	90
1936	488	489	78
1937	489	497	51
1938	490	499	57
1939	490	492	11
1940	490	491	64
1941	490	501	45
1942	490	495	93
1943	490	496	57
1944	490	513	26
1945	491	516	94
1946	491	493	65
1947	491	498	18
1948	491	493	67
1949	491	505	21
1950	491	534	65
1951	491	497	79
1952	491	493	78
1953	492	505	86
1954	493	497	96
1955	493	495	18
1956	493	509	64
1957	493	506	27
1958	493	495	99
1959	493	494	27
1960	494	501	82
1961	494	498	55
1962	494	503	97
1963	495	500	87
1964	496	510	85
1965	496	504	82
1966	496	499	77
1967	496	500	99
1968	496	507	73
1969	496	506	60
1970	496	502	46
1971	496	501	56
1972	496	497	16
1973	496	504	15
1974	496	504	60
1975	496	501	58
1976	497	500	84
1977	498	506	66
1978	499	507	11
1979	499	515	58
1980	499	521	54
1981	499	502	72
1982	499	527	82
1983	499	514	76
1984	499	500	56
1985	499	517	68
1986	499	509	10
1987	500	502	89
1988	500	502	85
1989	500	508	86
1990	500	503	71
1991	500	501	66
1992	501	540	21
1993	502	503	63
1994	502	511	75
1995	502	507	79
1996	502	520	43
1997	503	506	55
1998	503	507	13
1999	504	507	23
2000	505	508	19
2001	505	522	63
2002	505	507	12
2003	505	515	96
2004	505	513	94
2005	505	530	36
2006	505	510	76
2007	505	512	14
2008	505	509	87
2009	505	544	84
2010	505	511	78
2011	506	514	67
2012	507	522	85
2013	508	531	39
2014	508	517	20
2015	508	509	99
2016	508	541	88
2017	508	512	92
2018	508	511	20
2019	508	520	20
2020	508	516	84
2021	508	520	60
2022	509	513	46
2023	509	519	50
2024	509	515	55
2025	509	523	28
2026	509	525	70
2027	510	512	42
2028	510	518	34
2029	510	537	58
2030	511	527	61
2031	511	519	97
2032	511	512	37
2033	512	523	47
2034	512	514	16
2035	513	527	65
2036	514	518	13
2037	515	517	31
2038	515	521	55
2039	515	517	84
2040	515	518	78
2041	515	516	58
2042	515	530	46
2043	515	529	60
2044	515	526	61
2045	515	519	66
2046	515	531	70
2047	515	529	31
2048	516	554	31
2049	517	523	50
2050	517	524	92
2051	517	553	28
2052	517	536	55
2053	518	521	98
2054	518	519	38
2055	518	523	42
2056	518	536	40
2057	518	537	28
2058	519	521	28
2059	519	530	96
2060	519	529	51
2061	520	535	49
2062	520	532	52
2063	521	526	18
2064	521	541	68
2065	521	528	20
2066	521	522	12
2067	521	553	73
2068	521	524	35
2069	522	525	70
2070	523	532	11
2071	523	525	59
2072	523	527	69
2073	523	528	69
2074	523	524	61
2075	523	525	62
2076	523	533	43
2077	523	524	12
2078	524	535	64
2079	525	526	33
2080	525	529	94
2081	525	528	34
2082	526	529	98
2083	526	531	34
2084	526	532	75
2085	526	548	49
2086	526	527	49
2087	527	533	16
2088	528	531	99
2089	528	532	70
2090	528	546	16
2091	528	535	72
2092	528	529	76
2093	528	531	70
2094	528	534	76
2095	528	529	46
2096	529	533	50
2097	530	555	70
2098	530	533	62
2099	530	533	37
2100	530	547	48
2101	530	533	85
2102	530	536	41
2103	530	531	90
2104	530	533	13
2105	531	538	26
2106	532	536	75
2107	532	543	92
2108	532	533	30
2109	532	553	96
2110	532	533	93
2111	532	533	77
2112	532	553	28
2113	532	542	42
2114	532	544	94
2115	532	540	58
2116	533	567	32
2117	534	539	53
2118	534	538	94
2119	534	539	26
2120	534	549	68
2121	534	540	50
2122	534	537	86
2123	534	544	84
2124	535	543	93
2125	536	538	69
2126	536	545	51
2127	536	558	59
2128	536	538	16
2129	537	544	81
2130	538	541	36
2131	538	541	77
2132	538	548	33
2133	538	539	30
2134	538	549	54
2135	538	543	60
2136	539	545	14
2137	540	546	100
2138	540	542	64
2139	540	542	62
2140	540	555	93
2141	541	543	87
2142	541	544	79
2143	541	568	36
2144	541	555	49
2145	541	558	69
2146	541	552	34
2147	541	544	22
2148	542	544	93
2149	542	562	49
2150	542	546	75
2151	542	554	63
2152	542	553	80
2153	542	553	59
2154	542	544	100
2155	542	559	58
2156	543	549	83
2157	543	551	81
2158	544	548	69
2159	545	547	19
2160	545	565	79
2161	545	547	73
2162	545	546	70
2163	545	550	26
2164	546	548	75
2165	546	551	43
2166	546	553	60
2167	546	547	36
2168	546	549	32
2169	546	550	19
2170	546	547	77
2171	546	549	99
2172	546	551	32
2173	546	547	21
2174	547	566	31
2175	548	550	82
2176	548	552	97
2177	548	549	20
2178	548	553	66
2179	549	551	44
2180	550	553	54
2181	550	569	79
2182	550	551	22
2183	550	569	91
2184	550	552	63
2185	550	554	99
2186	550	551	20
2187	550	564	94
2188	550	551	31
2189	550	553	71
2190	551	561	65
2191	552	555	86
2192	552	558	97
2193	552	555	30
2194	552	569	43
2195	552	572	78
2196	552	555	57
2197	552	582	69
2198	552	568	69
2199	552	567	82
2200	552	569	87
2201	552	575	54
2202	553	559	65
2203	554	558	39
2204	554	563	99
2205	554	555	47
2206	554	556	38
2207	554	567	84
2208	554	557	18
2209	554	555	65
2210	554	556	62
2211	554	561	45
2212	554	555	99
2213	554	565	16
2214	554	569	13
2215	555	569	83
2216	556	571	49
2217	556	558	62
2218	556	557	94
2219	556	558	44
2220	556	558	18
2221	556	576	65
2222	556	557	22
2223	556	558	57
2224	556	561	91
2225	556	565	32
2226	557	562	92
2227	558	569	83
2228	559	563	56
2229	559	560	57
2230	559	566	92
2231	559	560	84
2232	559	577	17
2233	560	564	15
2234	561	562	95
2235	561	564	67
2236	561	569	20
2237	561	566	93
2238	561	569	17
2239	561	567	18
2240	562	566	23
2241	562	572	36
2242	562	586	61
2243	563	573	53
2244	563	594	17
2245	563	573	74
2246	563	566	52
2247	563	570	13
2248	564	566	75
2249	565	577	35
2250	565	579	88
2251	565	575	97
2252	565	566	20
2253	565	568	27
2254	565	570	50
2255	566	577	83
2256	567	571	86
2257	568	584	94
2258	568	585	95
2259	568	577	46
2260	568	577	63
2261	568	583	51
2262	568	591	30
2263	568	575	91
2264	568	585	49
2265	568	574	81
2266	568	588	25
2267	568	592	36
2268	568	569	40
2269	569	580	36
2270	570	575	80
2271	570	580	43
2272	570	583	50
2273	570	577	91
2274	570	585	43
2275	571	577	73
2276	571	577	66
2277	571	576	21
2278	571	574	76
2279	571	576	27
2280	571	626	72
2281	571	600	32
2282	572	573	59
2283	572	581	98
2284	572	579	34
2285	573	578	75
2286	574	583	74
2287	575	594	51
2288	575	592	37
2289	575	576	14
2290	575	599	90
2291	575	584	80
2292	575	583	63
2293	575	578	92
2294	575	577	86
2295	576	600	87
2296	576	578	28
2297	577	582	63
2298	578	582	97
2299	578	583	49
2300	578	580	57
2301	578	581	94
2302	578	580	38
2303	578	579	34
2304	578	590	39
2305	578	583	48
2306	578	583	57
2307	579	583	41
2308	579	588	50
2309	579	594	78
2310	579	588	82
2311	579	615	22
2312	579	609	78
2313	579	587	24
2314	580	584	61
2315	580	583	55
2316	580	586	29
2317	581	586	83
2318	581	582	88
2319	582	602	14
2320	582	600	58
2321	582	586	57
2322	583	607	60
2323	584	587	33
2324	584	589	30
2325	584	615	41
2326	585	593	85
2327	585	613	45
2328	585	589	73
2329	585	596	50
2330	585	588	87
2331	585	588	32
2332	585	590	52
2333	585	593	35
2334	585	586	79
2335	585	599	53
2336	585	586	31
2337	585	611	98
2338	586	587	55
2339	587	609	68
2340	587	603	46
2341	587	600	12
2342	587	591	65
2343	587	594	49
2344	587	589	34
2345	588	591	26
2346	589	599	61
2347	590	596	85
2348	591	606	86
2349	591	597	77
2350	591	592	99
2351	591	604	42
2352	591	603	89
2353	591	592	54
2354	591	610	39
2355	591	602	87
2356	591	593	50
2357	591	600	29
2358	591	598	23
2359	592	596	34
2360	592	624	22
2361	593	597	42
2362	593	616	54
2363	593	606	90
2364	593	598	16
2365	593	602	79
2366	593	600	45
2367	594	628	88
2368	594	595	35
2369	594	595	41
2370	594	597	96
2371	594	600	67
2372	595	609	33
2373	596	597	53
2374	596	606	53
2375	597	600	94
2376	597	599	41
2377	597	598	25
2378	598	616	98
2379	598	602	29
2380	598	611	15
2381	598	608	21
2382	598	600	28
2383	599	620	21
2384	599	601	64
2385	599	612	78
2386	600	601	83
2387	601	610	94
2388	601	616	12
2389	601	606	93
2390	601	605	98
2391	601	608	100
2392	602	603	11
2393	602	605	28
2394	602	604	38
2395	602	606	73
2396	602	622	17
2397	603	604	92
2398	603	613	16
2399	603	617	95
2400	603	614	93
2401	603	610	61
2402	603	607	50
2403	603	608	75
2404	603	613	94
2405	603	605	67
2406	604	618	42
2407	604	614	34
2408	604	611	58
2409	605	608	21
2410	605	618	47
2411	605	617	73
2412	606	649	70
2413	607	642	41
2414	607	633	63
2415	607	609	12
2416	607	614	10
2417	608	610	45
2418	608	613	75
2419	608	616	64
2420	609	634	78
2421	610	632	97
2422	611	626	42
2423	611	612	56
2424	611	626	67
2425	611	626	92
2426	611	613	17
2427	611	619	77
2428	611	616	48
2429	611	613	12
2430	611	612	92
2431	612	617	55
2432	612	615	54
2433	612	616	58
2434	612	619	65
2435	612	619	12
2436	612	661	28
2437	613	647	72
2438	614	620	38
2439	615	616	12
2440	615	621	13
2441	615	645	91
2442	615	631	61
2443	615	623	64
2444	615	618	47
2445	615	623	86
2446	616	622	33
2447	617	624	76
2448	617	621	61
2449	617	639	27
2450	617	622	56
2451	618	643	16
2452	618	620	56
2453	618	620	79
2454	618	621	43
2455	618	627	40
2456	618	625	28
2457	619	631	58
2458	619	626	29
2459	619	626	44
2460	619	625	79
2461	619	621	78
2462	620	621	22
2463	620	621	38
2464	620	624	36
2465	620	621	25
2466	620	629	96
2467	621	624	80
2468	622	628	91
2469	622	645	45
2470	622	629	49
2471	622	630	21
2472	622	632	37
2473	622	623	60
2474	622	630	91
2475	622	631	23
2476	622	626	24
2477	622	629	16
2478	623	629	28
2479	624	627	10
2480	624	629	47
2481	624	632	37
2482	624	629	76
2483	624	626	65
2484	624	627	21
2485	625	628	87
2486	626	630	24
2487	627	632	30
2488	627	629	21
2489	627	629	100
2490	628	635	45
2491	628	632	63
2492	628	635	18
2493	628	638	46
2494	628	656	71
2495	628	642	92
2496	628	647	71
2497	628	635	67
2498	628	658	16
2499	628	629	26
2500	628	629	89
2501	629	656	97
2502	630	645	83
2503	630	639	15
2504	630	633	60
2505	630	638	15
2506	630	635	10
2507	630	631	56
2508	631	643	79
2509	631	644	52
2510	631	636	67
2511	631	637	56
2512	631	639	17
2513	631	635	52
2514	631	632	17
2515	631	632	42
2516	632	637	48
2517	633	640	64
2518	633	635	76
2519	633	643	96
2520	633	657	75
2521	633	651	33
2522	633	635	22
2523	633	634	83
2524	633	635	27
2525	634	635	49
2526	634	636	62
2527	634	650	29
2528	635	645	94
2529	636	641	64
2530	636	639	54
2531	636	648	38
2532	637	642	97
2533	637	653	99
2534	637	641	58
2535	637	647	68
2536	637	644	21
2537	637	642	37
2538	637	640	56
2539	637	638	81
2540	638	647	10
2541	639	656	64
2542	639	647	51
2543	640	641	93
2544	641	645	84
2545	641	645	83
2546	641	660	19
2547	641	653	61
2548	641	643	23
2549	641	644	52
2550	641	642	19
2551	641	665	19
2552	641	651	43
2553	641	648	25
2554	641	646	18
2555	642	646	18
2556	643	645	88
2557	643	653	48
2558	644	649	20
2559	644	659	72
2560	644	653	53
2561	644	653	28
2562	644	651	93
2563	644	651	57
2564	644	652	96
2565	644	645	86
2566	644	649	71
2567	645	652	69
2568	646	647	49
2569	646	657	22
2570	646	648	13
2571	646	664	40
2572	646	649	76
2573	647	656	81
2574	648	654	89
2575	648	660	91
2576	648	654	90
2577	648	650	32
2578	648	656	33
2579	648	667	43
2580	648	649	35
2581	648	660	94
2582	649	660	53
2583	650	653	61
2584	650	653	44
2585	650	664	79
2586	650	653	75
2587	651	652	75
2588	651	653	97
2589	651	670	77
2590	651	666	26
2591	651	668	25
2592	651	655	50
2593	651	674	46
2594	651	660	85
2595	652	653	99
2596	652	669	69
2597	652	654	11
2598	652	655	33
2599	653	656	67
2600	654	660	77
2601	654	655	76
2602	654	673	11
2603	654	658	34
2604	654	677	90
2605	654	657	57
2606	654	682	89
2607	654	664	37
2608	654	664	72
2609	654	658	67
2610	654	663	31
2611	654	677	95
2612	654	655	62
2613	655	656	48
2614	656	657	90
2615	657	661	82
2616	657	664	15
2617	657	679	16
2618	657	658	78
2619	657	662	78
2620	657	668	29
2621	657	670	80
2622	657	663	96
2623	657	658	45
2624	657	673	42
2625	657	661	16
2626	657	659	81
2627	657	666	89
2628	658	662	95
2629	659	660	100
2630	659	679	50
2631	660	671	41
2632	661	675	40
2633	661	667	95
2634	661	668	22
2635	661	662	86
2636	661	677	15
2637	662	680	30
2638	663	679	71
2639	663	664	82
2640	663	671	55
2641	663	678	99
2642	663	665	72
2643	663	670	71
2644	663	666	87
2645	663	686	50
2646	663	667	47
2647	663	677	73
2648	664	667	68
2649	665	672	89
2650	665	668	67
2651	665	672	67
2652	665	684	69
2653	665	680	17
2654	665	666	53
2655	665	683	10
2656	665	673	55
2657	666	677	24
2658	667	672	50
2659	667	669	52
2660	667	690	67
2661	667	686	26
2662	667	670	40
2663	667	682	57
2664	668	677	63
2665	669	685	71
2666	669	674	89
2667	669	675	33
2668	669	671	37
2669	669	707	52
2670	670	673	25
2671	671	673	97
2672	671	674	77
2673	671	677	40
2674	671	676	97
2675	672	678	63
2676	672	673	87
2677	672	675	47
2678	672	674	20
2679	672	684	85
2680	672	676	72
2681	672	677	35
2682	673	677	94
2683	674	709	39
2684	675	706	94
2685	675	676	15
2686	676	677	80
2687	676	687	76
2688	676	679	21
2689	676	678	67
2690	676	714	41
2691	676	707	86
2692	676	683	57
2693	676	687	14
2694	676	681	92
2695	676	679	87
2696	676	684	82
2697	677	690	89
2698	678	679	99
2699	678	681	73
2700	678	683	43
2701	678	687	69
2702	678	679	61
2703	678	684	68
2704	678	679	63
2705	678	685	56
2706	678	683	89
2707	678	682	98
2708	678	720	60
2709	678	687	85
2710	679	683	16
2711	680	687	16
2712	681	682	31
2713	681	694	23
2714	681	696	42
2715	681	687	27
2716	681	685	90
2717	681	693	24
2718	681	698	17
2719	681	686	32
2720	682	691	59
2721	682	687	56
2722	682	689	17
2723	683	687	33
2724	684	704	56
2725	684	697	100
2726	684	693	34
2727	684	700	13
2728	684	685	46
2729	684	687	65
2730	684	699	87
2731	684	695	34
2732	684	688	13
2733	684	691	19
2734	684	703	95
2735	685	706	49
2736	686	687	58
2737	686	689	61
2738	686	694	87
2739	686	691	10
2740	686	695	84
2741	686	690	14
2742	686	687	39
2743	687	688	92
2744	688	700	88
2745	688	694	48
2746	688	696	53
2747	688	689	45
2748	688	701	49
2749	688	693	98
2750	688	689	38
2751	689	692	33
2752	689	701	32
2753	689	698	72
2754	690	692	34
2755	690	699	92
2756	690	704	44
2757	690	700	63
2758	690	691	55
2759	691	697	81
2760	692	706	67
2761	692	698	78
2762	692	694	30
2763	692	703	38
2764	692	706	22
2765	692	702	47
2766	692	700	39
2767	692	694	17
2768	693	716	79
2769	693	695	38
2770	694	706	59
2771	695	697	93
2772	695	701	33
2773	695	696	66
2774	695	701	14
2775	695	702	30
2776	696	710	82
2777	697	717	23
2778	697	730	76
2779	697	707	17
2780	697	704	47
2781	697	703	71
2782	698	710	65
2783	698	705	49
2784	698	712	52
2785	698	715	18
2786	698	702	46
2787	698	708	12
2788	699	711	96
2789	700	707	31
2790	701	702	73
2791	701	705	84
2792	701	712	84
2793	701	713	35
2794	701	706	63
2795	702	711	14
2796	702	712	62
2797	702	718	15
2798	703	715	83
2799	704	733	33
2800	704	709	81
2801	704	709	90
2802	704	705	53
2803	704	705	81
2804	704	722	90
2805	704	725	93
2806	704	709	37
2807	704	727	63
2808	704	714	40
2809	705	711	33
2810	706	711	81
2811	707	722	58
2812	707	718	61
2813	707	708	12
2814	707	710	16
2815	708	721	62
2816	708	709	51
2817	708	709	83
2818	708	712	11
2819	708	718	84
2820	708	709	11
2821	709	712	39
2822	710	719	94
2823	710	713	82
2824	710	721	36
2825	710	714	22
2826	710	730	49
2827	710	722	59
2828	710	717	24
2829	710	728	44
2830	710	718	55
2831	710	712	75
2832	711	737	71
2833	711	713	19
2834	712	723	36
2835	713	715	10
2836	713	716	50
2837	713	727	47
2838	713	714	15
2839	713	717	89
2840	713	720	81
2841	713	718	65
2842	714	719	23
2843	714	718	99
2844	714	715	77
2845	714	722	29
2846	714	725	79
2847	714	722	42
2848	714	736	70
2849	714	722	62
2850	715	722	89
2851	716	720	50
2852	716	735	53
2853	717	719	40
2854	717	720	38
2855	717	718	52
2856	717	738	46
2857	717	731	38
2858	717	718	54
2859	717	725	17
2860	717	718	73
2861	718	722	93
2862	719	724	53
2863	719	736	31
2864	719	724	13
2865	719	722	12
2866	719	720	55
2867	719	722	70
2868	719	721	78
2869	719	728	67
2870	720	732	62
2871	721	723	61
2872	721	725	67
2873	721	723	31
2874	721	722	55
2875	721	727	55
2876	721	725	78
2877	721	741	92
2878	721	734	72
2879	721	726	47
2880	721	725	43
2881	722	726	60
2882	723	727	49
2883	723	744	26
2884	723	729	28
2885	723	725	86
2886	723	729	91
2887	723	725	47
2888	723	733	49
2889	723	740	71
2890	723	724	42
2891	724	735	88
2892	724	734	11
2893	724	726	14
2894	724	725	73
2895	724	737	35
2896	724	728	98
2897	724	742	52
2898	725	732	78
2899	726	733	100
2900	726	736	75
2901	726	727	90
2902	726	731	76
2903	726	729	60
2904	726	754	11
2905	726	754	18
2906	726	740	43
2907	726	731	43
2908	726	727	60
2909	727	728	45
2910	728	730	16
2911	728	738	54
2912	728	743	95
2913	729	737	55
2914	729	739	26
2915	729	732	26
2916	729	731	86
2917	730	764	16
2918	730	742	75
2919	731	744	58
2920	732	736	87
2921	732	742	27
2922	732	733	54
2923	732	737	23
2924	732	748	92
2925	732	741	37
2926	732	742	45
2927	732	748	84
2928	732	754	88
2929	732	739	60
2930	733	737	62
2931	733	737	23
2932	733	734	18
2933	733	743	82
2934	733	734	78
2935	733	749	46
2936	734	753	47
2937	734	739	20
2938	734	746	45
2939	735	750	75
2940	735	750	79
2941	736	741	31
2942	736	738	86
2943	736	746	37
2944	737	743	67
2945	738	763	62
2946	738	745	93
2947	738	740	68
2948	738	754	50
2949	738	746	70
2950	738	744	86
2951	738	741	49
2952	738	765	80
2953	738	748	93
2954	738	745	53
2955	739	753	96
2956	739	740	28
2957	739	748	13
2958	739	762	65
2959	740	750	46
2960	740	771	26
2961	741	744	12
2962	741	759	57
2963	742	749	51
2964	742	749	79
2965	742	747	78
2966	743	744	61
2967	743	783	91
2968	743	752	13
2969	743	757	24
2970	743	759	12
2971	743	754	94
2972	743	746	42
2973	744	747	84
2974	745	753	31
2975	745	754	58
2976	746	752	85
2977	746	755	66
2978	746	747	15
2979	747	762	76
2980	748	756	68
2981	748	763	14
2982	748	766	52
2983	748	759	77
2984	748	751	76
2985	748	749	70
2986	748	755	97
2987	749	752	76
2988	749	751	82
2989	750	761	83
2990	750	752	41
2991	750	758	75
2992	750	757	15
2993	750	770	12
