500	100	0	0
0	2	28	74
1	3	27	71
2	3	27	38
3	5	20	57
4	5	17	52
5	6	18	63
6	6	28	50
7	6	23	64
8	7	35	50
9	7	28	44
10	8	34	57
11	8	22	53
12	8	34	39
13	9	24	37
14	11	36	74
15	11	26	29
16	13	26	39
17	15	37	55
18	16	40	25
19	16	45	74
20	18	43	70
21	18	41	73
22	19	34	47
23	20	37	34
24	22	34	26
25	23	38	27
26	24	42	30
27	24	47	58
28	27	52	70
29	27	42	25
30	29	39	54
31	29	45	38
32	31	49	31
33	38	67	51
34	42	70	60
35	43	67	59
36	44	70	37
37	46	65	31
38	47	73	46
39	48	71	56
40	48	64	35
41	49	75	50
42	51	62	58
43	53	67	44
44	54	73	35
45	56	72	60
46	56	74	43
47	56	74	60
48	57	83	31
49	60	75	71
50	62	75	47
51	63	76	33
52	63	76	26
53	64	77	69
54	64	93	50
55	64	74	45
56	66	93	44
57	67	79	57
58	67	86	26
59	67	95	37
60	68	87	66
61	68	87	58
62	69	98	35
63	70	84	36
64	75	85	25
65	76	97	69
66	76	97	40
67	77	106	34
68	77	94	60
69	77	93	26
70	82	109	49
71	85	107	40
72	85	96	72
73	86	101	59
74	88	105	26
75	88	105	32
76	88	101	26
77	89	105	33
78	89	117	56
79	89	115	56
80	90	105	64
81	90	103	36
82	92	107	25
83	97	126	33
84	103	129	44
85	103	114	29
86	106	120	39
87	106	132	31
88	108	123	53
89	109	128	41
90	110	123	26
91	112	124	73
92	113	126	29
93	116	145	71
94	116	141	46
95	116	135	34
96	116	126	63
97	117	129	35
98	117	131	39
99	118	133	67
100	121	132	53
101	121	132	25
102	121	144	72
103	122	142	44
104	124	139	42
105	125	139	73
106	125	140	54
107	126	152	72
108	127	140	59
109	128	142	44
110	128	142	49
111	128	145	52
112	130	154	64
113	131	149	50
114	133	147	53
115	136	161	40
116	136	152	37
117	137	155	57
118	137	150	34
119	140	156	42
120	144	163	32
121	144	165	33
122	146	161	39
123	148	173	44
124	149	170	47
125	150	172	25
126	151	178	41
127	152	176	65
128	152	164	64
129	152	174	73
130	156	185	60
131	156	167	50
132	156	167	45
133	156	180	68
134	158	184	71
135	158	170	47
136	159	182	29
137	160	184	27
138	161	175	28
139	163	191	68
140	164	192	65
141	165	180	60
142	167	179	52
143	167	181	49
144	167	178	34
145	168	189	64
146	170	198	32
147	170	181	39
148	171	185	35
149	173	184	55
150	176	203	53
151	177	203	65
152	179	194	50
153	180	190	38
154	180	200	30
155	180	206	29
156	182	205	63
157	182	198	72
158	184	198	29
159	184	207	64
160	187	198	74
161	188	206	45
162	188	206	68
163	191	216	62
164	192	215	42
165	194	214	66
166	194	219	41
167	198	222	36
168	201	212	50
169	203	225	70
170	204	227	36
171	205	219	63
172	205	220	65
173	212	224	29
174	212	238	50
175	212	228	72
176	214	228	30
177	214	242	27
178	215	229	56
179	215	234	60
180	216	237	40
181	216	233	30
182	216	235	55
183	217	229	31
184	217	244	64
185	218	233	29
186	218	242	26
187	219	239	33
188	221	247	62
189	223	241	59
190	226	251	48
191	226	249	61
192	227	254	65
193	227	250	56
194	228	248	37
195	230	240	27
196	230	241	40
197	230	248	74
198	232	243	40
199	233	257	27
200	235	262	65
201	239	260	73
202	243	261	43
203	244	273	54
204	244	269	41
205	246	269	59
206	247	261	54
207	247	272	73
208	250	260	65
209	250	270	37
210	251	268	43
211	252	264	69
212	252	265	38
213	252	272	30
214	254	272	45
215	256	268	34
216	257	270	55
217	257	282	58
218	258	270	43
219	258	268	68
220	263	292	33
221	264	282	37
222	265	294	70
223	267	286	34
224	268	280	46
225	269	297	62
226	271	293	40
227	272	293	54
228	274	286	54
229	277	304	46
230	277	297	71
231	278	288	63
232	278	297	53
233	281	297	27
234	284	296	65
235	286	306	54
236	287	306	28
237	288	312	46
238	289	302	53
239	290	315	39
240	290	301	63
241	290	311	71
242	291	313	65
243	291	308	52
244	291	314	57
245	293	321	30
246	293	304	74
247	297	311	41
248	298	324	65
249	298	322	42
250	299	318	25
251	299	326	52
252	301	322	28
253	302	316	55
254	302	314	33
255	303	324	67
256	304	330	35
257	304	317	61
258	304	317	29
259	306	322	72
260	307	331	73
261	311	331	58
262	311	335	67
263	312	323	74
264	313	331	37
265	314	335	63
266	314	334	33
267	314	340	46
268	315	332	49
269	316	342	51
270	316	331	54
271	320	349	37
272	320	335	74
273	323	345	36
274	323	338	45
275	323	349	33
276	325	349	61
277	327	347	56
278	328	352	71
279	329	356	51
280	330	349	55
281	331	344	29
282	333	346	26
283	334	358	41
284	334	348	39
285	335	357	43
286	336	359	55
287	336	349	51
288	339	358	51
289	339	352	27
290	341	367	73
291	342	360	72
292	344	367	28
293	348	371	46
294	351	362	60
295	352	376	66
296	353	368	41
297	353	369	34
298	356	374	46
299	356	381	28
300	357	384	33
301	358	385	36
302	360	387	28
303	361	376	72
304	362	388	61
305	363	376	36
306	369	379	54
307	369	382	33
308	371	396	27
309	373	401	60
310	377	404	39
311	381	398	36
312	381	405	30
313	382	396	25
314	382	399	62
315	382	406	74
316	383	393	42
317	383	393	32
318	383	402	55
319	383	395	32
320	384	404	66
321	384	407	34
322	384	406	54
323	385	403	66
324	386	411	55
325	387	413	47
326	388	405	28
327	389	400	39
328	390	403	62
329	391	413	57
330	394	420	48
331	394	416	71
332	394	406	28
333	396	407	31
334	398	427	67
335	399	424	31
336	402	422	72
337	402	424	56
338	404	424	35
339	404	424	37
340	404	418	54
341	404	414	55
342	406	421	57
343	408	427	39
344	408	437	35
345	410	422	63
346	411	428	72
347	413	434	58
348	413	436	54
349	414	432	56
350	414	431	38
351	416	444	33
352	417	444	59
353	418	442	74
354	418	444	64
355	418	437	58
356	419	432	63
357	422	432	35
358	422	432	58
359	422	435	58
360	423	443	59
361	423	445	67
362	424	443	74
363	426	443	40
364	427	449	66
365	428	438	44
366	433	457	31
367	433	451	57
368	434	463	70
369	434	462	44
370	435	449	61
371	437	457	38
372	437	463	38
373	437	454	45
374	442	455	69
375	444	463	52
376	445	473	49
377	446	471	33
378	452	469	31
379	452	469	63
380	454	464	38
381	455	479	53
382	455	475	62
383	457	471	70
384	458	480	32
385	460	470	70
386	462	478	38
387	464	475	43
388	465	488	55
389	467	485	28
390	467	478	62
391	467	482	62
392	469	484	50
393	469	479	37
394	470	488	43
395	472	484	62
396	474	502	40
397	476	489	35
398	476	498	38
399	477	500	37
400	478	495	47
401	478	489	58
402	483	494	42
403	483	494	48
404	484	507	67
405	485	501	52
406	486	497	46
407	490	509	56
408	490	509	65
409	490	518	36
410	491	520	51
411	491	501	56
412	492	519	37
413	492	519	54
414	493	518	32
415	494	512	65
416	498	508	30
417	498	521	34
418	498	508	49
419	500	525	50
420	502	520	25
421	502	513	35
422	504	517	70
423	506	521	27
424	506	525	70
425	506	523	59
426	507	533	58
427	509	527	31
428	509	520	26
429	514	536	34
430	516	531	25
431	516	534	45
432	516	545	52
433	517	528	43
434	519	538	50
435	520	536	34
436	520	547	60
437	521	535	73
438	521	546	31
439	521	545	43
440	521	547	53
441	524	537	63
442	525	537	73
443	526	552	28
444	529	556	30
445	533	546	25
446	533	543	38
447	533	546	60
448	534	552	49
449	538	563	67
450	539	550	70
451	541	562	48
452	541	564	60
453	541	552	26
454	542	555	44
455	543	556	28
456	544	563	61
457	546	559	54
458	547	574	28
459	548	566	48
460	549	568	60
461	550	565	69
462	551	572	32
463	554	580	62
464	554	564	70
465	555	581	55
466	555	574	71
467	556	567	51
468	558	585	71
469	559	574	43
470	561	587	32
471	561	587	48
472	566	583	25
473	566	576	34
474	566	595	61
475	567	585	50
476	568	588	60
477	570	582	44
478	570	595	34
479	571	592	52
480	573	598	67
481	574	593	56
482	574	593	64
483	575	595	28
484	576	604	66
485	578	603	41
486	579	593	50
487	579	601	32
488	580	599	43
489	582	601	71
490	582	593	50
491	583	600	70
492	585	610	60
493	586	597	48
494	587	606	53
495	590	606	63
496	597	622	66
497	597	621	25
498	600	617	40
499	600	622	70
