1000	100	0	0
0	1	28	45
1	2	25	74
2	3	15	49
3	5	22	41
4	5	34	56
5	5	27	70
6	7	30	43
7	7	24	41
8	8	19	31
9	9	31	68
10	10	21	63
11	10	27	71
12	10	24	37
13	14	24	40
14	16	38	69
15	20	42	49
16	23	41	47
17	26	46	72
18	27	56	72
19	27	47	70
20	29	51	25
21	31	50	59
22	32	51	61
23	32	45	48
24	34	51	31
25	37	48	63
26	38	58	71
27	40	59	29
28	40	59	53
29	41	58	52
30	43	63	47
31	43	55	66
32	44	61	45
33	44	69	34
34	45	64	31
35	45	73	46
36	46	63	57
37	47	66	67
38	47	65	28
39	48	71	30
40	49	70	46
41	50	67	33
42	54	77	55
43	55	79	63
44	61	78	52
45	61	72	29
46	62	81	35
47	62	86	61
48	63	89	39
49	63	87	42
50	63	82	26
51	64	83	36
52	66	91	73
53	67	96	26
54	68	78	73
55	68	89	65
56	69	90	68
57	69	80	44
58	70	91	25
59	71	93	39
60	71	83	62
61	72	91	62
62	73	98	57
63	75	89	56
64	75	95	52
65	79	102	59
66	80	96	70
67	82	100	68
68	83	109	63
69	83	95	51
70	84	100	53
71	85	102	67
72	85	106	40
73	86	114	60
74	87	104	39
75	88	114	67
76	88	103	60
77	90	100	73
78	90	100	67
79	91	114	64
80	93	111	48
81	93	104	63
82	99	116	37
83	100	123	45
84	101	126	47
85	101	112	25
86	101	127	69
87	102	115	29
88	103	117	31
89	104	128	57
90	105	130	41
91	108	125	35
92	109	132	57
93	109	137	64
94	111	132	73
95	112	137	64
96	114	135	34
97	114	138	35
98	116	131	45
99	116	127	67
100	119	141	50
101	119	146	63
102	122	138	53
103	123	140	43
104	125	154	59
105	126	151	35
106	127	145	60
107	130	147	37
108	132	158	49
109	135	150	51
110	135	153	57
111	136	160	73
112	139	160	65
113	140	165	27
114	140	168	29
115	141	161	34
116	141	151	72
117	141	155	29
118	142	157	52
119	143	172	39
120	143	164	44
121	143	154	68
122	145	168	43
123	147	173	58
124	147	175	68
125	150	161	51
126	153	174	42
127	154	178	44
128	155	171	52
129	159	188	48
130	160	176	73
131	160	176	26
132	161	177	32
133	161	186	26
134	163	174	34
135	163	177	28
136	164	189	44
137	164	179	29
138	165	193	58
139	165	185	58
140	167	183	40
141	167	191	42
142	167	178	53
143	169	188	54
144	170	197	42
145	170	189	70
146	173	185	40
147	174	200	63
148	177	204	43
149	177	206	29
150	180	198	38
151	183	205	31
152	184	213	38
153	185	212	59
154	187	216	28
155	189	199	58
156	189	215	57
157	190	211	33
158	192	213	65
159	192	208	28
160	193	207	45
161	193	213	31
162	194	220	52
163	194	221	33
164	195	212	64
165	195	214	58
166	197	219	48
167	198	213	57
168	201	223	72
169	202	227	39
170	202	222	35
171	203	216	72
172	205	222	35
173	206	217	30
174	207	222	28
175	208	228	51
176	209	224	41
177	211	223	39
178	212	237	72
179	212	233	31
180	217	241	33
181	217	245	63
182	218	239	50
183	218	231	58
184	218	237	31
185	219	248	54
186	222	248	38
187	222	232	73
188	224	246	65
189	224	244	42
190	225	237	73
191	225	246	42
192	227	237	39
193	227	245	30
194	228	253	74
195	230	249	63
196	234	261	27
197	235	251	26
198	236	256	54
199	237	255	26
200	242	258	32
201	243	261	35
202	243	269	62
203	246	271	41
204	247	269	63
205	248	272	49
206	248	263	40
207	248	267	55
208	249	273	46
209	250	270	41
210	251	272	30
211	252	273	38
212	252	271	37
213	253	267	44
214	257	274	48
215	257	281	53
216	258	282	66
217	260	276	33
218	260	272	58
219	261	279	63
220	261	286	30
221	262	282	34
222	265	293	32
223	265	290	33
224	268	293	36
225	269	293	42
226	271	290	34
227	272	291	68
228	273	284	41
229	274	287	27
230	274	299	46
231	275	286	51
232	277	296	57
233	278	307	70
234	279	296	72
235	279	301	61
236	283	309	74
237	284	308	74
238	284	296	50
239	284	302	66
240	287	301	48
241	288	299	69
242	290	308	39
243	291	308	46
244	292	316	63
245	292	304	25
246	294	323	42
247	296	308	33
248	298	320	51
249	299	317	38
250	299	324	60
251	300	325	36
252	302	330	66
253	302	314	69
254	305	324	52
255	305	317	42
256	305	328	35
257	308	321	26
258	308	320	71
259	311	328	62
260	313	335	50
261	314	340	70
262	314	340	31
263	322	333	52
264	322	334	70
265	322	347	72
266	323	339	64
267	324	352	53
268	325	351	30
269	325	352	32
270	326	343	36
271	327	343	35
272	329	346	60
273	331	345	38
274	332	347	45
275	332	357	35
276	333	343	26
277	335	346	28
278	335	354	28
279	338	351	36
280	339	352	38
281	339	360	67
282	341	370	60
283	342	354	43
284	343	365	28
285	343	371	39
286	344	359	63
287	347	370	67
288	348	366	63
289	349	363	59
290	349	365	35
291	350	368	47
292	350	360	74
293	350	373	47
294	351	367	65
295	352	365	70
296	352	378	34
297	353	374	55
298	354	370	48
299	356	376	39
300	356	385	28
301	356	379	30
302	356	384	26
303	358	374	36
304	359	381	33
305	359	374	40
306	360	372	44
307	361	381	50
308	361	376	33
309	363	381	53
310	364	381	72
311	366	379	46
312	367	391	59
313	367	381	45
314	368	392	61
315	370	391	53
316	371	388	62
317	371	392	51
318	371	389	66
319	373	400	54
320	373	385	51
321	377	393	55
322	377	402	45
323	379	400	66
324	379	397	36
325	381	402	44
326	383	408	50
327	384	406	46
328	387	400	38
329	387	411	34
330	388	401	38
331	388	407	63
332	391	405	44
333	393	409	70
334	394	414	40
335	397	426	55
336	402	421	63
337	404	423	48
338	405	426	66
339	406	427	60
340	408	430	48
341	409	438	68
342	409	435	72
343	410	428	62
344	414	425	50
345	416	443	46
346	417	440	49
347	417	444	66
348	417	435	67
349	418	429	68
350	418	428	40
351	418	428	27
352	420	435	68
353	425	438	54
354	426	454	44
355	426	442	50
356	428	453	67
357	428	453	29
358	429	451	73
359	431	451	27
360	432	460	36
361	433	458	40
362	434	452	71
363	436	449	56
364	437	463	29
365	438	456	54
366	439	458	28
367	441	466	37
368	441	456	55
369	441	453	64
370	442	457	46
371	442	459	29
372	442	460	47
373	443	457	44
374	445	465	28
375	446	473	40
376	449	476	53
377	450	464	27
378	452	475	69
379	453	469	49
380	454	468	50
381	455	466	71
382	456	485	42
383	458	470	58
384	458	481	55
385	459	476	55
386	459	479	67
387	461	477	42
388	461	485	52
389	462	479	62
390	463	490	56
391	465	493	61
392	465	476	43
393	466	476	62
394	466	493	70
395	466	487	48
396	468	488	31
397	469	489	70
398	472	492	28
399	475	489	65
400	476	499	74
401	476	499	61
402	479	490	59
403	480	506	52
404	482	509	44
405	483	497	32
406	483	512	50
407	484	494	72
408	487	512	63
409	487	502	42
410	487	509	61
411	488	507	69
412	490	511	46
413	490	506	44
414	494	509	59
415	494	517	48
416	495	506	38
417	497	522	55
418	497	509	56
419	498	525	73
420	501	519	31
421	504	523	70
422	505	515	47
423	506	534	39
424	506	533	39
425	507	533	59
426	508	519	48
427	510	521	61
428	515	530	33
429	516	534	43
430	518	536	27
431	519	534	73
432	521	550	49
433	521	544	56
434	523	545	51
435	525	543	60
436	526	546	54
437	527	554	49
438	528	543	74
439	529	549	25
440	529	548	34
441	530	553	46
442	531	551	40
443	532	545	55
444	533	557	70
445	533	543	56
446	534	545	61
447	536	559	37
448	537	552	59
449	539	558	45
450	539	567	66
451	540	561	31
452	540	553	32
453	540	567	54
454	543	571	58
455	544	556	60
456	544	573	36
457	544	569	29
458	546	573	30
459	547	571	54
460	549	560	31
461	550	570	38
462	551	569	71
463	551	580	65
464	552	578	70
465	554	574	52
466	559	584	40
467	560	582	72
468	560	589	68
469	560	583	42
470	564	586	34
471	564	589	58
472	568	595	58
473	568	578	69
474	569	589	26
475	570	590	32
476	570	589	63
477	571	599	27
478	573	600	63
479	574	586	31
480	575	592	41
481	575	595	69
482	576	588	71
483	577	603	62
484	577	593	34
485	578	588	64
486	580	600	53
487	580	601	69
488	582	601	56
489	583	598	50
490	585	609	36
491	585	613	29
492	585	596	66
493	589	611	25
494	590	602	32
495	591	615	48
496	591	615	69
497	595	618	29
498	595	610	56
499	596	613	58
500	596	618	62
501	598	626	66
502	598	627	31
503	599	619	27
504	604	623	56
505	606	629	55
506	607	627	30
507	607	629	56
508	608	625	56
509	608	627	49
510	609	623	71
511	609	626	72
512	609	625	60
513	609	636	44
514	610	627	40
515	610	624	51
516	610	626	46
517	611	629	34
518	611	638	57
519	612	633	37
520	612	628	59
521	616	635	27
522	616	642	45
523	617	641	69
524	617	631	59
525	620	635	66
526	624	640	25
527	624	634	64
528	626	653	31
529	626	646	60
530	627	641	74
531	627	643	60
532	629	650	35
533	629	653	67
534	629	645	60
535	630	658	63
536	631	659	56
537	636	659	34
538	638	656	60
539	642	664	36
540	642	666	67
541	644	664	64
542	644	669	60
543	646	668	69
544	647	665	60
545	648	667	66
546	652	678	59
547	654	664	44
548	655	676	25
549	656	668	39
550	657	671	58
551	657	678	57
552	658	673	26
553	658	682	51
554	662	681	42
555	665	677	32
556	665	676	55
557	667	682	64
558	667	686	37
559	668	681	46
560	668	691	43
561	671	698	73
562	672	693	34
563	673	696	61
564	676	699	54
565	677	692	53
566	681	708	32
567	682	696	42
568	684	708	26
569	684	704	60
570	685	706	60
571	686	705	55
572	686	707	52
573	688	700	49
574	688	702	74
575	688	698	60
576	692	708	66
577	693	716	66
578	694	714	40
579	695	712	57
580	695	718	30
581	696	721	55
582	696	718	42
583	697	721	68
584	698	710	53
585	698	718	73
586	698	709	57
587	700	711	31
588	701	719	32
589	701	718	63
590	702	720	63
591	703	727	66
592	703	718	68
593	705	724	72
594	705	722	53
595	705	724	40
596	706	733	71
597	706	728	31
598	706	722	43
599	707	728	71
600	707	730	27
601	707	731	32
602	708	729	64
603	709	728	73
604	710	733	55
605	710	738	63
606	710	727	53
607	711	737	52
608	713	742	59
609	714	725	50
610	717	729	34
611	718	741	29
612	720	747	74
613	724	735	60
614	724	749	59
615	727	738	27
616	729	753	73
617	729	754	39
618	730	758	41
619	730	753	61
620	730	749	52
621	731	751	37
622	734	756	64
623	739	754	46
624	740	751	27
625	741	752	49
626	743	760	71
627	746	758	65
628	748	770	42
629	749	761	34
630	751	767	57
631	752	778	65
632	753	775	63
633	754	772	28
634	755	766	57
635	756	785	47
636	757	781	42
637	757	774	53
638	761	773	31
639	762	780	38
640	764	776	50
641	765	778	54
642	767	786	73
643	769	782	69
644	770	780	57
645	770	796	32
646	770	792	63
647	771	793	51
648	772	787	64
649	772	793	56
650	773	789	49
651	777	801	64
652	778	793	62
653	779	805	62
654	779	790	39
655	779	797	47
656	779	805	40
657	782	796	62
658	784	797	54
659	785	801	70
660	787	805	57
661	787	810	35
662	788	811	60
663	789	815	70
664	789	807	70
665	790	807	29
666	793	810	73
667	795	817	69
668	795	811	35
669	795	821	66
670	796	816	65
671	799	815	43
672	802	826	72
673	802	820	48
674	803	820	48
675	803	818	65
676	803	829	31
677	806	832	67
678	807	823	50
679	814	834	42
680	814	835	43
681	815	828	66
682	815	834	30
683	815	841	58
684	816	835	50
685	818	844	68
686	818	839	46
687	818	843	30
688	822	845	56
689	823	836	32
690	824	850	33
691	825	851	70
692	828	855	39
693	828	850	45
694	829	843	59
695	829	853	70
696	829	842	54
697	830	846	45
698	831	856	71
699	833	843	48
700	834	860	53
701	835	852	45
702	836	861	44
703	837	861	35
704	838	861	62
705	840	864	58
706	840	865	39
707	842	870	31
708	843	862	70
709	844	862	62
710	845	871	42
711	845	864	62
712	849	862	69
713	849	877	42
714	852	877	74
715	852	862	49
716	853	877	39
717	853	864	56
718	853	873	67
719	854	872	43
720	855	881	42
721	859	869	45
722	859	884	55
723	859	879	51
724	860	881	70
725	864	893	55
726	866	890	59
727	867	888	54
728	870	887	41
729	871	887	67
730	871	892	35
731	875	901	26
732	876	893	35
733	877	894	28
734	878	896	34
735	878	898	52
736	879	893	51
737	881	906	27
738	881	895	41
739	884	896	66
740	886	898	69
741	887	909	26
742	887	911	40
743	888	909	59
744	888	906	63
745	888	902	42
746	891	919	60
747	891	906	35
748	891	915	53
749	891	904	50
750	891	909	39
751	894	910	36
752	898	909	59
753	899	921	31
754	900	910	61
755	900	918	34
756	902	914	60
757	902	925	55
758	902	919	37
759	902	918	32
760	907	920	43
761	909	925	40
762	909	929	64
763	909	938	35
764	910	928	55
765	910	921	57
766	910	928	52
767	910	933	45
768	911	928	31
769	912	928	45
770	913	925	39
771	913	939	28
772	915	943	40
773	918	942	38
774	920	938	70
775	921	933	39
776	923	944	73
777	925	949	54
778	927	954	46
779	928	938	50
780	931	953	51
781	931	955	48
782	933	956	54
783	933	946	44
784	934	960	33
785	935	963	73
786	938	949	72
787	939	951	29
788	939	961	59
789	940	968	34
790	941	962	52
791	943	961	72
792	944	972	29
793	946	956	25
794	946	975	51
795	947	976	38
796	948	959	33
797	949	975	65
798	953	966	70
799	953	974	26
800	953	964	63
801	957	967	56
802	958	985	43
803	959	979	26
804	959	988	45
805	960	970	70
806	961	987	30
807	963	976	73
808	964	979	45
809	965	992	52
810	966	982	46
811	966	988	55
812	966	984	71
813	967	987	42
814	967	979	61
815	968	983	28
816	973	997	74
817	974	992	62
818	975	994	40
819	980	993	61
820	982	995	57
821	982	1003	47
822	983	1008	60
823	984	1013	33
824	984	1005	52
825	985	1012	58
826	985	1003	55
827	987	1015	72
828	992	1016	49
829	995	1020	25
830	995	1023	60
831	995	1005	64
832	996	1019	70
833	998	1027	39
834	998	1015	53
835	999	1019	73
836	999	1020	34
837	999	1009	62
838	999	1012	38
839	999	1023	30
840	1001	1014	53
841	1001	1015	73
842	1002	1015	25
843	1003	1018	46
844	1004	1014	30
845	1004	1021	63
846	1005	1032	60
847	1005	1034	68
848	1009	1034	40
849	1010	1039	34
850	1011	1032	50
851	1013	1032	31
852	1015	1043	54
853	1019	1036	41
854	1024	1046	66
855	1024	1040	28
856	1026	1050	33
857	1027	1042	66
858	1027	1045	56
859	1028	1055	34
860	1028	1046	38
861	1030	1045	71
862	1032	1055	49
863	1033	1050	31
864	1035	1050	55
865	1035	1059	30
866	1036	1054	28
867	1037	1054	36
868	1037	1053	59
869	1039	1055	44
870	1039	1063	42
871	1041	1051	57
872	1041	1068	65
873	1041	1062	69
874	1042	1060	70
875	1043	1064	46
876	1044	1070	61
877	1045	1068	50
878	1047	1064	59
879	1049	1076	25
880	1049	1063	43
881	1050	1071	64
882	1052	1070	41
883	1052	1069	67
884	1053	1067	31
885	1054	1076	46
886	1055	1068	67
887	1055	1069	40
888	1056	1081	41
889	1056	1078	29
890	1056	1084	67
891	1057	1077	64
892	1060	1082	49
893	1061	1082	29
894	1061	1071	42
895	1062	1080	25
896	1068	1089	27
897	1069	1086	59
898	1071	1100	59
899	1071	1097	57
900	1072	1101	66
901	1072	1098	38
902	1073	1097	47
903	1074	1084	41
904	1075	1087	74
905	1077	1090	73
906	1078	1088	41
907	1078	1092	62
908	1079	1096	58
909	1081	1102	45
910	1081	1098	69
911	1082	1108	74
912	1084	1111	49
913	1085	1104	49
914	1087	1116	37
915	1089	1100	45
916	1091	1115	30
917	1094	1110	51
918	1094	1120	73
919	1094	1113	65
920	1095	1122	57
921	1095	1107	71
922	1097	1124	74
923	1099	1115	30
924	1101	1128	30
925	1101	1117	55
926	1101	1127	63
927	1102	1126	46
928	1102	1122	55
929	1104	1121	44
930	1106	1117	63
931	1106	1117	43
932	1109	1130	26
933	1110	1136	60
934	1112	1138	26
935	1114	1132	32
936	1115	1143	70
937	1115	1128	30
938	1115	1142	66
939	1116	1135	49
940	1116	1142	41
941	1117	1146	45
942	1119	1130	55
943	1119	1135	28
944	1119	1129	45
945	1121	1132	57
946	1124	1140	35
947	1126	1147	74
948	1127	1153	70
949	1129	1148	69
950	1131	1160	71
951	1131	1154	27
952	1134	1148	38
953	1135	1147	68
954	1135	1161	40
955	1136	1160	62
956	1136	1162	36
957	1137	1147	43
958	1138	1163	58
959	1138	1166	74
960	1141	1161	66
961	1143	1169	42
962	1145	1165	41
963	1147	1174	41
964	1147	1163	64
965	1150	1165	70
966	1151	1170	45
967	1153	1173	26
968	1153	1175	31
969	1157	1182	33
970	1158	1187	29
971	1159	1184	48
972	1163	1179	42
973	1165	1187	32
974	1166	1195	65
975	1167	1181	29
976	1167	1193	43
977	1168	1181	53
978	1169	1186	63
979	1170	1195	31
980	1171	1188	55
981	1175	1201	37
982	1178	1193	73
983	1178	1189	27
984	1181	1198	74
985	1182	1205	39
986	1182	1201	48
987	1183	1199	68
988	1184	1196	41
989	1185	1197	28
990	1187	1207	29
991	1188	1214	65
992	1188	1201	58
993	1189	1211	58
994	1192	1217	60
995	1193	1210	69
996	1193	1222	69
997	1199	1227	48
998	1199	1223	29
999	1200	1211	25
