516	100	0	0
0	1	3	33
1	1	7	43
2	1	4	98
3	1	12	82
4	1	6	45
5	1	7	12
6	1	7	53
7	1	3	44
8	1	3	39
9	1	35	53
10	1	3	24
11	1	4	46
12	1	2	85
13	1	3	40
14	1	4	51
15	1	4	87
16	1	5	81
17	1	7	66
18	1	3	85
19	1	2	80
20	1	9	62
21	1	2	36
22	1	2	42
23	1	8	76
24	1	14	99
25	1	4	32
26	1	5	11
27	1	3	66
28	1	5	56
29	1	7	20
30	2	7	62
31	2	7	69
32	2	5	96
33	2	3	93
34	3	7	100
35	3	38	83
36	3	13	77
37	3	4	80
38	3	10	74
39	3	4	84
40	3	12	82
41	3	10	86
42	4	6	63
43	4	10	29
44	4	5	89
45	4	5	36
46	4	8	39
47	4	6	41
48	4	17	22
49	5	8	55
50	5	8	64
51	5	6	25
52	5	13	61
53	5	11	51
54	5	14	16
55	6	13	97
56	6	7	77
57	6	11	25
58	6	16	91
59	7	11	16
60	7	10	31
61	7	9	47
62	7	21	85
63	7	15	100
64	7	17	90
65	7	19	99
66	7	19	31
67	7	10	62
68	8	9	15
69	8	11	82
70	8	11	38
71	8	10	63
72	9	10	24
73	9	23	28
74	9	16	91
75	10	12	58
76	10	12	16
77	10	11	61
78	10	13	64
79	10	22	59
80	10	22	30
81	10	13	10
82	11	12	71
83	11	12	15
84	11	12	33
85	11	13	35
86	11	14	58
87	11	12	50
88	12	13	44
89	12	17	51
90	12	19	97
91	12	15	25
92	12	20	30
93	12	17	91
94	12	25	30
95	12	21	46
96	13	20	16
97	13	18	73
98	13	16	93
99	13	21	63
100	13	14	67
101	13	16	79
102	13	14	98
103	14	16	44
104	14	16	26
105	14	21	60
106	14	15	97
107	14	17	77
108	15	29	76
109	15	16	84
110	15	22	90
111	16	20	16
112	16	20	93
113	16	24	20
114	16	22	32
115	16	21	71
116	16	22	89
117	16	17	31
118	17	18	35
119	17	18	84
120	17	21	69
121	17	21	41
122	17	22	60
123	17	20	32
124	18	33	99
125	18	22	99
126	18	24	56
127	19	28	55
128	19	25	39
129	19	23	99
130	20	22	30
131	20	26	90
132	20	21	93
133	20	24	18
134	20	24	32
135	21	23	12
136	21	23	96
137	21	23	91
138	21	24	99
139	21	34	11
140	21	30	45
141	21	33	39
142	21	22	78
143	22	27	81
144	22	26	22
145	22	26	88
146	22	24	56
147	22	25	34
148	22	30	91
149	22	25	90
150	22	23	91
151	22	26	95
152	23	35	64
153	23	31	68
154	23	25	75
155	23	26	60
156	23	26	83
157	23	30	23
158	24	31	35
159	24	27	26
160	24	25	53
161	24	25	91
162	24	25	29
163	24	25	97
164	25	27	30
165	25	26	41
166	25	36	77
167	25	28	39
168	25	27	30
169	25	26	30
170	25	36	28
171	25	26	67
172	25	36	35
173	26	28	83
174	26	27	17
175	26	27	45
176	26	34	69
177	26	29	32
178	26	28	60
179	26	35	32
180	26	28	69
181	26	30	67
182	27	31	27
183	27	29	51
184	27	39	100
185	27	28	56
186	27	28	60
187	27	34	41
188	28	48	21
189	28	29	15
190	28	32	31
191	28	32	25
192	28	29	48
193	28	32	51
194	28	53	17
195	29	31	87
196	29	30	15
197	29	33	13
198	29	36	28
199	29	32	95
200	30	31	92
201	30	35	60
202	30	40	77
203	30	34	96
204	30	35	88
205	31	41	76
206	31	32	35
207	31	32	76
208	31	32	60
209	31	33	27
210	32	34	62
211	32	35	79
212	32	37	71
213	32	33	17
214	32	41	76
215	32	35	36
216	32	33	71
217	33	34	84
218	33	37	26
219	33	35	90
220	33	34	40
221	33	38	26
222	33	35	92
223	34	38	33
224	34	39	26
225	34	37	66
226	34	49	97
227	34	41	13
228	34	46	86
229	34	36	69
230	35	41	22
231	35	36	69
232	35	36	95
233	35	36	97
234	35	38	69
235	35	40	18
236	35	37	65
237	35	40	69
238	35	40	13
239	36	43	50
240	36	38	66
241	36	38	90
242	36	43	69
243	36	39	15
244	36	38	30
245	36	52	78
246	36	38	16
247	37	38	28
248	37	39	73
249	37	41	78
250	37	44	88
251	38	39	46
252	38	39	95
253	38	46	94
254	38	45	10
255	38	41	24
256	38	50	52
257	38	42	54
258	38	41	13
259	38	47	70
260	39	41	84
261	39	45	73
262	39	40	43
263	39	42	37
264	39	45	30
265	39	42	43
266	40	41	22
267	40	48	44
268	40	45	84
269	40	45	95
270	40	47	19
271	41	43	50
272	41	45	72
273	41	43	34
274	41	43	92
275	41	56	61
276	41	45	78
277	41	45	17
278	41	43	98
279	41	44	86
280	42	43	92
281	42	43	25
282	42	53	76
283	43	44	34
284	43	46	23
285	43	50	96
286	43	51	22
287	43	48	71
288	43	46	38
289	43	44	20
290	43	45	43
291	44	47	94
292	44	47	45
293	44	49	76
294	44	48	47
295	45	46	71
296	45	47	59
297	45	50	85
298	45	46	34
299	45	47	13
300	45	51	91
301	45	52	31
302	45	47	11
303	45	49	44
304	46	59	80
305	46	47	38
306	46	52	63
307	46	47	39
308	46	48	64
309	46	52	69
310	47	48	13
311	47	54	12
312	47	50	25
313	47	59	24
314	47	52	81
315	47	64	74
316	47	50	45
317	47	50	68
318	47	48	93
319	48	58	58
320	48	60	64
321	48	49	41
322	48	51	15
323	48	53	32
324	48	55	18
325	48	58	26
326	49	50	94
327	49	52	50
328	49	59	97
329	49	50	46
330	50	52	38
331	50	55	46
332	50	55	26
333	50	51	99
334	50	54	47
335	50	57	18
336	50	54	68
337	50	54	99
338	51	55	69
339	51	54	73
340	51	52	20
341	51	52	11
342	52	59	97
343	52	58	59
344	52	65	39
345	52	55	87
346	52	53	33
347	52	61	92
348	52	55	23
349	52	57	62
350	52	53	14
351	53	68	57
352	53	56	17
353	53	55	38
354	53	54	48
355	53	62	85
356	54	59	21
357	54	55	74
358	54	55	56
359	54	60	45
360	54	61	24
361	54	58	12
362	55	63	34
363	55	75	79
364	55	63	27
365	55	65	78
366	55	69	94
367	55	56	35
368	55	57	32
369	55	57	57
370	55	56	57
371	56	60	98
372	56	60	85
373	56	58	61
374	56	57	34
375	57	61	19
376	57	60	40
377	57	58	100
378	57	65	30
379	57	59	26
380	58	70	70
381	58	67	41
382	58	63	32
383	58	60	42
384	58	60	78
385	58	59	12
386	59	61	52
387	59	65	92
388	59	64	13
389	59	69	76
390	59	64	91
391	59	65	33
392	59	63	22
393	60	62	86
394	60	62	47
395	60	68	36
396	60	61	27
397	60	67	16
398	60	64	38
399	60	61	83
400	61	65	53
401	61	74	73
402	61	66	14
403	61	66	49
404	61	67	19
405	61	68	94
406	62	66	67
407	62	67	61
408	62	68	14
409	63	68	89
410	63	64	10
411	63	69	76
412	63	66	55
413	64	68	37
414	64	76	11
415	64	73	94
416	64	67	57
417	64	67	51
418	65	69	40
419	65	70	79
420	65	66	30
421	65	75	83
422	65	66	72
423	65	76	94
424	66	82	85
425	66	78	75
426	66	70	76
427	66	71	36
428	66	69	71
429	66	70	49
430	67	77	24
431	67	75	36
432	67	68	30
433	67	69	72
434	67	72	55
435	67	74	37
436	68	69	27
437	68	82	56
438	68	71	72
439	68	69	62
440	68	75	48
441	68	70	41
442	68	72	62
443	69	71	13
444	69	70	10
445	69	88	15
446	69	71	10
447	69	73	89
448	69	71	37
449	69	77	74
450	69	74	30
451	70	75	76
452	70	75	94
453	70	73	51
454	70	74	59
455	70	73	99
456	70	71	14
457	71	72	80
458	71	74	54
459	71	75	18
460	71	73	94
461	71	75	34
462	71	83	98
463	72	73	70
464	72	92	45
465	72	74	47
466	73	89	15
467	73	76	92
468	73	76	66
469	73	89	12
470	73	76	25
471	73	77	99
472	74	82	36
473	74	76	48
474	74	76	18
475	74	78	20
476	74	85	51
477	74	89	24
478	75	78	90
479	75	77	99
480	75	77	86
481	75	78	76
482	75	77	25
483	75	80	11
484	75	76	69
485	75	85	16
486	76	82	15
487	76	85	44
488	76	84	77
489	76	80	99
490	76	78	88
491	76	77	92
492	76	85	49
493	76	77	31
494	77	82	66
495	77	79	61
496	77	83	95
497	77	78	90
498	77	78	85
499	77	79	46
500	77	79	77
501	77	81	75
502	78	90	68
503	78	80	56
504	78	84	58
505	78	84	28
506	78	81	75
507	78	81	43
508	78	80	37
509	79	82	20
510	79	83	36
511	79	83	23
512	80	82	29
513	80	87	53
514	80	86	53
515	80	85	87
