1101	100	0	0
0	1	2	47
1	1	2	17
2	1	3	46
3	1	10	50
4	1	2	38
5	1	2	94
6	1	4	78
7	1	3	46
8	1	3	14
9	1	6	71
10	1	2	88
11	1	2	94
12	1	8	47
13	1	6	28
14	1	3	23
15	1	6	72
16	1	7	60
17	1	7	90
18	1	5	76
19	1	3	92
20	1	3	76
21	1	3	53
22	1	2	23
23	1	2	46
24	1	5	65
25	1	4	74
26	1	15	88
27	1	2	78
28	1	5	67
29	1	8	57
30	2	3	46
31	2	5	83
32	2	4	15
33	2	13	25
34	2	21	58
35	2	5	90
36	2	4	11
37	2	5	75
38	2	5	41
39	3	6	83
40	3	8	31
41	3	4	27
42	3	8	98
43	3	14	69
44	3	6	64
45	3	4	85
46	3	16	86
47	4	8	84
48	4	5	77
49	4	6	70
50	4	6	74
51	4	18	13
52	4	8	27
53	5	6	29
54	5	9	57
55	5	6	26
56	5	10	57
57	5	25	51
58	5	7	84
59	5	15	16
60	5	8	31
61	6	12	54
62	6	9	36
63	6	7	88
64	6	8	80
65	6	9	43
66	6	8	16
67	6	7	76
68	6	9	89
69	6	7	83
70	7	15	97
71	7	9	63
72	7	15	21
73	7	10	20
74	7	10	89
75	7	11	71
76	8	9	42
77	8	10	85
78	8	10	59
79	8	14	79
80	8	11	49
81	8	11	56
82	8	9	16
83	8	9	47
84	8	15	67
85	9	24	59
86	9	16	22
87	9	16	35
88	9	13	11
89	9	15	16
90	9	10	23
91	9	13	72
92	9	20	49
93	10	15	59
94	10	11	98
95	10	15	25
96	10	11	51
97	10	12	64
98	10	11	22
99	10	11	56
100	11	17	46
101	11	16	81
102	11	16	15
103	11	27	77
104	11	16	64
105	11	12	50
106	11	18	78
107	12	13	32
108	12	14	96
109	12	14	69
110	13	14	85
111	13	14	33
112	13	14	68
113	13	14	43
114	14	19	20
115	14	17	22
116	14	16	43
117	14	16	100
118	14	28	78
119	14	16	68
120	14	17	21
121	14	15	71
122	15	17	99
123	15	19	95
124	15	30	76
125	15	27	32
126	15	21	14
127	15	29	42
128	15	23	11
129	15	25	85
130	15	17	89
131	16	20	47
132	16	17	92
133	16	25	13
134	16	20	49
135	16	18	91
136	16	18	58
137	16	19	34
138	16	22	64
139	16	20	63
140	17	21	81
141	17	23	79
142	17	20	47
143	17	25	21
144	17	18	14
145	17	18	38
146	18	20	83
147	18	19	73
148	18	26	81
149	18	20	98
150	18	23	77
151	18	19	85
152	19	22	66
153	19	23	26
154	19	21	56
155	19	21	25
156	19	22	49
157	20	34	10
158	20	25	30
159	20	27	47
160	20	33	43
161	20	22	25
162	20	22	42
163	20	23	72
164	21	22	86
165	21	23	25
166	21	34	66
167	21	25	88
168	21	23	84
169	22	28	56
170	22	30	80
171	22	24	95
172	22	24	31
173	22	29	82
174	22	24	86
175	23	35	21
176	23	25	85
177	23	26	37
178	23	40	44
179	23	25	24
180	23	26	43
181	23	30	20
182	24	30	11
183	24	28	80
184	24	28	51
185	24	25	67
186	25	28	78
187	25	27	60
188	25	33	96
189	25	27	43
190	25	31	20
191	25	31	88
192	25	39	49
193	25	38	70
194	25	27	86
195	26	31	56
196	26	30	70
197	26	28	78
198	27	29	40
199	27	30	51
200	27	31	46
201	27	28	32
202	27	28	32
203	27	36	72
204	28	29	73
205	28	34	22
206	28	40	86
207	28	31	13
208	28	31	63
209	28	30	46
210	28	31	99
211	28	32	12
212	29	41	48
213	29	32	92
214	29	31	14
215	29	30	20
216	30	44	53
217	30	34	20
218	30	34	100
219	30	39	47
220	30	39	81
221	30	33	86
222	30	31	41
223	30	36	64
224	31	35	95
225	31	35	23
226	31	48	47
227	31	34	31
228	31	32	62
229	31	34	20
230	31	36	21
231	31	52	39
232	31	35	19
233	32	33	46
234	32	35	24
235	32	36	100
236	33	35	66
237	33	42	47
238	33	35	99
239	33	43	68
240	34	40	48
241	34	39	68
242	34	37	85
243	34	37	36
244	34	36	42
245	34	35	90
246	34	41	64
247	35	37	74
248	35	38	67
249	35	36	64
250	35	36	35
251	35	47	12
252	35	39	23
253	35	40	99
254	35	40	64
255	36	37	48
256	36	39	99
257	36	51	87
258	36	38	30
259	36	43	30
260	36	38	23
261	36	38	92
262	37	40	81
263	37	42	34
264	37	40	88
265	37	44	21
266	38	39	83
267	38	41	25
268	38	43	39
269	38	39	18
270	38	44	96
271	39	51	60
272	39	40	19
273	39	41	12
274	39	49	85
275	39	50	49
276	39	48	60
277	39	41	51
278	39	42	26
279	40	49	35
280	40	42	81
281	40	50	99
282	40	44	79
283	40	50	58
284	40	54	60
285	40	44	44
286	40	41	49
287	41	45	98
288	41	44	43
289	41	43	66
290	41	46	42
291	41	46	60
292	41	49	66
293	42	46	68
294	42	46	79
295	42	43	20
296	42	43	62
297	43	45	42
298	43	46	23
299	43	60	51
300	43	44	34
301	43	51	74
302	43	49	48
303	44	57	74
304	44	50	59
305	44	46	54
306	44	46	41
307	44	45	60
308	44	49	54
309	44	47	24
310	45	47	62
311	45	48	57
312	45	56	80
313	46	52	55
314	46	52	64
315	46	48	44
316	46	55	38
317	46	48	46
318	46	50	57
319	46	47	20
320	47	51	95
321	47	50	63
322	47	52	98
323	47	49	62
324	48	53	63
325	48	63	83
326	48	51	88
327	48	49	61
328	48	49	19
329	49	51	16
330	49	54	55
331	49	53	23
332	49	50	78
333	49	50	77
334	49	71	93
335	49	50	84
336	49	58	73
337	50	61	27
338	50	57	53
339	50	52	13
340	50	55	55
341	50	52	71
342	50	52	30
343	50	57	47
344	50	54	61
345	50	58	13
346	51	53	88
347	51	52	74
348	51	56	94
349	51	59	60
350	51	63	63
351	51	52	64
352	52	53	63
353	52	58	79
354	52	53	32
355	52	57	68
356	52	53	29
357	52	65	100
358	52	53	67
359	52	53	51
360	52	61	41
361	53	54	45
362	53	56	90
363	53	54	48
364	53	57	32
365	53	57	75
366	53	55	18
367	53	60	69
368	53	56	46
369	54	59	100
370	54	55	32
371	54	60	23
372	54	59	88
373	54	58	42
374	55	56	98
375	55	59	60
376	55	57	10
377	55	56	62
378	56	57	80
379	56	78	83
380	56	62	73
381	56	68	54
382	56	67	22
383	56	74	27
384	57	58	41
385	57	59	12
386	57	72	48
387	57	59	87
388	57	66	99
389	57	66	63
390	57	59	72
391	57	62	54
392	58	59	25
393	58	65	35
394	58	64	43
395	58	59	68
396	58	62	24
397	59	62	30
398	59	60	77
399	59	66	93
400	59	62	63
401	59	60	15
402	59	66	93
403	59	73	19
404	59	62	26
405	59	60	73
406	60	61	43
407	60	63	69
408	60	64	97
409	60	69	35
410	60	61	57
411	60	62	99
412	61	65	97
413	61	66	73
414	61	72	100
415	61	62	67
416	62	63	93
417	62	67	62
418	62	79	46
419	62	66	59
420	62	64	41
421	62	73	19
422	62	64	85
423	62	72	56
424	63	65	52
425	63	73	71
426	63	74	40
427	63	69	17
428	64	74	77
429	64	66	72
430	64	68	42
431	64	69	51
432	65	74	19
433	65	67	41
434	65	67	64
435	65	66	25
436	66	75	67
437	66	69	40
438	66	67	15
439	66	69	71
440	66	67	42
441	66	67	11
442	66	73	22
443	66	71	56
444	67	84	36
445	67	72	60
446	67	69	60
447	67	71	73
448	67	68	39
449	67	69	35
450	67	70	57
451	68	71	16
452	68	79	63
453	68	74	28
454	69	70	56
455	69	70	21
456	69	72	26
457	69	73	76
458	69	75	70
459	69	73	96
460	69	70	56
461	70	83	71
462	70	73	67
463	70	71	100
464	70	74	84
465	71	75	77
466	71	87	43
467	71	77	62
468	71	73	85
469	71	72	78
470	72	78	73
471	72	77	24
472	72	81	16
473	72	77	82
474	72	76	82
475	72	74	58
476	73	79	94
477	73	74	77
478	73	74	69
479	73	78	30
480	73	76	44
481	73	80	31
482	73	78	81
483	73	82	57
484	74	81	25
485	74	75	37
486	74	89	51
487	74	77	33
488	74	78	30
489	74	76	45
490	74	80	76
491	74	77	61
492	74	79	84
493	75	76	68
494	75	76	30
495	75	76	43
496	75	77	74
497	76	78	51
498	76	79	57
499	76	83	78
500	76	78	97
501	76	81	46
502	76	95	96
503	77	98	14
504	77	80	13
505	77	78	85
506	77	90	75
507	77	85	56
508	77	78	33
509	78	81	68
510	78	80	90
511	78	79	83
512	78	79	100
513	78	85	55
514	78	81	49
515	78	79	41
516	78	80	54
517	78	79	89
518	79	82	43
519	79	85	65
520	79	80	42
521	79	81	66
522	79	80	48
523	79	90	16
524	79	82	16
525	79	82	22
526	79	82	71
527	80	93	28
528	80	81	62
529	80	94	54
530	80	84	97
531	80	81	77
532	80	82	51
533	80	91	88
534	81	92	40
535	81	83	17
536	81	83	21
537	81	87	87
538	81	88	93
539	81	84	53
540	81	85	75
541	81	82	94
542	82	85	88
543	82	85	42
544	82	92	17
545	82	84	93
546	82	83	67
547	82	87	74
548	82	91	89
549	83	86	66
550	83	84	81
551	83	85	95
552	83	116	61
553	83	90	58
554	84	86	21
555	84	85	90
556	84	93	76
557	84	88	74
558	84	99	82
559	85	91	49
560	85	87	39
561	85	86	72
562	85	88	17
563	85	90	100
564	85	87	86
565	85	86	64
566	85	89	67
567	86	92	11
568	86	95	33
569	86	89	17
570	86	90	63
571	87	89	93
572	87	88	79
573	87	88	98
574	87	93	28
575	87	90	69
576	88	90	53
577	88	91	74
578	88	89	43
579	88	91	82
580	88	90	77
581	89	96	84
582	89	90	40
583	89	103	20
584	89	100	82
585	89	93	20
586	90	92	83
587	90	91	29
588	90	94	11
589	90	93	93
590	90	94	14
591	90	93	72
592	90	98	93
593	90	94	29
594	90	93	88
595	91	99	67
596	91	95	44
597	91	93	25
598	91	92	51
599	91	95	54
600	91	93	30
601	92	94	58
602	92	108	86
603	92	97	95
604	92	95	70
605	92	94	35
606	93	98	66
607	93	98	42
608	93	111	25
609	93	112	74
610	93	94	92
611	93	100	19
612	93	97	57
613	93	98	18
614	93	94	77
615	94	101	74
616	94	100	81
617	94	95	43
618	94	103	78
619	94	96	38
620	94	95	44
621	94	95	21
622	94	96	33
623	95	103	76
624	95	102	24
625	95	96	11
626	95	98	48
627	95	96	10
628	95	100	57
629	95	101	22
630	95	102	45
631	96	101	50
632	96	115	97
633	96	97	22
634	96	97	91
635	96	99	85
636	97	105	90
637	97	98	55
638	97	104	67
639	97	101	31
640	98	102	100
641	98	100	15
642	98	99	45
643	98	99	72
644	98	99	65
645	98	100	100
646	98	101	66
647	99	102	64
648	99	100	59
649	99	101	36
650	99	104	95
651	99	100	46
652	99	108	38
653	100	103	91
654	100	103	89
655	100	104	50
656	100	102	12
657	100	101	25
658	100	103	12
659	100	105	48
660	100	102	65
661	101	104	92
662	101	102	16
663	101	106	57
664	101	102	48
665	101	104	94
666	101	111	84
667	101	105	10
668	102	105	88
669	102	108	12
670	102	107	12
671	102	105	28
672	102	110	86
673	102	108	81
674	102	107	94
675	102	103	86
676	103	105	43
677	103	104	14
678	103	110	64
679	103	104	59
680	103	108	84
681	103	104	99
682	103	110	62
683	104	118	91
684	104	106	19
685	104	112	86
686	104	121	67
687	104	114	55
688	104	108	40
689	104	109	67
690	104	106	80
691	105	106	98
692	105	106	100
693	105	114	100
694	105	109	31
695	105	107	63
696	105	108	42
697	106	110	93
698	106	107	79
699	106	114	60
700	106	107	90
701	106	109	49
702	107	113	48
703	107	110	88
704	107	132	60
705	107	108	86
706	107	108	69
707	108	110	97
708	108	115	17
709	108	115	66
710	108	113	37
711	108	111	47
712	108	111	76
713	108	114	41
714	108	109	91
715	108	109	85
716	109	113	22
717	109	112	42
718	109	119	30
719	109	120	74
720	109	111	96
721	110	111	52
722	110	112	79
723	110	119	23
724	110	114	28
725	110	111	10
726	110	117	50
727	111	121	34
728	111	112	84
729	111	115	20
730	111	113	91
731	111	112	83
732	111	113	35
733	111	124	38
734	112	117	42
735	112	120	14
736	112	118	20
737	112	131	23
738	112	113	70
739	112	114	26
740	113	119	37
741	113	114	48
742	113	114	51
743	113	117	80
744	113	115	99
745	113	118	45
746	114	117	93
747	114	115	76
748	114	117	91
749	114	117	15
750	114	124	33
751	114	116	91
752	114	116	90
753	114	132	66
754	115	116	20
755	115	127	12
756	115	117	64
757	115	122	52
758	115	130	43
759	115	141	57
760	116	124	69
761	116	117	62
762	116	117	41
763	116	120	19
764	117	120	68
765	117	121	11
766	117	122	56
767	117	119	58
768	117	119	44
769	117	123	95
770	117	119	27
771	117	121	84
772	117	118	48
773	118	123	85
774	118	120	63
775	118	125	57
776	118	122	59
777	119	123	33
778	119	121	91
779	119	123	73
780	119	122	70
781	119	121	50
782	119	120	38
783	120	124	66
784	120	122	100
785	120	121	34
786	120	121	15
787	120	123	11
788	120	121	49
789	121	124	81
790	121	123	65
791	121	122	97
792	121	125	76
793	121	123	36
794	121	122	37
795	121	122	57
796	121	124	35
797	121	122	24
798	122	138	66
799	122	123	14
800	122	126	30
801	122	125	15
802	122	131	41
803	122	123	25
804	122	126	72
805	122	134	51
806	122	124	39
807	123	125	44
808	123	124	37
809	123	134	93
810	123	134	85
811	123	142	10
812	123	128	92
813	123	142	12
814	123	125	99
815	123	124	92
816	124	125	11
817	124	125	25
818	124	126	77
819	124	131	34
820	124	132	31
821	124	128	56
822	124	125	88
823	124	125	44
824	124	127	90
825	125	127	38
826	125	132	82
827	125	129	55
828	125	129	56
829	125	135	27
830	125	130	26
831	125	130	44
832	125	131	55
833	125	126	68
834	126	127	33
835	126	128	51
836	126	133	64
837	126	132	78
838	127	131	52
839	127	129	16
840	127	130	20
841	127	129	38
842	128	129	91
843	128	135	96
844	128	133	13
845	129	131	28
846	129	134	22
847	129	133	34
848	129	132	17
849	129	140	62
850	130	144	22
851	130	131	20
852	130	136	42
853	130	135	29
854	131	135	77
855	131	133	62
856	131	139	17
857	131	136	66
858	131	142	10
859	131	138	34
860	131	132	78
861	132	134	75
862	132	146	93
863	132	133	42
864	132	136	27
865	132	133	65
866	132	134	12
867	132	137	92
868	133	140	55
869	133	150	33
870	133	134	53
871	133	134	48
872	133	135	91
873	133	140	54
874	134	136	35
875	134	135	79
876	134	144	39
877	134	137	72
878	134	139	25
879	134	142	70
880	134	141	87
881	134	140	41
882	135	145	67
883	135	147	83
884	135	138	24
885	135	139	41
886	135	136	85
887	135	137	39
888	136	140	25
889	136	145	27
890	136	137	23
891	136	145	12
892	136	140	53
893	137	151	26
894	137	141	56
895	137	144	62
896	137	138	21
897	138	145	94
898	138	148	90
899	138	139	91
900	138	146	81
901	139	140	50
902	139	143	23
903	139	148	31
904	139	141	54
905	140	152	55
906	140	148	31
907	140	141	87
908	140	148	34
909	140	142	79
910	140	141	89
911	140	142	82
912	141	145	42
913	141	151	68
914	141	146	21
915	141	146	61
916	141	144	16
917	141	144	54
918	142	143	95
919	142	144	42
920	142	149	11
921	142	144	19
922	142	151	39
923	142	143	25
924	143	148	12
925	143	145	27
926	143	148	57
927	144	147	13
928	144	152	29
929	144	145	82
930	144	145	95
931	144	145	62
932	144	151	91
933	144	165	91
934	145	149	11
935	145	146	31
936	145	146	90
937	145	146	35
938	145	147	71
939	145	155	35
940	145	150	29
941	145	150	24
942	145	148	85
943	146	154	40
944	146	148	56
945	146	147	40
946	146	151	94
947	146	159	78
948	146	147	50
949	146	149	18
950	147	152	59
951	147	154	57
952	147	150	67
953	147	148	46
954	147	152	68
955	148	151	82
956	148	154	74
957	148	156	20
958	148	150	66
959	148	149	33
960	148	156	36
961	148	150	25
962	148	152	31
963	148	158	32
964	149	152	23
965	149	150	19
966	149	154	74
967	149	164	23
968	150	153	95
969	150	155	99
970	150	171	88
971	150	151	49
972	150	155	63
973	150	153	42
974	150	151	76
975	151	158	34
976	151	156	18
977	151	156	54
978	151	152	19
979	151	159	61
980	151	152	75
981	151	162	78
982	151	169	36
983	152	154	51
984	152	153	84
985	152	158	10
986	152	155	29
987	152	153	30
988	152	153	12
989	152	154	60
990	152	156	50
991	153	164	24
992	153	155	41
993	153	158	90
994	153	154	14
995	153	155	30
996	154	157	98
997	154	162	53
998	154	159	97
999	154	156	83
1000	154	155	52
1001	154	164	60
1002	154	155	91
1003	155	156	61
1004	155	172	77
1005	155	172	80
1006	155	156	23
1007	155	156	24
1008	155	158	12
1009	155	157	22
1010	155	157	80
1011	156	159	36
1012	156	159	33
1013	156	159	92
1014	156	162	95
1015	156	164	94
1016	156	157	45
1017	156	159	96
1018	156	163	33
1019	156	160	85
1020	157	170	43
1021	157	159	13
1022	157	158	63
1023	157	158	56
1024	158	161	29
1025	158	159	25
1026	158	162	49
1027	158	163	82
1028	158	160	87
1029	158	165	81
1030	158	163	42
1031	159	161	91
1032	159	165	48
1033	159	160	97
1034	159	160	95
1035	159	162	91
1036	159	160	17
1037	159	161	93
1038	159	166	74
1039	159	162	85
1040	160	161	33
1041	160	163	43
1042	160	161	28
1043	160	163	23
1044	160	167	46
1045	161	166	23
1046	161	164	10
1047	161	165	87
1048	161	167	48
1049	161	163	39
1050	162	165	94
1051	162	164	77
1052	162	174	17
1053	162	165	18
1054	162	168	80
1055	162	163	14
1056	163	173	81
1057	163	170	14
1058	163	165	63
1059	163	165	20
1060	163	164	98
1061	163	167	32
1062	163	167	61
1063	164	180	34
1064	164	170	73
1065	164	166	38
1066	164	175	26
1067	164	174	78
1068	164	165	99
1069	164	176	53
1070	165	178	22
1071	165	168	21
1072	165	167	73
1073	165	168	12
1074	165	174	47
1075	165	173	52
1076	165	168	71
1077	165	167	84
1078	165	166	26
1079	166	169	82
1080	166	172	69
1081	166	176	17
1082	166	174	36
1083	167	183	39
1084	167	181	58
1085	167	172	25
1086	167	178	65
1087	167	168	52
1088	167	168	100
1089	168	175	45
1090	168	173	68
1091	168	175	53
1092	168	171	91
1093	168	169	66
1094	168	171	25
1095	169	187	66
1096	169	173	23
1097	169	176	56
1098	170	171	71
1099	170	171	41
1100	170	179	86
