1020	100	0	0
0	1	2	54
1	1	4	66
2	1	3	53
3	1	2	46
4	1	8	71
5	1	5	83
6	1	4	89
7	1	10	96
8	1	2	53
9	1	4	93
10	1	3	47
11	1	4	71
12	1	4	77
13	1	2	79
14	1	3	84
15	1	9	32
16	1	15	59
17	1	2	88
18	1	6	11
19	1	2	51
20	1	15	21
21	1	4	47
22	1	3	80
23	1	2	19
24	1	7	90
25	1	2	60
26	1	2	59
27	1	2	31
28	1	6	65
29	1	9	21
30	1	3	31
31	1	6	33
32	1	5	76
33	2	3	69
34	2	11	20
35	2	3	48
36	2	6	91
37	2	10	76
38	2	8	43
39	2	9	68
40	3	4	88
41	3	14	86
42	3	5	95
43	3	4	87
44	3	6	22
45	3	9	47
46	3	4	55
47	4	5	38
48	4	8	90
49	4	12	58
50	4	6	20
51	4	10	87
52	4	7	52
53	4	11	67
54	4	18	82
55	4	7	40
56	4	10	87
57	4	5	97
58	4	9	68
59	4	7	50
60	5	9	51
61	5	7	10
62	5	14	52
63	5	10	93
64	5	7	87
65	5	6	26
66	6	12	60
67	7	10	25
68	7	12	72
69	7	8	14
70	7	9	54
71	7	8	23
72	8	11	49
73	8	16	28
74	8	11	82
75	8	19	29
76	8	11	12
77	8	9	78
78	8	11	22
79	8	22	51
80	8	13	90
81	8	11	64
82	8	9	43
83	9	11	45
84	9	17	59
85	9	21	36
86	9	10	24
87	9	10	31
88	9	18	45
89	9	13	24
90	10	24	13
91	11	13	91
92	11	13	52
93	11	12	48
94	11	13	81
95	11	15	91
96	11	14	56
97	11	13	20
98	11	20	74
99	11	19	70
100	11	17	37
101	11	17	95
102	11	15	77
103	12	17	12
104	12	14	81
105	12	15	78
106	12	20	11
107	12	23	15
108	12	26	78
109	12	13	31
110	13	16	18
111	13	15	33
112	13	21	46
113	13	18	17
114	13	15	86
115	13	21	36
116	13	19	60
117	14	15	79
118	14	15	45
119	14	31	38
120	14	15	17
121	15	19	19
122	15	17	89
123	15	16	84
124	15	17	93
125	15	16	72
126	15	16	78
127	15	29	99
128	16	20	55
129	16	24	37
130	17	18	62
131	17	22	98
132	17	32	14
133	17	24	92
134	17	18	67
135	17	20	100
136	17	23	90
137	17	21	57
138	17	22	72
139	18	23	53
140	18	26	58
141	18	24	35
142	18	28	96
143	18	20	50
144	19	20	25
145	19	20	79
146	19	29	73
147	19	20	61
148	20	28	91
149	20	28	62
150	20	38	19
151	20	21	37
152	20	31	97
153	20	23	63
154	20	21	100
155	20	21	47
156	20	27	15
157	20	23	24
158	20	22	91
159	20	21	75
160	21	24	70
161	22	27	76
162	22	26	33
163	22	25	37
164	22	23	25
165	23	31	36
166	23	28	71
167	23	25	73
168	23	32	46
169	23	25	32
170	23	29	68
171	23	33	54
172	23	27	60
173	23	24	34
174	24	35	33
175	24	35	71
176	24	39	88
177	24	30	69
178	25	26	75
179	25	26	55
180	26	28	70
181	26	30	94
182	26	40	70
183	26	28	88
184	26	27	64
185	26	30	67
186	26	27	66
187	26	36	75
188	26	28	24
189	27	29	29
190	27	30	78
191	27	28	76
192	27	37	73
193	27	29	33
194	27	29	69
195	27	35	90
196	27	30	97
197	27	38	65
198	28	29	50
199	28	29	77
200	29	31	23
201	29	38	98
202	29	32	16
203	29	36	41
204	29	31	28
205	29	38	57
206	30	32	54
207	30	31	54
208	30	38	44
209	30	32	51
210	30	32	10
211	30	32	28
212	30	40	26
213	30	37	47
214	30	32	78
215	31	34	54
216	31	33	85
217	31	35	96
218	32	35	71
219	32	34	94
220	32	36	45
221	32	33	30
222	32	36	80
223	32	33	69
224	32	40	41
225	32	34	73
226	32	34	96
227	32	34	77
228	33	34	64
229	34	36	13
230	34	45	52
231	34	38	76
232	34	35	81
233	34	37	50
234	34	44	93
235	34	36	33
236	35	39	69
237	35	39	55
238	35	43	28
239	35	40	52
240	35	37	46
241	35	46	35
242	36	40	71
243	36	40	75
244	36	55	76
245	36	40	34
246	36	41	78
247	36	43	10
248	36	38	42
249	36	39	62
250	36	37	13
251	36	41	26
252	36	38	28
253	36	38	79
254	37	41	56
255	37	39	35
256	38	48	55
257	38	42	10
258	38	39	95
259	38	42	12
260	38	39	50
261	38	42	24
262	38	43	23
263	38	41	40
264	38	42	28
265	38	48	64
266	39	40	31
267	39	43	21
268	39	47	37
269	39	41	66
270	39	42	91
271	39	47	55
272	39	43	78
273	40	42	84
274	40	42	68
275	40	45	36
276	41	47	66
277	41	44	99
278	41	48	32
279	41	53	90
280	41	43	17
281	41	42	37
282	41	44	100
283	42	43	71
284	42	51	71
285	42	51	99
286	42	44	54
287	42	44	15
288	42	43	74
289	42	50	16
290	42	46	87
291	42	45	88
292	42	43	72
293	42	45	33
294	43	48	18
295	43	44	31
296	43	47	16
297	43	49	44
298	43	45	100
299	44	58	41
300	44	45	31
301	44	45	26
302	44	45	100
303	44	45	10
304	44	50	26
305	44	57	17
306	44	46	96
307	45	50	16
308	45	46	21
309	45	46	89
310	45	52	81
311	45	48	92
312	45	52	66
313	45	46	15
314	45	47	38
315	45	49	42
316	45	52	24
317	45	48	53
318	45	47	32
319	46	52	74
320	46	48	97
321	46	49	79
322	46	49	67
323	46	47	53
324	46	48	66
325	47	51	84
326	47	60	81
327	47	49	13
328	47	52	35
329	47	48	74
330	47	48	33
331	47	50	99
332	47	54	88
333	48	49	63
334	48	55	27
335	48	49	72
336	48	54	41
337	48	72	96
338	48	50	65
339	48	55	14
340	48	53	45
341	48	52	42
342	48	49	81
343	48	49	73
344	49	52	88
345	50	60	86
346	50	55	29
347	50	51	66
348	50	54	93
349	51	52	55
350	51	53	31
351	51	53	88
352	51	56	92
353	51	53	97
354	51	53	23
355	51	54	99
356	51	54	61
357	51	55	20
358	51	52	79
359	51	52	38
360	51	54	56
361	51	52	40
362	51	56	98
363	52	55	16
364	53	61	41
365	53	58	37
366	53	54	94
367	53	56	29
368	53	63	27
369	53	55	34
370	53	61	68
371	54	56	58
372	54	55	73
373	54	56	92
374	54	55	83
375	54	57	80
376	54	56	49
377	54	62	36
378	54	59	59
379	55	60	46
380	55	56	30
381	55	60	50
382	55	56	10
383	55	58	22
384	55	66	41
385	55	59	59
386	55	58	67
387	55	57	51
388	55	56	70
389	56	59	68
390	56	59	55
391	56	57	87
392	56	58	52
393	56	58	30
394	56	60	22
395	56	62	89
396	56	57	100
397	56	60	69
398	56	57	65
399	56	62	30
400	56	70	48
401	56	59	92
402	56	60	16
403	56	57	66
404	56	65	49
405	57	64	80
406	57	59	49
407	57	61	86
408	58	59	31
409	58	71	63
410	58	59	40
411	58	77	99
412	58	59	40
413	58	59	87
414	58	66	17
415	58	63	32
416	58	61	93
417	59	62	54
418	59	66	11
419	59	67	16
420	59	60	40
421	59	60	72
422	59	67	56
423	59	61	31
424	59	63	100
425	60	64	35
426	60	61	87
427	60	61	54
428	60	61	25
429	60	63	20
430	60	68	97
431	60	67	44
432	60	62	69
433	60	79	81
434	61	67	87
435	61	63	41
436	61	65	83
437	61	63	42
438	61	62	13
439	61	75	64
440	61	63	98
441	62	68	46
442	62	63	74
443	62	64	49
444	62	63	56
445	62	70	93
446	63	64	10
447	63	70	84
448	63	78	65
449	63	73	69
450	63	65	35
451	64	70	18
452	64	67	73
453	64	65	83
454	64	65	46
455	64	70	99
456	64	70	92
457	64	65	44
458	64	65	21
459	64	67	19
460	64	66	100
461	65	66	93
462	65	68	36
463	65	67	29
464	65	68	88
465	65	66	89
466	65	74	14
467	65	66	15
468	65	71	14
469	65	72	24
470	66	69	29
471	66	72	71
472	66	71	50
473	66	69	80
474	66	69	74
475	66	73	94
476	67	72	11
477	67	73	19
478	67	75	30
479	67	68	46
480	67	71	16
481	67	68	88
482	67	76	51
483	67	69	50
484	68	70	18
485	68	69	21
486	68	71	62
487	68	71	94
488	68	75	87
489	68	71	47
490	69	77	100
491	69	71	78
492	69	74	76
493	69	72	65
494	69	70	30
495	69	70	54
496	70	79	76
497	70	73	11
498	70	71	76
499	70	74	67
500	71	75	55
501	71	87	61
502	71	72	57
503	71	77	62
504	71	78	43
505	71	75	54
506	71	76	26
507	71	84	58
508	71	77	22
509	71	72	91
510	71	74	36
511	71	78	81
512	72	75	11
513	72	73	13
514	72	73	64
515	72	79	44
516	73	79	85
517	73	74	38
518	73	77	67
519	73	80	65
520	73	75	69
521	73	76	34
522	74	78	48
523	74	75	70
524	74	84	80
525	74	77	57
526	74	75	33
527	75	76	85
528	75	83	100
529	75	77	100
530	75	77	90
531	75	89	48
532	75	85	39
533	75	80	85
534	75	76	51
535	76	81	21
536	76	78	60
537	77	82	48
538	77	78	32
539	77	78	55
540	77	81	26
541	77	85	58
542	77	79	68
543	77	83	48
544	77	80	34
545	77	80	19
546	77	81	68
547	77	78	16
548	78	79	23
549	78	79	66
550	78	79	100
551	78	81	70
552	78	83	16
553	78	82	87
554	78	86	44
555	78	81	91
556	78	87	29
557	78	84	13
558	78	79	94
559	79	84	77
560	79	88	55
561	79	85	84
562	79	83	45
563	79	81	59
564	79	80	81
565	79	82	49
566	79	80	53
567	79	108	92
568	79	80	74
569	79	92	64
570	79	87	87
571	80	100	92
572	80	82	35
573	80	93	49
574	80	84	10
575	80	83	20
576	80	81	65
577	80	83	93
578	81	95	78
579	81	84	57
580	82	95	25
581	82	90	45
582	82	84	39
583	82	91	76
584	82	84	90
585	82	83	13
586	82	83	94
587	83	86	72
588	83	88	59
589	84	86	61
590	84	93	77
591	84	86	11
592	84	86	90
593	84	88	43
594	84	86	54
595	84	87	11
596	85	91	37
597	85	87	82
598	85	89	26
599	85	89	52
600	85	91	67
601	86	87	84
602	86	89	21
603	86	88	86
604	86	87	77
605	86	87	20
606	86	91	66
607	86	88	47
608	86	99	84
609	86	92	50
610	86	88	78
611	86	89	18
612	87	88	48
613	87	90	23
614	87	92	99
615	87	99	51
616	87	89	89
617	87	88	75
618	87	92	19
619	87	97	24
620	87	93	86
621	88	94	45
622	88	89	30
623	88	90	31
624	88	90	10
625	88	95	62
626	88	92	99
627	88	93	15
628	88	90	96
629	88	91	37
630	89	97	96
631	89	95	54
632	89	95	21
633	90	93	95
634	91	94	10
635	91	96	59
636	91	94	98
637	91	95	90
638	91	94	33
639	92	93	11
640	92	96	61
641	92	98	53
642	92	103	84
643	92	94	72
644	92	96	93
645	92	94	29
646	92	93	57
647	92	93	60
648	92	101	85
649	92	95	89
650	92	94	99
651	93	105	45
652	93	97	47
653	93	96	19
654	93	99	82
655	93	95	21
656	94	96	72
657	95	97	22
658	95	96	13
659	95	100	85
660	95	96	24
661	95	103	29
662	95	104	50
663	95	100	74
664	95	101	85
665	95	99	94
666	95	98	57
667	95	99	18
668	95	97	10
669	95	96	19
670	95	99	30
671	95	96	52
672	96	100	74
673	96	99	92
674	96	111	89
675	96	98	70
676	96	100	19
677	96	102	97
678	96	98	62
679	97	98	63
680	97	115	40
681	98	104	30
682	98	99	49
683	98	109	56
684	98	100	66
685	99	100	93
686	99	108	23
687	99	105	25
688	99	107	55
689	99	103	23
690	99	100	65
691	99	103	53
692	99	104	19
693	100	104	16
694	100	112	16
695	100	103	74
696	100	115	74
697	100	101	67
698	100	107	74
699	100	102	69
700	100	103	39
701	100	104	23
702	100	104	27
703	100	102	61
704	100	102	12
705	100	101	71
706	100	102	92
707	100	123	100
708	100	121	18
709	101	113	81
710	101	111	58
711	101	121	25
712	101	106	44
713	102	107	76
714	102	118	57
715	102	103	79
716	102	105	63
717	102	104	47
718	103	106	66
719	103	106	25
720	103	120	51
721	104	113	55
722	104	108	74
723	104	110	17
724	104	114	19
725	104	108	31
726	104	114	53
727	104	107	21
728	105	106	45
729	105	112	96
730	106	112	57
731	106	107	46
732	107	110	15
733	107	108	53
734	107	109	62
735	107	115	80
736	107	113	26
737	107	112	73
738	108	109	18
739	108	123	92
740	108	109	39
741	108	117	14
742	108	110	94
743	108	110	97
744	109	116	65
745	109	110	38
746	109	110	43
747	110	112	34
748	110	112	70
749	110	120	81
750	110	121	85
751	110	111	66
752	110	111	15
753	110	112	93
754	110	115	43
755	110	131	80
756	111	122	34
757	111	116	17
758	111	116	14
759	111	126	60
760	111	117	63
761	112	113	82
762	112	114	16
763	112	127	46
764	112	115	58
765	112	113	54
766	112	115	95
767	112	116	90
768	112	120	14
769	113	139	84
770	114	126	33
771	114	119	57
772	114	116	92
773	114	120	32
774	114	119	39
775	114	115	70
776	114	117	87
777	114	123	85
778	114	115	90
779	115	116	20
780	116	118	16
781	116	118	51
782	116	120	26
783	116	121	31
784	116	120	35
785	116	118	45
786	116	117	63
787	116	124	85
788	116	118	17
789	116	117	97
790	116	121	37
791	117	119	76
792	118	120	36
793	118	119	17
794	118	120	37
795	119	123	84
796	119	127	13
797	119	122	56
798	119	123	82
799	119	126	49
800	119	120	37
801	119	126	95
802	119	127	64
803	119	128	90
804	119	129	26
805	119	122	78
806	120	121	24
807	121	123	96
808	121	127	88
809	121	122	35
810	121	128	18
811	121	123	47
812	121	123	25
813	121	126	91
814	121	122	46
815	121	122	65
816	122	124	84
817	122	133	85
818	122	127	47
819	122	124	27
820	122	125	76
821	122	129	40
822	122	140	88
823	122	125	22
824	123	145	12
825	123	128	61
826	123	133	32
827	123	134	84
828	123	125	74
829	123	124	97
830	124	129	67
831	124	129	22
832	124	126	83
833	124	133	85
834	124	126	91
835	124	127	38
836	124	125	50
837	125	132	80
838	125	126	10
839	125	126	40
840	125	134	40
841	125	127	42
842	125	134	99
843	126	130	47
844	126	139	16
845	126	129	56
846	127	131	81
847	127	134	58
848	127	128	53
849	127	129	13
850	128	135	87
851	128	129	29
852	128	132	42
853	128	132	58
854	129	130	32
855	129	143	65
856	129	131	72
857	129	133	36
858	129	131	96
859	129	133	62
860	129	132	96
861	129	130	34
862	129	136	13
863	129	132	59
864	129	139	30
865	129	133	69
866	129	130	51
867	130	131	93
868	130	138	88
869	130	131	98
870	130	131	45
871	130	133	53
872	130	133	22
873	131	133	24
874	131	135	71
875	131	132	23
876	131	141	31
877	132	133	63
878	132	135	99
879	132	137	47
880	132	136	87
881	132	135	10
882	132	136	94
883	132	135	87
884	132	135	48
885	133	138	98
886	133	146	83
887	133	138	69
888	133	134	99
889	134	135	13
890	134	138	41
891	134	141	23
892	134	135	14
893	134	136	77
894	134	136	46
895	134	135	50
896	134	140	41
897	134	135	11
898	134	137	16
899	134	135	71
900	134	136	85
901	134	142	59
902	134	136	83
903	135	139	17
904	135	138	90
905	135	137	43
906	135	143	16
907	135	139	81
908	135	140	74
909	135	142	59
910	135	136	54
911	135	137	15
912	135	136	95
913	136	138	67
914	137	143	62
915	137	145	35
916	137	138	15
917	137	146	14
918	137	138	24
919	137	138	98
920	137	140	76
921	138	142	80
922	138	139	60
923	138	140	76
924	138	140	16
925	138	140	92
926	139	141	39
927	139	140	36
928	139	148	11
929	139	149	99
930	139	143	79
931	139	141	90
932	139	146	55
933	139	142	96
934	139	142	80
935	139	144	76
936	139	146	56
937	139	143	16
938	139	142	37
939	140	142	59
940	141	142	100
941	141	145	87
942	141	143	76
943	141	146	22
944	141	145	47
945	141	142	77
946	141	142	94
947	141	142	84
948	141	145	59
949	141	151	17
950	141	143	86
951	141	168	26
952	141	143	66
953	141	150	41
954	142	144	49
955	143	146	43
956	143	145	54
957	143	146	100
958	143	147	44
959	143	144	90
960	143	148	94
961	143	154	47
962	143	148	72
963	143	146	72
964	143	152	25
965	143	147	65
966	143	145	88
967	143	144	28
968	143	144	76
969	143	149	97
970	144	148	33
971	144	149	54
972	144	147	24
973	144	147	85
974	144	145	38
975	144	146	26
976	144	147	100
977	145	146	30
978	145	147	97
979	145	146	43
980	145	156	27
981	145	148	62
982	145	149	43
983	145	150	92
984	145	151	62
985	145	149	68
986	146	147	28
987	147	160	40
988	147	152	50
989	147	150	49
990	147	151	99
991	147	148	80
992	147	148	93
993	147	154	29
994	147	150	81
995	147	148	19
996	147	149	19
997	147	151	81
998	148	150	49
999	148	149	91
1000	148	150	30
1001	148	150	22
1002	148	151	15
1003	148	152	77
1004	149	160	51
1005	149	153	95
1006	149	157	79
1007	149	154	80
1008	149	151	51
1009	149	152	99
1010	149	158	61
1011	149	150	24
1012	149	150	36
1013	149	150	93
1014	149	151	34
1015	149	153	85
1016	149	161	19
1017	149	155	65
1018	149	156	82
1019	150	152	72
