1000	100	0	0
0	3	21	25
1	5	24	40
2	6	21	36
3	6	27	32
4	8	23	29
5	9	28	36
6	10	37	48
7	11	23	42
8	11	24	39
9	12	34	40
10	14	32	26
11	14	32	30
12	14	25	34
13	15	41	38
14	17	28	49
15	18	42	27
16	19	48	33
17	20	30	32
18	21	35	29
19	23	49	44
20	23	52	41
21	24	36	37
22	27	56	27
23	29	52	33
24	30	47	41
25	30	50	40
26	33	45	44
27	33	61	28
28	34	63	33
29	34	51	35
30	37	63	39
31	38	67	29
32	39	55	46
33	40	67	40
34	41	64	31
35	43	60	44
36	44	56	43
37	48	73	30
38	48	68	40
39	48	65	41
40	50	63	47
41	50	67	35
42	52	62	30
43	53	65	40
44	55	66	48
45	55	66	27
46	56	84	34
47	56	74	34
48	58	69	37
49	59	84	36
50	62	80	26
51	62	77	27
52	63	90	32
53	63	87	35
54	64	93	30
55	64	89	43
56	65	87	44
57	66	85	29
58	66	76	25
59	66	95	49
60	67	92	28
61	68	88	45
62	70	90	26
63	71	88	31
64	71	86	34
65	73	93	37
66	74	98	45
67	75	91	33
68	76	88	49
69	77	95	34
70	78	94	35
71	80	92	47
72	81	110	48
73	83	112	28
74	85	102	48
75	86	104	32
76	89	103	28
77	90	112	43
78	91	102	42
79	93	108	42
80	94	112	42
81	98	109	45
82	100	125	43
83	100	121	36
84	101	111	37
85	103	122	48
86	106	117	45
87	106	132	48
88	106	118	47
89	107	124	30
90	109	129	45
91	109	119	39
92	111	138	33
93	112	136	41
94	113	127	37
95	114	133	49
96	115	142	37
97	117	137	45
98	118	139	37
99	118	140	33
100	119	148	30
101	119	145	29
102	119	136	35
103	123	147	26
104	127	139	48
105	128	144	28
106	130	150	39
107	131	155	40
108	132	152	32
109	132	160	31
110	132	151	29
111	133	159	35
112	138	160	38
113	138	162	30
114	138	150	49
115	140	169	25
116	142	163	36
117	143	166	43
118	144	154	45
119	144	161	49
120	145	174	40
121	146	161	32
122	147	161	28
123	148	166	44
124	148	174	36
125	149	164	42
126	151	165	25
127	152	177	34
128	153	182	40
129	154	183	36
130	155	174	45
131	156	185	45
132	158	176	26
133	159	185	37
134	160	181	30
135	161	186	33
136	165	189	30
137	165	191	39
138	165	192	38
139	166	185	27
140	167	195	40
141	167	191	28
142	169	183	44
143	173	202	41
144	173	202	42
145	174	203	39
146	176	193	27
147	178	206	38
148	180	194	42
149	182	206	47
150	182	211	30
151	182	205	45
152	183	201	27
153	183	207	38
154	185	199	40
155	186	209	38
156	189	218	29
157	189	215	28
158	190	215	31
159	193	203	37
160	193	214	37
161	194	222	28
162	194	211	35
163	195	220	27
164	197	226	47
165	197	225	28
166	198	223	42
167	199	213	25
168	201	224	41
169	202	215	38
170	203	228	44
171	204	224	33
172	204	215	34
173	204	224	28
174	205	218	44
175	206	233	44
176	207	223	46
177	207	235	44
178	208	222	27
179	209	233	48
180	211	234	31
181	211	231	35
182	213	233	28
183	213	223	31
184	213	224	37
185	214	227	33
186	215	244	39
187	217	230	44
188	218	235	40
189	220	245	47
190	220	246	41
191	226	251	37
192	227	250	29
193	227	244	44
194	228	252	41
195	230	243	29
196	232	246	41
197	233	253	44
198	233	254	27
199	233	255	29
200	234	252	47
201	234	247	35
202	238	265	44
203	245	268	47
204	245	269	32
205	247	267	49
206	247	263	39
207	248	269	37
208	249	260	25
209	250	264	32
210	251	266	37
211	251	274	35
212	253	264	40
213	253	271	41
214	255	274	45
215	255	266	26
216	256	272	37
217	257	271	47
218	259	286	40
219	260	271	29
220	261	273	34
221	261	284	33
222	262	287	46
223	267	289	43
224	268	279	27
225	269	289	41
226	269	288	28
227	272	282	48
228	273	298	37
229	274	285	47
230	275	290	43
231	276	288	46
232	279	293	33
233	279	303	44
234	281	298	48
235	284	310	46
236	284	313	31
237	287	314	26
238	288	313	31
239	289	304	42
240	290	309	30
241	290	310	36
242	290	307	49
243	290	310	31
244	293	316	48
245	294	304	35
246	294	308	25
247	295	319	34
248	296	321	30
249	298	311	38
250	298	311	30
251	300	327	38
252	302	313	26
253	303	314	42
254	303	316	35
255	305	318	48
256	305	332	40
257	307	319	34
258	307	320	45
259	308	330	25
260	309	322	26
261	311	340	36
262	317	329	47
263	319	348	41
264	319	331	42
265	320	348	30
266	320	337	37
267	321	344	28
268	323	339	42
269	323	333	43
270	327	350	32
271	328	338	40
272	330	355	42
273	331	350	38
274	331	355	43
275	332	349	32
276	333	348	29
277	333	350	42
278	335	353	44
279	335	359	43
280	336	356	37
281	339	359	46
282	340	365	37
283	341	363	49
284	343	355	48
285	344	373	27
286	346	370	26
287	346	370	38
288	346	359	29
289	347	366	25
290	348	360	49
291	348	376	45
292	349	368	40
293	349	369	27
294	352	366	47
295	352	376	41
296	353	363	39
297	353	381	38
298	356	384	40
299	356	381	49
300	356	378	45
301	359	386	25
302	359	373	44
303	363	383	44
304	364	376	38
305	365	393	31
306	366	386	44
307	367	380	26
308	369	393	48
309	373	397	38
310	373	390	30
311	373	384	40
312	375	391	37
313	375	394	40
314	376	400	28
315	377	405	39
316	379	393	39
317	380	397	28
318	384	405	29
319	384	397	27
320	385	395	32
321	386	413	46
322	387	407	47
323	387	398	25
324	387	411	27
325	388	398	26
326	388	417	34
327	388	412	49
328	389	416	38
329	389	405	49
330	393	420	36
331	393	414	25
332	395	412	42
333	396	425	27
334	397	420	25
335	397	409	32
336	401	417	35
337	401	430	27
338	402	417	40
339	402	413	35
340	403	418	25
341	410	422	33
342	410	438	43
343	410	433	38
344	412	424	39
345	412	425	32
346	414	426	37
347	415	443	31
348	420	447	48
349	421	446	30
350	422	440	48
351	422	445	26
352	423	435	45
353	425	439	35
354	425	443	28
355	426	436	25
356	426	450	41
357	427	454	26
358	427	439	43
359	427	437	37
360	431	454	42
361	431	460	42
362	432	454	27
363	434	446	34
364	434	463	40
365	435	452	41
366	435	458	37
367	436	464	46
368	437	447	40
369	439	455	29
370	440	450	40
371	444	468	37
372	445	474	38
373	445	474	45
374	447	473	48
375	448	473	32
376	450	464	43
377	450	466	35
378	451	478	47
379	453	478	28
380	453	464	25
381	454	468	39
382	456	475	46
383	456	485	35
384	457	477	45
385	457	468	33
386	458	469	45
387	459	479	32
388	461	490	34
389	462	478	29
390	463	487	34
391	464	480	42
392	467	487	31
393	467	492	36
394	467	493	35
395	470	495	33
396	473	497	49
397	475	495	42
398	476	492	33
399	476	505	34
400	477	499	37
401	477	499	47
402	477	492	34
403	478	500	44
404	479	508	37
405	480	507	46
406	482	497	38
407	482	499	44
408	486	504	33
409	487	503	41
410	488	507	28
411	489	517	32
412	490	512	36
413	491	505	27
414	492	509	32
415	493	520	37
416	494	513	43
417	494	514	45
418	496	512	45
419	498	525	32
420	501	516	46
421	502	515	29
422	505	534	43
423	506	529	38
424	506	532	25
425	507	529	26
426	507	531	35
427	508	530	38
428	511	532	39
429	514	542	47
430	515	539	44
431	517	529	46
432	517	532	45
433	518	544	42
434	523	538	36
435	523	546	45
436	524	547	33
437	525	545	26
438	526	547	34
439	526	541	39
440	527	547	49
441	528	538	49
442	529	539	34
443	530	557	37
444	532	554	36
445	532	546	31
446	533	547	43
447	533	546	33
448	535	551	40
449	535	550	31
450	535	561	41
451	535	557	44
452	536	558	30
453	536	553	28
454	536	549	39
455	537	561	26
456	538	549	32
457	538	560	32
458	543	556	26
459	545	564	33
460	546	566	30
461	550	572	29
462	552	574	39
463	553	576	40
464	555	573	26
465	556	581	42
466	557	581	33
467	558	572	25
468	560	578	27
469	561	590	46
470	562	590	34
471	563	575	25
472	563	579	38
473	567	581	37
474	567	581	45
475	568	593	37
476	570	590	30
477	572	583	41
478	573	601	36
479	575	601	33
480	578	597	34
481	581	604	39
482	581	598	47
483	584	596	47
484	584	598	35
485	585	599	44
486	585	612	45
487	586	607	26
488	586	606	31
489	587	602	36
490	587	615	44
491	588	615	27
492	588	598	29
493	590	617	47
494	590	614	36
495	592	619	35
496	593	617	45
497	594	619	36
498	594	616	37
499	595	611	27
500	596	614	33
501	596	625	45
502	598	618	37
503	599	611	37
504	606	632	48
505	606	620	41
506	608	624	49
507	609	627	42
508	609	619	33
509	610	625	31
510	610	626	28
511	610	625	33
512	611	628	33
513	612	641	48
514	613	626	37
515	614	640	38
516	618	628	25
517	620	636	26
518	621	645	46
519	621	637	31
520	623	644	26
521	623	633	48
522	623	636	44
523	626	651	37
524	627	644	26
525	627	650	32
526	628	655	46
527	629	646	49
528	629	658	38
529	629	655	46
530	630	650	45
531	630	654	44
532	630	640	37
533	630	640	27
534	631	657	26
535	635	654	46
536	636	652	43
537	636	662	27
538	637	664	46
539	641	662	36
540	641	663	44
541	645	669	28
542	646	662	44
543	648	674	36
544	649	659	37
545	650	676	32
546	654	683	37
547	654	679	46
548	655	675	39
549	657	672	47
550	658	672	43
551	658	676	38
552	658	684	33
553	660	672	44
554	661	680	26
555	661	682	41
556	661	686	34
557	664	685	47
558	668	694	33
559	669	695	37
560	670	688	34
561	670	685	37
562	672	692	34
563	672	699	37
564	673	696	31
565	676	688	48
566	677	703	49
567	677	706	40
568	678	699	42
569	680	699	32
570	680	707	25
571	681	692	49
572	682	706	41
573	684	697	41
574	685	697	28
575	685	704	40
576	687	713	43
577	687	712	38
578	689	710	35
579	691	718	44
580	692	715	33
581	692	707	44
582	694	721	28
583	695	711	27
584	696	723	25
585	699	711	42
586	700	723	44
587	700	728	31
588	701	724	36
589	701	726	29
590	701	721	25
591	706	734	25
592	708	723	26
593	709	735	35
594	711	721	31
595	712	731	37
596	713	738	49
597	714	726	36
598	715	742	35
599	715	736	49
600	717	743	40
601	720	734	28
602	721	746	44
603	721	742	49
604	721	745	34
605	722	742	26
606	722	732	32
607	726	737	41
608	727	738	36
609	728	740	27
610	731	748	47
611	732	743	29
612	732	748	44
613	734	754	44
614	734	761	49
615	735	745	29
616	736	760	40
617	737	761	35
618	737	761	41
619	737	766	33
620	739	751	36
621	740	750	46
622	741	764	44
623	743	756	34
624	744	769	42
625	745	755	40
626	746	773	37
627	746	762	38
628	748	774	46
629	749	773	33
630	753	782	38
631	754	776	28
632	754	774	31
633	754	770	44
634	755	767	48
635	755	777	28
636	756	780	38
637	758	780	33
638	759	771	35
639	759	786	38
640	761	786	42
641	763	775	38
642	764	777	29
643	767	795	47
644	769	793	44
645	770	781	31
646	770	796	45
647	774	789	49
648	775	804	47
649	779	799	25
650	780	796	37
651	780	804	36
652	781	797	35
653	781	795	31
654	782	806	35
655	783	798	38
656	786	810	42
657	786	815	46
658	787	807	39
659	788	809	31
660	788	801	41
661	788	805	39
662	789	800	40
663	789	809	48
664	789	816	30
665	791	811	47
666	793	811	47
667	796	814	33
668	797	815	33
669	798	820	40
670	798	819	42
671	800	819	45
672	805	824	30
673	806	829	31
674	806	834	39
675	806	824	33
676	807	817	38
677	808	830	27
678	809	820	47
679	811	821	31
680	811	830	47
681	811	826	38
682	812	835	49
683	815	838	46
684	815	843	33
685	817	835	26
686	817	845	40
687	819	834	44
688	819	837	43
689	820	831	29
690	820	843	45
691	821	842	32
692	822	835	44
693	822	833	32
694	827	841	49
695	828	844	34
696	829	841	29
697	833	848	29
698	833	844	35
699	834	851	37
700	835	863	42
701	835	853	44
702	837	849	29
703	838	866	33
704	841	855	29
705	843	861	33
706	844	856	33
707	845	869	47
708	846	874	31
709	846	863	42
710	848	861	38
711	849	860	39
712	849	875	32
713	850	865	29
714	851	873	37
715	852	874	37
716	852	864	39
717	856	873	41
718	856	868	38
719	856	878	29
720	858	875	29
721	858	878	32
722	859	870	48
723	860	870	36
724	864	883	37
725	864	889	45
726	865	888	29
727	865	891	39
728	866	882	47
729	866	877	31
730	867	877	48
731	869	880	47
732	870	889	48
733	870	883	43
734	872	900	26
735	872	900	26
736	873	896	25
737	874	888	43
738	876	889	36
739	876	897	47
740	879	901	39
741	880	892	45
742	881	892	39
743	882	904	45
744	885	897	33
745	885	908	40
746	886	904	49
747	887	914	33
748	888	914	45
749	894	914	33
750	896	916	27
751	896	925	40
752	897	915	38
753	898	914	44
754	899	910	29
755	899	924	43
756	903	927	31
757	903	932	30
758	904	916	27
759	904	924	49
760	906	935	43
761	909	933	41
762	911	927	31
763	913	923	45
764	916	935	43
765	916	931	40
766	917	933	28
767	917	941	25
768	918	945	33
769	919	938	26
770	923	936	34
771	925	950	48
772	925	939	38
773	925	941	28
774	925	950	26
775	927	944	42
776	928	940	42
777	929	948	39
778	934	961	36
779	936	959	49
780	938	949	31
781	938	948	46
782	938	961	34
783	939	961	41
784	940	963	41
785	940	954	30
786	940	954	49
787	942	967	39
788	943	958	27
789	943	963	34
790	944	969	46
791	944	968	41
792	945	964	40
793	945	963	45
794	945	962	28
795	949	975	33
796	949	966	43
797	949	965	45
798	951	973	36
799	952	969	47
800	957	981	42
801	957	983	37
802	958	978	49
803	958	984	41
804	958	977	43
805	965	975	49
806	965	984	40
807	966	991	35
808	966	988	26
809	966	988	25
810	967	986	37
811	968	990	38
812	970	991	49
813	972	988	32
814	973	998	29
815	973	984	34
816	974	988	28
817	974	994	39
818	975	1004	43
819	976	1001	38
820	976	995	36
821	978	997	26
822	980	1005	27
823	980	1006	33
824	982	1002	25
825	982	1011	38
826	983	1009	49
827	983	1006	25
828	987	1001	49
829	989	1006	31
830	989	1015	31
831	991	1014	32
832	992	1020	43
833	993	1013	27
834	995	1012	31
835	995	1005	31
836	996	1006	43
837	998	1022	26
838	998	1023	33
839	998	1012	39
840	1001	1023	46
841	1003	1032	27
842	1003	1032	36
843	1004	1021	35
844	1008	1025	36
845	1009	1031	45
846	1009	1023	35
847	1013	1032	43
848	1015	1042	38
849	1018	1033	30
850	1019	1045	30
851	1019	1038	27
852	1021	1034	44
853	1021	1048	27
854	1022	1045	46
855	1023	1039	30
856	1023	1038	29
857	1026	1047	34
858	1026	1055	43
859	1027	1054	27
860	1032	1052	25
861	1034	1050	41
862	1034	1046	35
863	1034	1056	26
864	1034	1062	25
865	1035	1045	47
866	1035	1047	35
867	1038	1050	32
868	1040	1062	39
869	1040	1050	42
870	1042	1054	39
871	1042	1071	48
872	1043	1054	44
873	1044	1066	39
874	1044	1061	26
875	1045	1055	27
876	1046	1065	30
877	1046	1064	27
878	1047	1057	48
879	1049	1078	31
880	1050	1071	36
881	1050	1078	28
882	1051	1075	29
883	1051	1080	44
884	1053	1073	29
885	1053	1081	41
886	1056	1072	32
887	1056	1074	38
888	1056	1084	38
889	1057	1084	48
890	1057	1070	46
891	1057	1079	35
892	1058	1073	29
893	1058	1079	29
894	1059	1086	49
895	1060	1088	39
896	1060	1088	33
897	1065	1088	35
898	1068	1089	44
899	1069	1094	34
900	1069	1083	28
901	1070	1098	38
902	1072	1098	46
903	1073	1100	45
904	1073	1094	42
905	1074	1092	34
906	1076	1086	36
907	1076	1103	46
908	1078	1107	43
909	1078	1103	39
910	1082	1110	45
911	1084	1109	32
912	1087	1103	37
913	1089	1117	43
914	1089	1100	34
915	1089	1105	34
916	1090	1103	28
917	1090	1105	31
918	1090	1109	41
919	1091	1117	34
920	1093	1112	29
921	1096	1108	43
922	1098	1108	30
923	1100	1126	44
924	1103	1132	29
925	1104	1115	45
926	1104	1119	49
927	1106	1122	25
928	1107	1121	38
929	1112	1139	33
930	1112	1141	32
931	1114	1141	41
932	1115	1131	30
933	1115	1125	27
934	1116	1134	47
935	1116	1141	39
936	1116	1144	35
937	1117	1146	48
938	1121	1140	44
939	1126	1152	49
940	1127	1137	29
941	1127	1138	36
942	1128	1147	39
943	1129	1144	38
944	1130	1156	29
945	1131	1141	39
946	1131	1151	37
947	1132	1150	34
948	1133	1145	46
949	1133	1150	35
950	1133	1159	26
951	1138	1152	47
952	1140	1150	36
953	1140	1165	38
954	1141	1166	31
955	1143	1156	27
956	1143	1165	36
957	1143	1159	45
958	1144	1155	31
959	1146	1159	27
960	1147	1168	26
961	1148	1164	29
962	1149	1166	26
963	1149	1165	41
964	1150	1176	25
965	1150	1173	29
966	1151	1168	29
967	1151	1161	40
968	1152	1178	37
969	1153	1163	35
970	1154	1175	26
971	1154	1178	37
972	1155	1169	30
973	1156	1179	49
974	1156	1176	39
975	1157	1183	37
976	1157	1178	48
977	1164	1185	46
978	1166	1184	28
979	1166	1178	25
980	1168	1188	29
981	1175	1185	32
982	1176	1203	47
983	1176	1205	26
984	1176	1201	49
985	1176	1200	28
986	1177	1189	25
987	1179	1206	28
988	1181	1194	37
989	1182	1199	37
990	1183	1202	47
991	1183	1204	48
992	1184	1213	37
993	1184	1207	35
994	1188	1216	30
995	1191	1210	29
996	1194	1205	39
997	1197	1207	35
998	1199	1225	28
999	1200	1210	41
