2400	2	0	0
0	2363	2436	1
1	1639	1676	1
2	1392	1413	1
3	690	701	1
4	478	510	1
5	1018	1036	1
6	301	305	1
7	593	636	1
8	2195	2203	1
9	25	30	1
10	1841	1902	1
11	240	321	1
12	919	932	1
13	864	867	1
14	1413	1434	1
15	1914	1930	1
16	2121	2126	1
17	1516	1600	1
18	357	402	1
19	1606	1622	1
20	2007	2028	1
21	2106	2144	1
22	383	410	1
23	1840	1903	1
24	2094	2107	1
25	1387	1393	1
26	983	1003	1
27	1765	1801	1
28	247	270	1
29	592	618	1
30	1487	1551	1
31	2378	2408	1
32	1609	1611	1
33	46	54	1
34	710	713	1
35	524	542	1
36	1875	1878	1
37	1259	1326	1
38	1590	1604	1
39	2009	2015	1
40	969	980	1
41	1876	1878	1
42	178	185	1
43	2071	2081	1
44	62	71	1
45	1321	1361	1
46	646	668	1
47	2312	2329	1
48	702	704	1
49	294	305	1
50	1218	1245	1
51	1111	1118	1
52	1977	1999	1
53	1553	1577	1
54	1810	1879	1
55	1062	1066	1
56	643	689	1
57	2289	2296	1
58	1530	1555	1
59	1551	1553	1
60	566	595	1
61	2372	2396	1
62	1926	1930	1
63	1279	1284	1
64	229	248	1
65	1235	1240	1
66	1718	1748	1
67	555	561	1
68	984	995	1
69	1259	1274	1
70	1790	1838	1
71	445	490	1
72	497	506	1
73	2124	2134	1
74	2356	2373	1
75	1187	1191	1
76	1733	1737	1
77	2054	2063	1
78	1	45	1
79	18	25	1
80	747	767	1
81	943	957	1
82	1933	1944	1
83	1147	1185	1
84	1435	1443	1
85	1545	1561	1
86	1551	1557	1
87	1454	1474	1
88	531	546	1
89	82	124	1
90	775	781	1
91	23	27	1
92	342	350	1
93	791	803	1
94	1574	1579	1
95	611	649	1
96	943	994	1
97	1707	1709	1
98	86	95	1
99	2371	2386	1
100	545	558	1
101	1632	1674	1
102	1365	1371	1
103	1053	1056	1
104	1862	1877	1
105	543	579	1
106	1301	1305	1
107	1121	1123	1
108	2354	2356	1
109	862	865	1
110	1418	1437	1
111	971	998	1
112	1	53	1
113	526	542	1
114	1825	1885	1
115	2253	2282	1
116	1311	1388	1
117	1818	1856	1
118	2355	2363	1
119	1453	1474	1
120	2301	2312	1
121	291	301	1
122	12	43	1
123	1595	1652	1
124	645	648	1
125	545	574	1
126	1140	1145	1
127	2265	2279	1
128	1365	1391	1
129	92	121	1
130	1896	1915	1
131	857	887	1
132	1117	1125	1
133	617	656	1
134	1055	1077	1
135	1213	1227	1
136	2091	2098	1
137	1119	1175	1
138	535	588	1
139	2368	2384	1
140	2047	2058	1
141	2377	2397	1
142	651	656	1
143	873	941	1
144	1156	1244	1
145	1572	1589	1
146	83	103	1
147	529	546	1
148	179	188	1
149	410	414	1
150	340	350	1
151	2136	2141	1
152	676	680	1
153	1324	1338	1
154	782	804	1
155	718	732	1
156	185	188	1
157	720	727	1
158	2324	2327	1
159	237	259	1
160	397	407	1
161	1891	1929	1
162	646	662	1
163	180	210	1
164	1570	1580	1
165	329	355	1
166	884	915	1
167	2230	2352	1
168	1141	1217	1
169	2061	2078	1
170	905	962	1
171	1028	1047	1
172	2334	2350	1
173	1026	1053	1
174	1158	1193	1
175	1104	1119	1
176	1849	1866	1
177	1630	1638	1
178	1861	1864	1
179	2182	2185	1
180	2024	2052	1
181	1944	1947	1
182	2253	2268	1
183	2255	2268	1
184	728	737	1
185	504	517	1
186	1335	1370	1
187	1587	1658	1
188	263	357	1
189	617	620	1
190	1376	1379	1
191	197	211	1
192	1787	1813	1
193	387	401	1
194	2040	2058	1
195	1957	1959	1
196	374	398	1
197	214	220	1
198	2045	2047	1
199	2114	2124	1
200	1304	1313	1
201	1943	1946	1
202	937	944	1
203	611	639	1
204	1146	1188	1
205	1063	1100	1
206	6	15	1
207	2102	2124	1
208	2093	2099	1
209	1255	1280	1
210	1696	1701	1
211	1030	1061	1
212	88	111	1
213	1784	1820	1
214	2166	2168	1
215	2249	2338	1
216	1651	1671	1
217	2197	2204	1
218	516	521	1
219	483	501	1
220	783	809	1
221	1448	1481	1
222	69	101	1
223	943	947	1
224	1901	1911	1
225	2286	2344	1
226	328	347	1
227	369	372	1
228	2131	2148	1
229	1634	1663	1
230	618	641	1
231	1146	1157	1
232	1505	1510	1
233	414	448	1
234	777	780	1
235	1513	1529	1
236	1503	1546	1
237	160	182	1
238	467	473	1
239	241	263	1
240	1009	1034	1
241	1998	2016	1
242	1727	1730	1
243	1127	1134	1
244	2088	2111	1
245	990	1041	1
246	817	822	1
247	2295	2311	1
248	1141	1156	1
249	2179	2189	1
250	162	181	1
251	2342	2357	1
252	924	974	1
253	1922	2049	1
254	880	902	1
255	1478	1485	1
256	1316	1327	1
257	931	941	1
258	2354	2409	1
259	1067	1122	1
260	1920	1931	1
261	29	41	1
262	1398	1458	1
263	2326	2330	1
264	1313	1324	1
265	34	46	1
266	1122	1152	1
267	662	706	1
268	1973	1975	1
269	218	232	1
270	792	794	1
271	2005	2019	1
272	2087	2116	1
273	631	655	1
274	747	754	1
275	1016	1031	1
276	2151	2166	1
277	1650	1655	1
278	1188	1215	1
279	1861	1872	1
280	94	113	1
281	899	901	1
282	1586	1595	1
283	532	538	1
284	1974	1983	1
285	104	112	1
286	980	988	1
287	669	684	1
288	1166	1175	1
289	1801	1835	1
290	608	645	1
291	2337	2351	1
292	1723	1751	1
293	584	590	1
294	1888	1895	1
295	1808	1812	1
296	1507	1510	1
297	1926	1934	1
298	969	975	1
299	1726	1751	1
300	153	160	1
301	2181	2187	1
302	1795	1807	1
303	2174	2254	1
304	669	672	1
305	1323	1340	1
306	90	94	1
307	2190	2216	1
308	1780	1801	1
309	17	105	1
310	688	709	1
311	1243	1249	1
312	1613	1691	1
313	2374	2384	1
314	580	595	1
315	1831	1885	1
316	545	550	1
317	435	439	1
318	1849	1865	1
319	503	516	1
320	1271	1291	1
321	1120	1147	1
322	2398	2402	1
323	431	459	1
324	1431	1453	1
325	201	208	1
326	112	117	1
327	195	213	1
328	1197	1210	1
329	1443	1452	1
330	1373	1379	1
331	1736	1744	1
332	1218	1235	1
333	1268	1306	1
334	2121	2130	1
335	19	23	1
336	2283	2285	1
337	917	970	1
338	1354	1394	1
339	129	142	1
340	2023	2072	1
341	2381	2383	1
342	1355	1369	1
343	138	160	1
344	1608	1617	1
345	1874	1887	1
346	1303	1306	1
347	1145	1153	1
348	1738	1758	1
349	701	784	1
350	1608	1626	1
351	1018	1079	1
352	39	72	1
353	2136	2139	1
354	41	43	1
355	1142	1157	1
356	1494	1499	1
357	404	425	1
358	1342	1351	1
359	1532	1542	1
360	1751	1759	1
361	2337	2343	1
362	672	703	1
363	567	600	1
364	268	273	1
365	157	174	1
366	1214	1220	1
367	554	559	1
368	1138	1163	1
369	273	285	1
370	333	348	1
371	1244	1271	1
372	2293	2344	1
373	351	358	1
374	1241	1253	1
375	1032	1048	1
376	520	533	1
377	89	121	1
378	2069	2086	1
379	235	271	1
380	1188	1196	1
381	591	637	1
382	1211	1240	1
383	860	871	1
384	2057	2110	1
385	2371	2379	1
386	1991	2002	1
387	1915	1924	1
388	1781	1800	1
389	797	801	1
390	1395	1399	1
391	1762	1774	1
392	1049	1069	1
393	1646	1664	1
394	1635	1649	1
395	1618	1640	1
396	1605	1610	1
397	2228	2257	1
398	1511	1541	1
399	2061	2068	1
400	1245	1295	1
401	2160	2164	1
402	2001	2024	1
403	729	741	1
404	367	418	1
405	705	753	1
406	1689	1692	1
407	1599	1603	1
408	1392	1442	1
409	2225	2231	1
410	1049	1053	1
411	1824	1945	1
412	1503	1517	1
413	957	966	1
414	906	920	1
415	1686	1688	1
416	1602	1639	1
417	312	343	1
418	1554	1565	1
419	828	830	1
420	1078	1084	1
421	982	992	1
422	785	819	1
423	1241	1243	1
424	1995	2015	1
425	1159	1192	1
426	109	134	1
427	2009	2011	1
428	1311	1316	1
429	2056	2067	1
430	1349	1357	1
431	1768	1824	1
432	71	78	1
433	2303	2320	1
434	1590	1635	1
435	740	800	1
436	1634	1650	1
437	1748	1775	1
438	715	777	1
439	1365	1395	1
440	206	238	1
441	61	102	1
442	1249	1293	1
443	69	84	1
444	290	295	1
445	1742	1772	1
446	2368	2380	1
447	1157	1240	1
448	248	263	1
449	714	762	1
450	530	573	1
451	1903	1913	1
452	1503	1521	1
453	1284	1291	1
454	63	71	1
455	2382	2413	1
456	1811	1821	1
457	1957	1967	1
458	1101	1105	1
459	2295	2300	1
460	1644	1658	1
461	2093	2096	1
462	1771	1779	1
463	1019	1032	1
464	21	32	1
465	1256	1292	1
466	1262	1292	1
467	115	187	1
468	903	943	1
469	1227	1236	1
470	1352	1393	1
471	7	28	1
472	1682	1702	1
473	1693	1729	1
474	304	318	1
475	2013	2030	1
476	1254	1325	1
477	374	385	1
478	971	973	1
479	553	556	1
480	566	623	1
481	210	224	1
482	857	859	1
483	43	76	1
484	1530	1578	1
485	930	934	1
486	1227	1241	1
487	1473	1477	1
488	385	414	1
489	2368	2378	1
490	2334	2374	1
491	627	632	1
492	1499	1501	1
493	1823	1826	1
494	2383	2467	1
495	386	407	1
496	277	301	1
497	840	864	1
498	1358	1421	1
499	541	553	1
500	154	160	1
501	856	861	1
502	257	263	1
503	693	722	1
504	1982	1996	1
505	1920	1934	1
506	175	239	1
507	2185	2216	1
508	426	446	1
509	1235	1248	1
510	1335	1347	1
511	1321	1363	1
512	715	728	1
513	6	9	1
514	1093	1100	1
515	1562	1580	1
516	1859	1865	1
517	244	267	1
518	1382	1392	1
519	875	879	1
520	2155	2157	1
521	1935	1945	1
522	1037	1051	1
523	1962	1981	1
524	1527	1591	1
525	2005	2031	1
526	53	86	1
527	1407	1454	1
528	1487	1569	1
529	949	973	1
530	790	801	1
531	400	448	1
532	1254	1257	1
533	1489	1497	1
534	592	601	1
535	2363	2372	1
536	531	551	1
537	55	95	1
538	2166	2213	1
539	1006	1031	1
540	1549	1567	1
541	70	114	1
542	160	181	1
543	285	316	1
544	1709	1713	1
545	678	715	1
546	1069	1087	1
547	834	853	1
548	1379	1386	1
549	501	507	1
550	1846	1862	1
551	716	746	1
552	1587	1590	1
553	2287	2327	1
554	1985	2095	1
555	1290	1300	1
556	1302	1331	1
557	2220	2254	1
558	2346	2373	1
559	49	61	1
560	2091	2096	1
561	664	673	1
562	1639	1648	1
563	2161	2163	1
564	183	195	1
565	861	890	1
566	1788	1795	1
567	1654	1695	1
568	771	806	1
569	2024	2033	1
570	1972	2000	1
571	1571	1573	1
572	1918	1927	1
573	952	971	1
574	1441	1448	1
575	745	750	1
576	1533	1535	1
577	1546	1557	1
578	2181	2207	1
579	78	108	1
580	468	487	1
581	2236	2244	1
582	1428	1460	1
583	1339	1355	1
584	2205	2208	1
585	1259	1305	1
586	1185	1203	1
587	466	470	1
588	2302	2330	1
589	1295	1307	1
590	482	484	1
591	298	300	1
592	1740	1745	1
593	2398	2512	1
594	1594	1624	1
595	1509	1513	1
596	1023	1034	1
597	1821	1829	1
598	747	753	1
599	437	442	1
600	390	407	1
601	2175	2177	1
602	1209	1214	1
603	1897	1920	1
604	987	1009	1
605	1928	1935	1
606	623	626	1
607	1394	1421	1
608	2057	2073	1
609	103	106	1
610	645	650	1
611	2219	2242	1
612	229	239	1
613	2098	2105	1
614	352	383	1
615	2384	2390	1
616	1487	1495	1
617	1639	1643	1
618	153	162	1
619	1745	1770	1
620	1811	1817	1
621	255	269	1
622	1473	1476	1
623	884	917	1
624	298	327	1
625	225	250	1
626	1512	1535	1
627	1828	1832	1
628	826	844	1
629	1394	1442	1
630	1563	1567	1
631	1767	1771	1
632	720	753	1
633	929	946	1
634	1313	1340	1
635	696	706	1
636	1423	1437	1
637	1071	1081	1
638	1111	1118	1
639	1079	1090	1
640	1707	1726	1
641	135	177	1
642	1396	1408	1
643	2180	2196	1
644	2129	2135	1
645	1140	1145	1
646	1494	1497	1
647	193	219	1
648	131	175	1
649	1004	1046	1
650	80	109	1
651	204	211	1
652	1876	1881	1
653	1196	1258	1
654	1869	1884	1
655	1467	1484	1
656	225	287	1
657	290	309	1
658	270	274	1
659	1050	1072	1
660	893	895	1
661	2208	2236	1
662	317	327	1
663	1734	1742	1
664	944	963	1
665	1507	1509	1
666	2055	2070	1
667	1715	1717	1
668	1101	1112	1
669	1028	1063	1
670	1370	1385	1
671	340	346	1
672	798	803	1
673	277	292	1
674	1191	1225	1
675	656	664	1
676	786	798	1
677	1122	1134	1
678	1287	1296	1
679	2325	2371	1
680	1708	1720	1
681	146	158	1
682	830	859	1
683	1040	1058	1
684	1540	1563	1
685	1353	1395	1
686	1090	1093	1
687	1750	1819	1
688	2139	2146	1
689	1703	1716	1
690	2378	2402	1
691	2012	2021	1
692	1100	1105	1
693	824	829	1
694	319	338	1
695	468	471	1
696	155	189	1
697	2120	2137	1
698	304	311	1
699	550	556	1
700	1318	1328	1
701	927	969	1
702	1142	1145	1
703	1352	1371	1
704	1725	1789	1
705	1755	1779	1
706	701	709	1
707	487	544	1
708	307	344	1
709	2293	2320	1
710	1761	1766	1
711	1394	1461	1
712	1879	1889	1
713	1290	1311	1
714	528	543	1
715	915	928	1
716	313	316	1
717	348	359	1
718	473	479	1
719	1600	1684	1
720	753	767	1
721	521	538	1
722	2374	2390	1
723	2095	2098	1
724	1489	1495	1
725	967	995	1
726	493	498	1
727	731	735	1
728	2317	2351	1
729	1111	1139	1
730	1185	1198	1
731	1881	1890	1
732	2200	2250	1
733	491	500	1
734	1350	1352	1
735	266	322	1
736	430	440	1
737	52	58	1
738	187	210	1
739	549	560	1
740	633	638	1
741	1278	1280	1
742	1556	1577	1
743	2271	2294	1
744	461	489	1
745	670	730	1
746	1194	1196	1
747	517	538	1
748	1092	1110	1
749	1940	1960	1
750	505	516	1
751	2158	2192	1
752	706	734	1
753	347	350	1
754	2268	2279	1
755	255	264	1
756	585	595	1
757	1036	1044	1
758	80	89	1
759	105	114	1
760	960	991	1
761	139	144	1
762	2197	2202	1
763	419	450	1
764	1357	1372	1
765	798	808	1
766	1908	1944	1
767	1886	1908	1
768	236	267	1
769	2001	2010	1
770	265	272	1
771	1951	1973	1
772	458	466	1
773	182	192	1
774	2040	2058	1
775	2383	2408	1
776	1541	1568	1
777	937	948	1
778	1104	1114	1
779	815	819	1
780	1089	1123	1
781	912	921	1
782	2352	2364	1
783	13	45	1
784	2270	2288	1
785	1348	1362	1
786	2205	2223	1
787	923	929	1
788	747	753	1
789	1614	1624	1
790	782	796	1
791	1525	1529	1
792	217	226	1
793	1200	1208	1
794	1581	1587	1
795	1187	1202	1
796	1922	1956	1
797	478	513	1
798	1771	1812	1
799	2118	2158	1
800	2228	2279	1
801	329	340	1
802	631	641	1
803	1359	1386	1
804	1112	1137	1
805	1623	1627	1
806	119	131	1
807	2030	2053	1
808	1913	1927	1
809	22	49	1
810	1038	1045	1
811	1691	1719	1
812	1718	1730	1
813	305	307	1
814	1353	1363	1
815	1942	1946	1
816	2146	2163	1
817	996	1000	1
818	1281	1287	1
819	1247	1271	1
820	428	433	1
821	43	60	1
822	2395	2408	1
823	1274	1381	1
824	918	934	1
825	402	418	1
826	1896	1944	1
827	1940	1969	1
828	288	309	1
829	1629	1636	1
830	2079	2137	1
831	1237	1279	1
832	1803	1810	1
833	819	823	1
834	540	559	1
835	329	335	1
836	348	387	1
837	280	283	1
838	296	331	1
839	1899	1921	1
840	1263	1297	1
841	110	127	1
842	2147	2154	1
843	1313	1325	1
844	2166	2185	1
845	2116	2122	1
846	1115	1134	1
847	1503	1505	1
848	791	796	1
849	2147	2150	1
850	1079	1103	1
851	2029	2043	1
852	1494	1522	1
853	2290	2302	1
854	1377	1426	1
855	1707	1715	1
856	2313	2315	1
857	1620	1625	1
858	1695	1732	1
859	1493	1506	1
860	151	157	1
861	1195	1205	1
862	205	232	1
863	899	945	1
864	2007	2080	1
865	482	492	1
866	556	585	1
867	946	975	1
868	175	195	1
869	577	582	1
870	2234	2249	1
871	1234	1239	1
872	1133	1152	1
873	1932	1936	1
874	1429	1480	1
875	232	245	1
876	1904	1945	1
877	630	636	1
878	1050	1084	1
879	315	319	1
880	618	659	1
881	192	249	1
882	1511	1546	1
883	355	384	1
884	532	539	1
885	1881	1914	1
886	1754	1788	1
887	2095	2106	1
888	926	942	1
889	355	366	1
890	1876	1885	1
891	1401	1451	1
892	2122	2134	1
893	211	226	1
894	1086	1101	1
895	19	62	1
896	1600	1615	1
897	632	641	1
898	2384	2442	1
899	952	973	1
900	1634	1641	1
901	1699	1706	1
902	1083	1114	1
903	1219	1242	1
904	330	334	1
905	1325	1332	1
906	385	387	1
907	965	1015	1
908	726	737	1
909	1998	2004	1
910	608	614	1
911	2019	2039	1
912	1975	1999	1
913	1550	1577	1
914	2265	2282	1
915	1843	1884	1
916	606	633	1
917	776	804	1
918	2366	2368	1
919	705	753	1
920	1062	1131	1
921	1699	1712	1
922	1550	1579	1
923	1647	1651	1
924	960	1048	1
925	130	142	1
926	1004	1029	1
927	1167	1178	1
928	871	877	1
929	2179	2183	1
930	210	215	1
931	1942	1964	1
932	738	740	1
933	1685	1711	1
934	1592	1611	1
935	368	373	1
936	1656	1687	1
937	537	573	1
938	805	844	1
939	2356	2394	1
940	797	806	1
941	497	547	1
942	2352	2362	1
943	380	406	1
944	2330	2359	1
945	1302	1308	1
946	947	960	1
947	223	241	1
948	2386	2394	1
949	1491	1502	1
950	2070	2081	1
951	1533	1537	1
952	483	503	1
953	1793	1818	1
954	1103	1115	1
955	1016	1022	1
956	1455	1492	1
957	1186	1192	1
958	1364	1397	1
959	86	101	1
960	453	455	1
961	1754	1788	1
962	1875	1878	1
963	1217	1231	1
964	639	671	1
965	2018	2070	1
966	305	317	1
967	551	559	1
968	396	409	1
969	219	223	1
970	1848	1895	1
971	283	342	1
972	1655	1659	1
973	1258	1305	1
974	2352	2378	1
975	2088	2112	1
976	1161	1171	1
977	196	218	1
978	1408	1447	1
979	1641	1670	1
980	1670	1692	1
981	857	859	1
982	1217	1220	1
983	257	353	1
984	1262	1305	1
985	2308	2311	1
986	1865	1899	1
987	2085	2116	1
988	0	27	1
989	918	941	1
990	318	345	1
991	1217	1262	1
992	2277	2314	1
993	84	94	1
994	2128	2140	1
995	1565	1592	1
996	409	442	1
997	2270	2292	1
998	86	89	1
999	138	152	1
1000	2147	2192	1
1001	1862	1887	1
1002	2058	2082	1
1003	2226	2247	1
1004	1008	1033	1
1005	675	680	1
1006	719	744	1
1007	1720	1729	1
1008	413	450	1
1009	1641	1658	1
1010	1583	1593	1
1011	2041	2054	1
1012	2065	2076	1
1013	968	973	1
1014	662	702	1
1015	1262	1336	1
1016	658	675	1
1017	423	425	1
1018	1156	1161	1
1019	1691	1706	1
1020	1582	1619	1
1021	1212	1240	1
1022	987	1034	1
1023	656	664	1
1024	207	219	1
1025	1236	1265	1
1026	1396	1416	1
1027	1515	1538	1
1028	497	499	1
1029	588	590	1
1030	626	630	1
1031	1228	1230	1
1032	388	412	1
1033	743	753	1
1034	613	624	1
1035	1687	1696	1
1036	1790	1829	1
1037	733	738	1
1038	1395	1420	1
1039	384	413	1
1040	694	701	1
1041	2328	2348	1
1042	1947	1973	1
1043	2069	2091	1
1044	1224	1226	1
1045	1525	1542	1
1046	25	58	1
1047	108	142	1
1048	1902	1915	1
1049	53	58	1
1050	2083	2099	1
1051	1113	1117	1
1052	653	686	1
1053	441	466	1
1054	927	938	1
1055	921	964	1
1056	299	307	1
1057	2295	2301	1
1058	235	238	1
1059	425	435	1
1060	802	814	1
1061	1485	1503	1
1062	153	183	1
1063	708	736	1
1064	285	320	1
1065	1119	1136	1
1066	1697	1716	1
1067	111	143	1
1068	1909	2018	1
1069	2383	2389	1
1070	2280	2293	1
1071	1145	1155	1
1072	73	104	1
1073	2370	2405	1
1074	1895	1912	1
1075	365	389	1
1076	1902	1906	1
1077	2054	2092	1
1078	336	378	1
1079	368	400	1
1080	472	487	1
1081	375	417	1
1082	190	195	1
1083	1466	1484	1
1084	642	659	1
1085	2323	2348	1
1086	1391	1470	1
1087	252	267	1
1088	890	899	1
1089	1589	1596	1
1090	741	752	1
1091	917	936	1
1092	1182	1191	1
1093	731	733	1
1094	1593	1595	1
1095	1869	1877	1
1096	1628	1655	1
1097	2345	2348	1
1098	1119	1122	1
1099	2292	2309	1
1100	590	631	1
1101	942	976	1
1102	2262	2276	1
1103	13	26	1
1104	200	221	1
1105	1571	1574	1
1106	567	588	1
1107	55	105	1
1108	96	106	1
1109	1642	1691	1
1110	674	698	1
1111	1984	1996	1
1112	1166	1177	1
1113	1083	1150	1
1114	40	55	1
1115	978	980	1
1116	1209	1219	1
1117	2228	2231	1
1118	2326	2334	1
1119	1813	1827	1
1120	2356	2369	1
1121	1665	1668	1
1122	2003	2017	1
1123	1890	1897	1
1124	368	381	1
1125	1935	1937	1
1126	2363	2368	1
1127	1663	1689	1
1128	235	269	1
1129	1867	1924	1
1130	1298	1301	1
1131	238	250	1
1132	2285	2306	1
1133	2303	2336	1
1134	1792	1794	1
1135	1688	1709	1
1136	2300	2352	1
1137	1865	1867	1
1138	1106	1108	1
1139	1219	1231	1
1140	31	38	1
1141	1933	1945	1
1142	1367	1370	1
1143	2056	2076	1
1144	2140	2142	1
1145	272	285	1
1146	697	717	1
1147	2128	2187	1
1148	758	776	1
1149	2299	2309	1
1150	1695	1709	1
1151	1265	1273	1
1152	784	806	1
1153	1136	1149	1
1154	1711	1717	1
1155	336	360	1
1156	968	1003	1
1157	1055	1066	1
1158	1065	1068	1
1159	942	1006	1
1160	348	358	1
1161	2385	2388	1
1162	1654	1684	1
1163	1307	1316	1
1164	1428	1435	1
1165	242	255	1
1166	1300	1307	1
1167	1739	1745	1
1168	1338	1368	1
1169	191	253	1
1170	2143	2149	1
1171	330	339	1
1172	1597	1599	1
1173	1384	1399	1
1174	1105	1113	1
1175	1019	1024	1
1176	188	198	1
1177	1365	1376	1
1178	1090	1115	1
1179	927	930	1
1180	2200	2260	1
1181	233	266	1
1182	120	157	1
1183	2283	2292	1
1184	233	253	1
1185	507	567	1
1186	384	399	1
1187	503	535	1
1188	1219	1257	1
1189	1130	1162	1
1190	1527	1544	1
1191	1245	1268	1
1192	621	656	1
1193	170	192	1
1194	1550	1557	1
1195	1810	1835	1
1196	1143	1158	1
1197	1077	1129	1
1198	1383	1423	1
1199	2144	2166	1
1200	437	464	1
1201	542	572	1
1202	1457	1459	1
1203	800	832	1
1204	1979	2003	1
1205	791	815	1
1206	1866	1881	1
1207	1166	1181	1
1208	1872	1899	1
1209	147	165	1
1210	1966	1973	1
1211	2259	2275	1
1212	563	576	1
1213	2032	2035	1
1214	827	843	1
1215	2244	2248	1
1216	2106	2113	1
1217	716	725	1
1218	967	1029	1
1219	2387	2393	1
1220	1657	1677	1
1221	509	548	1
1222	955	977	1
1223	1004	1025	1
1224	1154	1156	1
1225	749	751	1
1226	2041	2093	1
1227	1693	1716	1
1228	51	74	1
1229	1843	1858	1
1230	1768	1771	1
1231	714	722	1
1232	359	363	1
1233	741	772	1
1234	273	307	1
1235	721	734	1
1236	1105	1110	1
1237	1070	1097	1
1238	1285	1327	1
1239	405	468	1
1240	668	702	1
1241	455	458	1
1242	46	50	1
1243	1189	1213	1
1244	1455	1478	1
1245	469	487	1
1246	2327	2330	1
1247	1769	1777	1
1248	2369	2406	1
1249	160	204	1
1250	1155	1173	1
1251	639	643	1
1252	573	576	1
1253	279	290	1
1254	2335	2440	1
1255	2048	2089	1
1256	2330	2341	1
1257	369	375	1
1258	1981	1994	1
1259	697	709	1
1260	413	415	1
1261	1574	1587	1
1262	603	611	1
1263	362	376	1
1264	224	231	1
1265	1598	1636	1
1266	397	404	1
1267	2132	2146	1
1268	959	980	1
1269	1180	1196	1
1270	1172	1204	1
1271	653	658	1
1272	491	573	1
1273	2285	2294	1
1274	1243	1274	1
1275	175	208	1
1276	2150	2202	1
1277	1756	1794	1
1278	1546	1593	1
1279	2126	2161	1
1280	2373	2407	1
1281	2080	2110	1
1282	2017	2023	1
1283	2150	2164	1
1284	1211	1221	1
1285	120	161	1
1286	92	96	1
1287	1242	1250	1
1288	2244	2287	1
1289	1182	1211	1
1290	286	320	1
1291	447	499	1
1292	2210	2236	1
1293	276	294	1
1294	62	83	1
1295	1313	1343	1
1296	1273	1370	1
1297	1731	1757	1
1298	580	582	1
1299	1981	1992	1
1300	2177	2210	1
1301	549	568	1
1302	687	775	1
1303	550	576	1
1304	2087	2092	1
1305	184	204	1
1306	962	978	1
1307	169	178	1
1308	399	408	1
1309	2113	2118	1
1310	1096	1106	1
1311	477	482	1
1312	1795	1810	1
1313	2041	2075	1
1314	20	71	1
1315	2052	2056	1
1316	1019	1035	1
1317	568	593	1
1318	1511	1519	1
1319	1419	1429	1
1320	251	286	1
1321	1750	1786	1
1322	1686	1726	1
1323	574	583	1
1324	210	212	1
1325	1735	1754	1
1326	1397	1410	1
1327	100	109	1
1328	27	66	1
1329	163	228	1
1330	1618	1635	1
1331	1534	1547	1
1332	2263	2286	1
1333	1291	1314	1
1334	1828	1840	1
1335	286	296	1
1336	938	978	1
1337	298	301	1
1338	871	893	1
1339	2030	2051	1
1340	1457	1483	1
1341	2024	2039	1
1342	360	410	1
1343	331	336	1
1344	1547	1583	1
1345	1157	1185	1
1346	1780	1791	1
1347	747	750	1
1348	943	961	1
1349	143	181	1
1350	618	630	1
1351	1451	1457	1
1352	1474	1480	1
1353	408	413	1
1354	970	979	1
1355	993	995	1
1356	2282	2300	1
1357	2344	2394	1
1358	1293	1323	1
1359	295	306	1
1360	190	209	1
1361	179	207	1
1362	2177	2190	1
1363	1849	1904	1
1364	2282	2291	1
1365	905	907	1
1366	1786	1833	1
1367	256	277	1
1368	1732	1737	1
1369	1386	1410	1
1370	1863	1867	1
1371	1856	1890	1
1372	1818	1827	1
1373	592	612	1
1374	1020	1043	1
1375	762	769	1
1376	2162	2172	1
1377	1054	1095	1
1378	953	970	1
1379	2185	2190	1
1380	1815	1828	1
1381	2193	2197	1
1382	1698	1741	1
1383	254	265	1
1384	187	199	1
1385	1863	1881	1
1386	81	87	1
1387	1309	1314	1
1388	2267	2278	1
1389	1843	1882	1
1390	2048	2065	1
1391	1386	1391	1
1392	1290	1306	1
1393	1100	1105	1
1394	295	314	1
1395	205	281	1
1396	1003	1029	1
1397	30	49	1
1398	194	201	1
1399	978	991	1
1400	395	403	1
1401	2096	2118	1
1402	812	828	1
1403	1470	1474	1
1404	2034	2095	1
1405	593	613	1
1406	1908	1922	1
1407	2161	2173	1
1408	575	607	1
1409	1476	1485	1
1410	185	255	1
1411	1302	1320	1
1412	83	85	1
1413	2366	2387	1
1414	163	187	1
1415	169	180	1
1416	999	1023	1
1417	869	889	1
1418	7	18	1
1419	1253	1279	1
1420	510	525	1
1421	2365	2393	1
1422	2390	2467	1
1423	2241	2271	1
1424	349	396	1
1425	2229	2257	1
1426	2155	2157	1
1427	917	945	1
1428	982	992	1
1429	2	101	1
1430	1955	1959	1
1431	455	473	1
1432	817	849	1
1433	707	734	1
1434	1878	1890	1
1435	1576	1581	1
1436	985	1022	1
1437	94	121	1
1438	1866	1869	1
1439	187	212	1
1440	1131	1147	1
1441	1100	1109	1
1442	362	378	1
1443	1837	1866	1
1444	316	340	1
1445	2269	2282	1
1446	1723	1727	1
1447	747	763	1
1448	704	714	1
1449	608	613	1
1450	1687	1739	1
1451	1573	1626	1
1452	1182	1189	1
1453	1057	1065	1
1454	1143	1164	1
1455	1132	1152	1
1456	1418	1437	1
1457	854	862	1
1458	445	461	1
1459	465	483	1
1460	1077	1147	1
1461	1639	1700	1
1462	1158	1171	1
1463	55	83	1
1464	2131	2181	1
1465	871	922	1
1466	1225	1257	1
1467	120	142	1
1468	1146	1160	1
1469	1356	1366	1
1470	550	584	1
1471	210	212	1
1472	541	560	1
1473	937	940	1
1474	389	447	1
1475	2160	2165	1
1476	34	49	1
1477	2353	2380	1
1478	1134	1162	1
1479	1965	1977	1
1480	2249	2261	1
1481	1076	1083	1
1482	523	550	1
1483	2155	2199	1
1484	1845	1847	1
1485	90	105	1
1486	1526	1534	1
1487	1994	2012	1
1488	563	573	1
1489	2173	2186	1
1490	415	418	1
1491	2019	2075	1
1492	993	1010	1
1493	1958	2000	1
1494	28	42	1
1495	36	54	1
1496	1798	1818	1
1497	605	616	1
1498	282	302	1
1499	766	819	1
1500	1149	1170	1
1501	2001	2007	1
1502	1165	1253	1
1503	2321	2333	1
1504	643	656	1
1505	496	508	1
1506	216	231	1
1507	1641	1645	1
1508	1925	1939	1
1509	2290	2318	1
1510	321	325	1
1511	276	309	1
1512	2328	2349	1
1513	79	95	1
1514	1106	1119	1
1515	705	709	1
1516	2217	2221	1
1517	459	462	1
1518	1921	1945	1
1519	596	602	1
1520	1931	1949	1
1521	390	394	1
1522	1711	1723	1
1523	581	595	1
1524	779	806	1
1525	385	481	1
1526	1533	1553	1
1527	322	367	1
1528	2344	2361	1
1529	2126	2151	1
1530	681	690	1
1531	776	779	1
1532	46	51	1
1533	451	462	1
1534	1138	1144	1
1535	2214	2223	1
1536	1654	1720	1
1537	1302	1323	1
1538	2310	2381	1
1539	928	992	1
1540	1511	1532	1
1541	2010	2014	1
1542	2294	2347	1
1543	759	774	1
1544	454	456	1
1545	1727	1760	1
1546	285	303	1
1547	2336	2360	1
1548	898	925	1
1549	134	148	1
1550	513	529	1
1551	301	305	1
1552	1458	1538	1
1553	1179	1195	1
1554	2193	2200	1
1555	1970	2002	1
1556	1312	1314	1
1557	2364	2379	1
1558	105	112	1
1559	400	406	1
1560	2211	2269	1
1561	720	749	1
1562	1332	1338	1
1563	1816	1881	1
1564	1027	1036	1
1565	501	522	1
1566	142	157	1
1567	884	910	1
1568	764	796	1
1569	1560	1565	1
1570	954	962	1
1571	129	135	1
1572	2244	2259	1
1573	1934	1992	1
1574	1685	1688	1
1575	1222	1231	1
1576	422	432	1
1577	397	399	1
1578	2337	2348	1
1579	1696	1705	1
1580	117	133	1
1581	2105	2121	1
1582	2175	2179	1
1583	276	289	1
1584	240	284	1
1585	1608	1634	1
1586	789	793	1
1587	2009	2018	1
1588	1904	1929	1
1589	777	783	1
1590	1550	1568	1
1591	359	389	1
1592	34	134	1
1593	2217	2221	1
1594	2059	2068	1
1595	1246	1282	1
1596	359	399	1
1597	2078	2125	1
1598	970	1004	1
1599	944	952	1
1600	1963	1965	1
1601	800	821	1
1602	72	88	1
1603	649	663	1
1604	2119	2163	1
1605	1648	1741	1
1606	1646	1677	1
1607	316	336	1
1608	1197	1208	1
1609	214	239	1
1610	2323	2346	1
1611	1836	1851	1
1612	1005	1012	1
1613	908	929	1
1614	30	70	1
1615	1858	1926	1
1616	518	537	1
1617	1117	1127	1
1618	1977	2026	1
1619	2296	2314	1
1620	2057	2081	1
1621	858	877	1
1622	1888	1924	1
1623	1646	1655	1
1624	1350	1352	1
1625	1613	1658	1
1626	1038	1057	1
1627	924	939	1
1628	1941	1978	1
1629	486	491	1
1630	133	152	1
1631	726	750	1
1632	2378	2431	1
1633	643	661	1
1634	746	764	1
1635	236	244	1
1636	1071	1169	1
1637	1748	1751	1
1638	214	247	1
1639	4	42	1
1640	1808	1842	1
1641	1335	1346	1
1642	1597	1604	1
1643	1115	1148	1
1644	881	894	1
1645	358	367	1
1646	287	319	1
1647	1953	1963	1
1648	582	609	1
1649	17	44	1
1650	1702	1715	1
1651	2071	2104	1
1652	902	949	1
1653	1998	2006	1
1654	2013	2020	1
1655	619	642	1
1656	2151	2155	1
1657	1651	1658	1
1658	528	539	1
1659	604	607	1
1660	1499	1541	1
1661	559	597	1
1662	1375	1379	1
1663	3	25	1
1664	1751	1790	1
1665	2386	2410	1
1666	1928	1960	1
1667	1319	1368	1
1668	1295	1383	1
1669	21	24	1
1670	1146	1231	1
1671	354	358	1
1672	141	177	1
1673	302	304	1
1674	1049	1075	1
1675	364	366	1
1676	1051	1068	1
1677	2082	2088	1
1678	7	9	1
1679	963	967	1
1680	1668	1695	1
1681	195	197	1
1682	521	558	1
1683	2	18	1
1684	2348	2354	1
1685	2193	2229	1
1686	1617	1627	1
1687	231	235	1
1688	1417	1439	1
1689	780	795	1
1690	181	184	1
1691	274	277	1
1692	1447	1459	1
1693	662	664	1
1694	1431	1433	1
1695	1113	1142	1
1696	2121	2123	1
1697	1734	1744	1
1698	2368	2373	1
1699	22	34	1
1700	2264	2279	1
1701	1165	1173	1
1702	624	630	1
1703	2167	2222	1
1704	551	570	1
1705	1325	1347	1
1706	1088	1120	1
1707	1078	1155	1
1708	1481	1499	1
1709	1285	1290	1
1710	594	596	1
1711	1813	1816	1
1712	1708	1732	1
1713	1340	1364	1
1714	703	717	1
1715	185	187	1
1716	427	454	1
1717	233	243	1
1718	1854	1861	1
1719	2033	2123	1
1720	917	936	1
1721	544	592	1
1722	572	591	1
1723	387	391	1
1724	1538	1548	1
1725	93	112	1
1726	867	869	1
1727	907	935	1
1728	2188	2233	1
1729	822	903	1
1730	2116	2130	1
1731	631	687	1
1732	1795	1841	1
1733	1862	1864	1
1734	1696	1702	1
1735	1537	1540	1
1736	1557	1559	1
1737	685	712	1
1738	1428	1435	1
1739	1460	1473	1
1740	361	373	1
1741	991	993	1
1742	819	830	1
1743	1312	1348	1
1744	340	416	1
1745	1759	1806	1
1746	1034	1079	1
1747	1305	1317	1
1748	699	706	1
1749	802	857	1
1750	124	163	1
1751	169	171	1
1752	1252	1299	1
1753	352	368	1
1754	2024	2031	1
1755	2218	2267	1
1756	1472	1479	1
1757	656	663	1
1758	1788	1818	1
1759	244	247	1
1760	472	480	1
1761	2049	2132	1
1762	1423	1425	1
1763	1732	1743	1
1764	1465	1482	1
1765	1448	1481	1
1766	1526	1555	1
1767	1723	1734	1
1768	1131	1142	1
1769	304	307	1
1770	1047	1076	1
1771	255	267	1
1772	1668	1824	1
1773	1576	1584	1
1774	2095	2113	1
1775	1769	1776	1
1776	1812	1819	1
1777	892	953	1
1778	1492	1509	1
1779	1353	1368	1
1780	233	248	1
1781	1148	1181	1
1782	303	317	1
1783	1697	1704	1
1784	620	641	1
1785	2158	2215	1
1786	501	590	1
1787	505	510	1
1788	1419	1425	1
1789	881	901	1
1790	2121	2129	1
1791	311	364	1
1792	1303	1343	1
1793	2018	2052	1
1794	426	440	1
1795	1015	1035	1
1796	1756	1792	1
1797	295	300	1
1798	972	985	1
1799	386	446	1
1800	2158	2175	1
1801	2269	2354	1
1802	2317	2326	1
1803	637	640	1
1804	2036	2057	1
1805	1128	1169	1
1806	543	551	1
1807	105	119	1
1808	715	722	1
1809	2156	2164	1
1810	745	787	1
1811	1272	1316	1
1812	1644	1694	1
1813	455	481	1
1814	1785	1817	1
1815	1467	1487	1
1816	34	82	1
1817	1474	1493	1
1818	2010	2023	1
1819	2028	2070	1
1820	353	373	1
1821	2390	2400	1
1822	298	314	1
1823	882	888	1
1824	969	985	1
1825	1809	1819	1
1826	1499	1511	1
1827	1105	1141	1
1828	1591	1597	1
1829	2006	2035	1
1830	1716	1727	1
1831	1438	1445	1
1832	1872	1893	1
1833	1680	1693	1
1834	1949	1959	1
1835	1441	1454	1
1836	2058	2060	1
1837	2258	2284	1
1838	2155	2166	1
1839	1889	1914	1
1840	40	44	1
1841	2323	2335	1
1842	1955	1962	1
1843	1559	1608	1
1844	185	198	1
1845	948	951	1
1846	900	914	1
1847	1176	1213	1
1848	486	503	1
1849	2194	2244	1
1850	1288	1291	1
1851	1271	1278	1
1852	289	302	1
1853	1272	1280	1
1854	230	249	1
1855	860	880	1
1856	144	154	1
1857	397	407	1
1858	2224	2228	1
1859	1311	1321	1
1860	1868	1880	1
1861	997	1007	1
1862	0	6	1
1863	1905	1923	1
1864	1157	1165	1
1865	1217	1230	1
1866	100	120	1
1867	1365	1386	1
1868	1211	1222	1
1869	73	162	1
1870	583	630	1
1871	1773	1795	1
1872	301	310	1
1873	1635	1685	1
1874	1039	1047	1
1875	1315	1319	1
1876	838	857	1
1877	1601	1630	1
1878	282	286	1
1879	355	363	1
1880	1442	1448	1
1881	1800	1840	1
1882	793	824	1
1883	1790	1829	1
1884	2184	2276	1
1885	316	326	1
1886	1607	1619	1
1887	229	257	1
1888	578	588	1
1889	2111	2121	1
1890	1619	1707	1
1891	1608	1610	1
1892	1400	1446	1
1893	641	645	1
1894	594	605	1
1895	860	871	1
1896	1552	1585	1
1897	897	917	1
1898	1333	1409	1
1899	193	240	1
1900	640	647	1
1901	12	45	1
1902	1325	1337	1
1903	286	294	1
1904	214	229	1
1905	992	1025	1
1906	975	995	1
1907	1868	1880	1
1908	1588	1596	1
1909	757	776	1
1910	1475	1484	1
1911	628	646	1
1912	2059	2145	1
1913	1266	1268	1
1914	264	287	1
1915	1127	1149	1
1916	307	317	1
1917	1823	1849	1
1918	2043	2073	1
1919	1630	1634	1
1920	1236	1248	1
1921	1741	1802	1
1922	619	630	1
1923	1839	1889	1
1924	2117	2125	1
1925	2067	2075	1
1926	1647	1674	1
1927	2096	2103	1
1928	1274	1281	1
1929	645	666	1
1930	1821	1862	1
1931	2329	2332	1
1932	1728	1736	1
1933	1892	1895	1
1934	1973	1995	1
1935	1894	1898	1
1936	1613	1621	1
1937	1844	1923	1
1938	1252	1257	1
1939	2372	2390	1
1940	1828	1847	1
1941	607	614	1
1942	46	57	1
1943	474	490	1
1944	577	584	1
1945	1488	1500	1
1946	1217	1235	1
1947	779	784	1
1948	814	821	1
1949	1255	1260	1
1950	98	107	1
1951	1485	1500	1
1952	2118	2147	1
1953	910	931	1
1954	589	613	1
1955	2262	2280	1
1956	412	459	1
1957	1121	1148	1
1958	1243	1283	1
1959	1883	1888	1
1960	562	575	1
1961	1397	1405	1
1962	621	626	1
1963	975	994	1
1964	732	752	1
1965	479	484	1
1966	332	338	1
1967	771	836	1
1968	221	244	1
1969	2372	2406	1
1970	1565	1576	1
1971	2119	2130	1
1972	2066	2082	1
1973	1034	1039	1
1974	2326	2353	1
1975	1563	1566	1
1976	1704	1740	1
1977	2275	2283	1
1978	1297	1315	1
1979	310	316	1
1980	306	323	1
1981	54	71	1
1982	1993	2018	1
1983	1139	1150	1
1984	1372	1408	1
1985	571	603	1
1986	1218	1266	1
1987	178	244	1
1988	1958	1985	1
1989	2017	2029	1
1990	603	608	1
1991	1816	1846	1
1992	1299	1344	1
1993	1035	1052	1
1994	2124	2154	1
1995	1968	1973	1
1996	1816	1844	1
1997	650	660	1
1998	1372	1374	1
1999	2284	2318	1
2000	1734	1746	1
2001	945	964	1
2002	2250	2293	1
2003	136	201	1
2004	434	482	1
2005	1891	1898	1
2006	589	601	1
2007	966	998	1
2008	273	280	1
2009	785	792	1
2010	2059	2066	1
2011	2349	2374	1
2012	1742	1772	1
2013	2089	2098	1
2014	1519	1528	1
2015	1921	1939	1
2016	1098	1111	1
2017	486	497	1
2018	978	1029	1
2019	1825	1867	1
2020	1234	1238	1
2021	1691	1699	1
2022	1838	1852	1
2023	77	83	1
2024	1183	1185	1
2025	1950	1987	1
2026	2084	2112	1
2027	2127	2135	1
2028	869	875	1
2029	2121	2145	1
2030	1516	1572	1
2031	2047	2054	1
2032	663	673	1
2033	124	127	1
2034	1323	1335	1
2035	243	270	1
2036	786	791	1
2037	99	109	1
2038	1368	1376	1
2039	797	830	1
2040	305	314	1
2041	13	34	1
2042	1172	1189	1
2043	399	403	1
2044	1161	1169	1
2045	2340	2361	1
2046	1660	1712	1
2047	1372	1388	1
2048	816	821	1
2049	1529	1534	1
2050	1838	1841	1
2051	1679	1682	1
2052	904	912	1
2053	640	643	1
2054	1343	1391	1
2055	137	143	1
2056	2089	2121	1
2057	1726	1750	1
2058	80	96	1
2059	1996	2009	1
2060	230	235	1
2061	430	439	1
2062	1579	1638	1
2063	795	807	1
2064	444	450	1
2065	339	364	1
2066	2140	2177	1
2067	418	447	1
2068	2394	2401	1
2069	709	744	1
2070	294	296	1
2071	1255	1278	1
2072	1474	1491	1
2073	2182	2246	1
2074	2227	2257	1
2075	2317	2365	1
2076	2181	2227	1
2077	1950	1962	1
2078	858	865	1
2079	586	618	1
2080	798	821	1
2081	1560	1589	1
2082	62	90	1
2083	134	137	1
2084	1914	1945	1
2085	1210	1236	1
2086	36	40	1
2087	2215	2223	1
2088	1970	2059	1
2089	806	867	1
2090	529	540	1
2091	238	243	1
2092	2361	2368	1
2093	12	27	1
2094	713	733	1
2095	84	93	1
2096	886	888	1
2097	605	627	1
2098	1501	1513	1
2099	1636	1645	1
2100	1355	1376	1
2101	501	509	1
2102	1583	1590	1
2103	2208	2253	1
2104	12	21	1
2105	516	565	1
2106	76	126	1
2107	1954	1976	1
2108	1254	1259	1
2109	2165	2183	1
2110	1136	1179	1
2111	1856	1864	1
2112	946	967	1
2113	2273	2279	1
2114	1907	1923	1
2115	481	489	1
2116	1980	1988	1
2117	2026	2032	1
2118	2192	2233	1
2119	40	73	1
2120	1822	1831	1
2121	1323	1353	1
2122	595	603	1
2123	1536	1616	1
2124	1942	1972	1
2125	1344	1369	1
2126	295	306	1
2127	635	741	1
2128	398	452	1
2129	657	670	1
2130	418	420	1
2131	1332	1339	1
2132	648	677	1
2133	481	485	1
2134	1425	1428	1
2135	2002	2028	1
2136	193	202	1
2137	269	289	1
2138	2341	2373	1
2139	205	264	1
2140	331	384	1
2141	1889	1893	1
2142	2256	2275	1
2143	533	535	1
2144	61	73	1
2145	1048	1056	1
2146	1043	1055	1
2147	130	151	1
2148	27	69	1
2149	799	802	1
2150	745	751	1
2151	461	481	1
2152	2016	2019	1
2153	269	272	1
2154	1649	1665	1
2155	2358	2367	1
2156	448	486	1
2157	1961	1972	1
2158	501	509	1
2159	1030	1044	1
2160	1079	1101	1
2161	565	590	1
2162	2038	2045	1
2163	579	592	1
2164	1120	1129	1
2165	1598	1604	1
2166	831	844	1
2167	665	685	1
2168	481	488	1
2169	385	412	1
2170	382	404	1
2171	1068	1145	1
2172	899	948	1
2173	2030	2039	1
2174	1858	1863	1
2175	2281	2285	1
2176	1316	1324	1
2177	2381	2410	1
2178	2101	2125	1
2179	615	656	1
2180	1320	1386	1
2181	1257	1269	1
2182	1675	1687	1
2183	967	970	1
2184	781	858	1
2185	2234	2267	1
2186	498	509	1
2187	1600	1635	1
2188	699	704	1
2189	229	250	1
2190	416	427	1
2191	1205	1213	1
2192	770	774	1
2193	2189	2194	1
2194	58	62	1
2195	2311	2327	1
2196	1930	1940	1
2197	1219	1247	1
2198	365	368	1
2199	1439	1464	1
2200	584	597	1
2201	1170	1191	1
2202	481	484	1
2203	1326	1329	1
2204	1161	1200	1
2205	1804	1820	1
2206	1654	1683	1
2207	2385	2397	1
2208	1522	1568	1
2209	319	351	1
2210	1279	1309	1
2211	773	782	1
2212	2334	2367	1
2213	288	305	1
2214	899	918	1
2215	1215	1218	1
2216	1669	1674	1
2217	2005	2050	1
2218	2104	2106	1
2219	1837	1848	1
2220	76	89	1
2221	148	193	1
2222	1192	1199	1
2223	2141	2149	1
2224	151	156	1
2225	1898	1911	1
2226	2334	2343	1
2227	1718	1733	1
2228	1418	1450	1
2229	852	872	1
2230	342	377	1
2231	1783	1794	1
2232	1042	1083	1
2233	1713	1724	1
2234	1452	1459	1
2235	1387	1403	1
2236	1885	1888	1
2237	2210	2252	1
2238	1680	1757	1
2239	1683	1693	1
2240	433	437	1
2241	1887	1891	1
2242	660	737	1
2243	1800	1803	1
2244	225	248	1
2245	307	317	1
2246	1956	1962	1
2247	873	894	1
2248	2140	2253	1
2249	1555	1559	1
2250	1020	1046	1
2251	469	478	1
2252	2154	2168	1
2253	389	402	1
2254	649	654	1
2255	540	565	1
2256	845	856	1
2257	957	961	1
2258	2206	2208	1
2259	215	335	1
2260	117	125	1
2261	231	233	1
2262	1667	1681	1
2263	1647	1655	1
2264	759	791	1
2265	461	485	1
2266	106	113	1
2267	1770	1775	1
2268	2328	2353	1
2269	1580	1583	1
2270	251	257	1
2271	2165	2169	1
2272	1751	1781	1
2273	1266	1274	1
2274	479	507	1
2275	852	887	1
2276	495	497	1
2277	1894	1900	1
2278	1573	1619	1
2279	149	156	1
2280	2231	2235	1
2281	72	76	1
2282	143	156	1
2283	1570	1583	1
2284	1175	1187	1
2285	872	980	1
2286	1471	1484	1
2287	1803	1824	1
2288	2093	2107	1
2289	1550	1592	1
2290	2382	2393	1
2291	722	724	1
2292	744	766	1
2293	457	466	1
2294	1047	1056	1
2295	2146	2173	1
2296	1390	1395	1
2297	1745	1796	1
2298	1726	1759	1
2299	1908	1975	1
2300	2364	2380	1
2301	150	155	1
2302	1714	1729	1
2303	2203	2262	1
2304	618	621	1
2305	1660	1677	1
2306	1073	1079	1
2307	2271	2295	1
2308	2286	2310	1
2309	1350	1362	1
2310	111	120	1
2311	546	593	1
2312	1493	1510	1
2313	859	921	1
2314	413	428	1
2315	721	723	1
2316	514	525	1
2317	533	542	1
2318	1171	1214	1
2319	1440	1472	1
2320	2096	2105	1
2321	2295	2302	1
2322	1210	1218	1
2323	2213	2219	1
2324	1648	1657	1
2325	429	433	1
2326	2080	2086	1
2327	985	1013	1
2328	680	744	1
2329	956	980	1
2330	548	551	1
2331	1289	1306	1
2332	2172	2183	1
2333	548	585	1
2334	1406	1413	1
2335	172	202	1
2336	908	955	1
2337	486	538	1
2338	2235	2252	1
2339	649	713	1
2340	1680	1682	1
2341	1109	1116	1
2342	1560	1569	1
2343	651	667	1
2344	1998	2008	1
2345	6	56	1
2346	131	137	1
2347	1517	1579	1
2348	1289	1342	1
2349	1973	2001	1
2350	1243	1313	1
2351	622	639	1
2352	2389	2402	1
2353	1270	1275	1
2354	166	189	1
2355	923	933	1
2356	204	207	1
2357	1114	1165	1
2358	1787	1796	1
2359	1930	1939	1
2360	843	862	1
2361	1207	1260	1
2362	666	680	1
2363	429	452	1
2364	1602	1605	1
2365	1464	1477	1
2366	2048	2051	1
2367	226	256	1
2368	1708	1712	1
2369	1598	1608	1
2370	2129	2138	1
2371	2399	2418	1
2372	1748	1757	1
2373	572	593	1
2374	2386	2414	1
2375	1792	1797	1
2376	613	619	1
2377	455	457	1
2378	1948	2011	1
2379	1034	1040	1
2380	2305	2350	1
2381	1560	1589	1
2382	934	953	1
2383	2101	2111	1
2384	2392	2415	1
2385	609	616	1
2386	1005	1015	1
2387	1618	1640	1
2388	552	589	1
2389	784	793	1
2390	1045	1047	1
2391	2015	2021	1
2392	454	487	1
2393	1460	1483	1
2394	1208	1216	1
2395	915	919	1
2396	1649	1671	1
2397	1731	1736	1
2398	251	294	1
2399	959	962	1
