2000	2	0	0
0	765	775	1
1	553	586	1
2	1859	1865	1
3	585	601	1
4	647	651	1
5	139	147	1
6	798	803	1
7	375	377	1
8	599	607	1
9	1073	1081	1
10	1437	1443	1
11	599	603	1
12	1257	1282	1
13	1120	1131	1
14	1735	1750	1
15	572	603	1
16	1057	1067	1
17	1302	1319	1
18	625	635	1
19	1681	1713	1
20	77	84	1
21	1210	1217	1
22	280	284	1
23	1005	1011	1
24	1572	1575	1
25	228	244	1
26	832	838	1
27	736	744	1
28	773	775	1
29	1081	1095	1
30	1386	1388	1
31	1996	2001	1
32	1329	1333	1
33	1670	1674	1
34	1406	1409	1
35	724	733	1
36	859	903	1
37	228	235	1
38	704	721	1
39	396	398	1
40	1245	1267	1
41	1811	1838	1
42	1799	1803	1
43	485	516	1
44	954	985	1
45	1716	1727	1
46	993	995	1
47	1822	1827	1
48	168	179	1
49	341	350	1
50	531	562	1
51	45	49	1
52	944	947	1
53	1745	1747	1
54	1903	1906	1
55	1614	1622	1
56	884	889	1
57	1121	1126	1
58	1667	1669	1
59	1381	1391	1
60	37	45	1
61	199	215	1
62	1971	1973	1
63	70	92	1
64	256	275	1
65	49	52	1
66	221	231	1
67	1485	1497	1
68	96	101	1
69	531	535	1
70	1408	1418	1
71	140	167	1
72	1614	1620	1
73	1849	1856	1
74	987	992	1
75	1886	1891	1
76	190	193	1
77	443	454	1
78	1200	1230	1
79	1741	1774	1
80	1152	1163	1
81	109	118	1
82	725	748	1
83	1772	1775	1
84	1852	1878	1
85	1752	1756	1
86	1811	1813	1
87	643	645	1
88	493	499	1
89	936	945	1
90	1401	1404	1
91	189	193	1
92	1113	1115	1
93	773	781	1
94	1488	1495	1
95	1581	1596	1
96	436	450	1
97	150	158	1
98	391	408	1
99	263	265	1
100	721	726	1
101	420	451	1
102	1464	1487	1
103	470	473	1
104	1206	1211	1
105	1850	1863	1
106	1936	1949	1
107	569	583	1
108	890	922	1
109	902	914	1
110	1786	1790	1
111	1715	1720	1
112	1830	1859	1
113	855	866	1
114	601	630	1
115	777	789	1
116	1745	1749	1
117	402	425	1
118	5	9	1
119	274	287	1
120	1530	1542	1
121	114	116	1
122	1965	1968	1
123	1366	1370	1
124	817	833	1
125	334	345	1
126	1692	1698	1
127	581	584	1
128	118	132	1
129	1665	1676	1
130	1624	1632	1
131	1033	1044	1
132	565	567	1
133	508	518	1
134	1025	1036	1
135	1049	1053	1
136	597	602	1
137	1618	1621	1
138	2	9	1
139	1099	1106	1
140	920	949	1
141	305	316	1
142	329	349	1
143	1858	1860	1
144	142	149	1
145	675	679	1
146	976	979	1
147	844	850	1
148	755	829	1
149	1020	1041	1
150	1087	1101	1
151	1249	1251	1
152	1936	1955	1
153	65	69	1
154	1305	1312	1
155	1165	1167	1
156	150	155	1
157	1582	1588	1
158	1363	1365	1
159	1520	1522	1
160	1945	1956	1
161	547	555	1
162	344	348	1
163	1109	1116	1
164	1125	1128	1
165	1496	1516	1
166	1994	2015	1
167	1224	1237	1
168	1274	1284	1
169	868	881	1
170	1981	1988	1
171	1386	1408	1
172	191	194	1
173	1503	1509	1
174	1303	1313	1
175	57	66	1
176	722	736	1
177	1470	1472	1
178	855	878	1
179	88	102	1
180	87	89	1
181	1728	1736	1
182	70	85	1
183	1731	1757	1
184	579	586	1
185	745	753	1
186	270	275	1
187	573	576	1
188	1269	1276	1
189	1240	1251	1
190	1832	1834	1
191	183	210	1
192	752	770	1
193	1836	1842	1
194	883	886	1
195	890	896	1
196	1433	1446	1
197	1063	1070	1
198	777	796	1
199	401	407	1
200	83	87	1
201	1291	1295	1
202	61	79	1
203	1070	1074	1
204	1315	1326	1
205	1149	1152	1
206	1375	1390	1
207	1781	1810	1
208	1151	1153	1
209	689	744	1
210	560	569	1
211	728	741	1
212	1957	2006	1
213	395	489	1
214	61	70	1
215	103	111	1
216	1748	1751	1
217	1107	1120	1
218	727	735	1
219	671	704	1
220	1325	1337	1
221	940	943	1
222	363	382	1
223	728	733	1
224	1765	1775	1
225	16	21	1
226	1851	1853	1
227	1537	1539	1
228	1799	1809	1
229	774	781	1
230	949	953	1
231	732	735	1
232	1029	1049	1
233	300	307	1
234	1559	1565	1
235	1037	1041	1
236	1653	1660	1
237	1574	1580	1
238	553	561	1
239	954	965	1
240	1198	1226	1
241	1280	1302	1
242	81	90	1
243	136	140	1
244	1754	1760	1
245	75	104	1
246	1765	1779	1
247	244	246	1
248	1191	1194	1
249	1126	1130	1
250	1167	1172	1
251	1725	1727	1
252	142	187	1
253	1782	1801	1
254	881	889	1
255	446	448	1
256	817	827	1
257	1574	1580	1
258	1301	1308	1
259	19	51	1
260	778	784	1
261	1002	1019	1
262	693	703	1
263	1371	1378	1
264	713	725	1
265	981	995	1
266	369	372	1
267	459	468	1
268	145	151	1
269	209	229	1
270	1915	1924	1
271	433	443	1
272	791	794	1
273	289	291	1
274	1336	1343	1
275	106	114	1
276	1053	1056	1
277	1302	1308	1
278	559	568	1
279	975	981	1
280	1410	1413	1
281	706	708	1
282	82	90	1
283	971	978	1
284	1581	1597	1
285	885	894	1
286	1052	1057	1
287	564	569	1
288	1630	1635	1
289	765	770	1
290	976	980	1
291	1261	1283	1
292	1319	1323	1
293	775	781	1
294	1619	1639	1
295	1622	1630	1
296	1934	1936	1
297	1606	1613	1
298	1895	1922	1
299	785	798	1
300	1589	1593	1
301	47	59	1
302	1514	1516	1
303	386	439	1
304	680	689	1
305	1802	1813	1
306	226	241	1
307	1102	1108	1
308	1952	1969	1
309	667	673	1
310	647	649	1
311	643	656	1
312	740	747	1
313	316	345	1
314	577	584	1
315	97	108	1
316	58	103	1
317	1295	1302	1
318	234	236	1
319	1283	1296	1
320	1742	1744	1
321	687	707	1
322	961	968	1
323	662	667	1
324	1345	1347	1
325	1217	1228	1
326	1235	1247	1
327	1052	1054	1
328	87	97	1
329	925	930	1
330	346	352	1
331	1094	1098	1
332	1161	1168	1
333	447	452	1
334	39	41	1
335	1735	1737	1
336	249	251	1
337	1140	1147	1
338	77	85	1
339	1266	1297	1
340	1499	1505	1
341	62	121	1
342	1570	1586	1
343	1794	1824	1
344	1954	1961	1
345	887	900	1
346	1165	1172	1
347	756	777	1
348	1403	1424	1
349	337	347	1
350	1902	1910	1
351	376	380	1
352	1927	1932	1
353	750	776	1
354	1163	1175	1
355	1296	1319	1
356	1244	1250	1
357	1673	1681	1
358	1720	1726	1
359	292	304	1
360	872	874	1
361	306	308	1
362	1162	1172	1
363	1396	1420	1
364	626	640	1
365	645	683	1
366	1127	1151	1
367	1367	1374	1
368	1083	1104	1
369	872	879	1
370	1148	1159	1
371	54	57	1
372	1750	1757	1
373	1378	1380	1
374	910	929	1
375	1612	1642	1
376	1146	1150	1
377	1958	1985	1
378	207	231	1
379	128	132	1
380	298	316	1
381	1251	1254	1
382	1624	1645	1
383	1767	1771	1
384	776	786	1
385	1531	1533	1
386	1495	1510	1
387	953	970	1
388	1758	1772	1
389	527	533	1
390	305	307	1
391	198	207	1
392	620	627	1
393	546	571	1
394	437	439	1
395	401	406	1
396	1854	1856	1
397	221	239	1
398	457	459	1
399	1729	1744	1
400	157	166	1
401	1519	1523	1
402	839	859	1
403	1580	1585	1
404	1096	1134	1
405	20	32	1
406	166	178	1
407	1381	1388	1
408	1131	1134	1
409	1621	1634	1
410	315	319	1
411	187	201	1
412	1256	1262	1
413	1831	1834	1
414	670	674	1
415	354	362	1
416	182	186	1
417	1303	1312	1
418	1401	1413	1
419	196	215	1
420	814	818	1
421	987	989	1
422	360	366	1
423	103	112	1
424	1784	1815	1
425	790	804	1
426	633	656	1
427	1467	1472	1
428	1848	1856	1
429	47	53	1
430	1567	1574	1
431	1052	1059	1
432	1522	1544	1
433	238	243	1
434	733	739	1
435	245	247	1
436	980	984	1
437	16	46	1
438	1465	1489	1
439	1555	1566	1
440	1638	1646	1
441	1643	1645	1
442	1256	1264	1
443	1039	1058	1
444	748	756	1
445	895	910	1
446	911	915	1
447	347	351	1
448	814	818	1
449	43	72	1
450	1304	1324	1
451	1319	1326	1
452	87	102	1
453	1394	1400	1
454	1209	1211	1
455	1380	1382	1
456	1780	1815	1
457	1475	1542	1
458	176	188	1
459	67	71	1
460	1057	1064	1
461	50	61	1
462	1402	1406	1
463	891	895	1
464	209	222	1
465	651	655	1
466	758	761	1
467	117	119	1
468	302	320	1
469	948	951	1
470	1776	1823	1
471	667	675	1
472	922	933	1
473	1757	1769	1
474	358	384	1
475	1657	1662	1
476	493	513	1
477	1707	1717	1
478	1991	2016	1
479	1373	1386	1
480	363	392	1
481	1613	1615	1
482	1334	1338	1
483	1706	1708	1
484	90	93	1
485	1931	1947	1
486	1001	1003	1
487	959	963	1
488	444	450	1
489	1208	1221	1
490	477	495	1
491	992	998	1
492	96	108	1
493	1025	1064	1
494	1356	1360	1
495	750	755	1
496	373	378	1
497	160	170	1
498	890	901	1
499	649	653	1
500	1262	1264	1
501	966	973	1
502	336	355	1
503	1992	1999	1
504	728	739	1
505	1964	1986	1
506	1321	1339	1
507	1711	1714	1
508	1941	1947	1
509	445	460	1
510	730	734	1
511	1846	1853	1
512	340	344	1
513	1165	1169	1
514	829	833	1
515	1332	1338	1
516	928	945	1
517	645	648	1
518	725	749	1
519	459	473	1
520	1647	1651	1
521	540	542	1
522	1061	1067	1
523	1418	1439	1
524	585	598	1
525	27	44	1
526	376	378	1
527	980	993	1
528	408	419	1
529	1461	1495	1
530	285	288	1
531	417	424	1
532	642	647	1
533	1439	1454	1
534	15	27	1
535	1532	1541	1
536	1684	1711	1
537	661	672	1
538	1627	1633	1
539	1210	1216	1
540	1523	1534	1
541	391	400	1
542	1191	1215	1
543	1843	1847	1
544	1887	1891	1
545	1896	1901	1
546	747	751	1
547	1141	1145	1
548	952	955	1
549	652	671	1
550	1648	1651	1
551	812	815	1
552	681	689	1
553	597	613	1
554	1120	1125	1
555	243	245	1
556	1959	1964	1
557	213	217	1
558	183	188	1
559	1455	1474	1
560	208	225	1
561	868	871	1
562	917	941	1
563	561	570	1
564	1132	1134	1
565	390	400	1
566	1902	1907	1
567	872	883	1
568	15	23	1
569	67	73	1
570	756	774	1
571	235	237	1
572	199	205	1
573	210	219	1
574	800	814	1
575	97	108	1
576	1590	1592	1
577	83	86	1
578	702	704	1
579	236	255	1
580	1748	1761	1
581	1688	1696	1
582	1011	1013	1
583	1466	1471	1
584	1664	1693	1
585	1871	1873	1
586	1850	1878	1
587	1262	1288	1
588	1006	1033	1
589	1212	1222	1
590	1048	1050	1
591	995	1019	1
592	350	356	1
593	1414	1420	1
594	458	461	1
595	1113	1129	1
596	1701	1710	1
597	672	680	1
598	756	786	1
599	143	154	1
600	1871	1878	1
601	260	269	1
602	1148	1159	1
603	1430	1446	1
604	1427	1449	1
605	225	229	1
606	33	37	1
607	247	250	1
608	1815	1824	1
609	1746	1769	1
610	1119	1121	1
611	1350	1354	1
612	986	990	1
613	1361	1377	1
614	1479	1487	1
615	748	753	1
616	1995	2001	1
617	765	769	1
618	75	79	1
619	991	993	1
620	509	512	1
621	185	193	1
622	651	653	1
623	1717	1725	1
624	538	547	1
625	1507	1526	1
626	788	791	1
627	846	858	1
628	392	400	1
629	959	962	1
630	1545	1554	1
631	652	661	1
632	1622	1626	1
633	1161	1174	1
634	1245	1255	1
635	872	878	1
636	224	238	1
637	1773	1775	1
638	884	913	1
639	1405	1417	1
640	1527	1535	1
641	312	319	1
642	280	283	1
643	144	150	1
644	1516	1526	1
645	294	310	1
646	297	312	1
647	850	859	1
648	1017	1019	1
649	1545	1552	1
650	1729	1744	1
651	1484	1505	1
652	1308	1316	1
653	1602	1604	1
654	217	223	1
655	1304	1321	1
656	1476	1481	1
657	880	888	1
658	422	432	1
659	361	373	1
660	497	499	1
661	1587	1611	1
662	1081	1087	1
663	1975	1978	1
664	385	387	1
665	1998	2000	1
666	1019	1035	1
667	1228	1248	1
668	209	220	1
669	638	658	1
670	519	548	1
671	1329	1333	1
672	865	873	1
673	872	878	1
674	381	396	1
675	1544	1551	1
676	1685	1689	1
677	955	972	1
678	1578	1595	1
679	1068	1070	1
680	573	579	1
681	169	171	1
682	234	254	1
683	1814	1819	1
684	1155	1157	1
685	1919	1934	1
686	1566	1587	1
687	1864	1883	1
688	413	435	1
689	813	815	1
690	1007	1016	1
691	571	573	1
692	227	238	1
693	1855	1860	1
694	533	549	1
695	1963	1966	1
696	779	782	1
697	710	728	1
698	670	673	1
699	1677	1682	1
700	1782	1785	1
701	982	985	1
702	199	204	1
703	388	390	1
704	244	264	1
705	327	333	1
706	898	925	1
707	134	137	1
708	454	481	1
709	525	528	1
710	1256	1263	1
711	1881	1890	1
712	466	470	1
713	797	810	1
714	1753	1760	1
715	1390	1399	1
716	882	884	1
717	1090	1113	1
718	1623	1633	1
719	1836	1849	1
720	1993	2020	1
721	1482	1492	1
722	776	784	1
723	903	941	1
724	817	824	1
725	1364	1390	1
726	106	111	1
727	233	242	1
728	50	66	1
729	257	290	1
730	1247	1259	1
731	784	803	1
732	1911	1914	1
733	879	883	1
734	704	710	1
735	1005	1022	1
736	1426	1448	1
737	1325	1336	1
738	1452	1467	1
739	181	187	1
740	160	174	1
741	1751	1768	1
742	1900	1906	1
743	1829	1836	1
744	860	867	1
745	519	534	1
746	999	1010	1
747	751	761	1
748	776	789	1
749	907	922	1
750	994	1012	1
751	868	937	1
752	548	561	1
753	688	698	1
754	72	97	1
755	1999	2002	1
756	1542	1552	1
757	1533	1542	1
758	611	616	1
759	1648	1659	1
760	1476	1482	1
761	121	123	1
762	286	290	1
763	118	124	1
764	1648	1658	1
765	657	660	1
766	1924	1940	1
767	287	294	1
768	390	393	1
769	156	159	1
770	1174	1177	1
771	707	715	1
772	218	230	1
773	116	151	1
774	1120	1123	1
775	520	526	1
776	920	954	1
777	1212	1218	1
778	963	972	1
779	996	999	1
780	939	959	1
781	1020	1024	1
782	951	964	1
783	1102	1106	1
784	1376	1378	1
785	1009	1011	1
786	611	620	1
787	1909	1923	1
788	1950	1955	1
789	699	712	1
790	485	500	1
791	676	702	1
792	800	804	1
793	506	520	1
794	836	848	1
795	1236	1240	1
796	702	731	1
797	1433	1440	1
798	1107	1115	1
799	359	374	1
800	1611	1668	1
801	1070	1080	1
802	1712	1722	1
803	1634	1642	1
804	1035	1037	1
805	612	626	1
806	568	615	1
807	450	463	1
808	512	525	1
809	1195	1214	1
810	1923	1943	1
811	1700	1711	1
812	34	36	1
813	820	826	1
814	376	386	1
815	86	89	1
816	449	452	1
817	17	22	1
818	180	193	1
819	1431	1440	1
820	843	848	1
821	90	101	1
822	254	259	1
823	120	123	1
824	1804	1830	1
825	1082	1084	1
826	158	166	1
827	363	366	1
828	993	1015	1
829	1402	1415	1
830	600	621	1
831	209	214	1
832	871	876	1
833	602	609	1
834	1520	1523	1
835	524	530	1
836	1766	1768	1
837	461	468	1
838	1525	1545	1
839	1191	1194	1
840	770	773	1
841	454	462	1
842	1300	1306	1
843	921	938	1
844	482	484	1
845	1552	1557	1
846	1393	1401	1
847	1400	1403	1
848	1560	1562	1
849	176	180	1
850	1400	1402	1
851	1131	1138	1
852	300	306	1
853	1269	1290	1
854	1189	1193	1
855	3	23	1
856	1547	1550	1
857	1472	1477	1
858	1519	1522	1
859	709	731	1
860	1248	1253	1
861	43	45	1
862	1762	1780	1
863	247	253	1
864	96	110	1
865	48	53	1
866	225	227	1
867	1714	1734	1
868	1781	1796	1
869	67	73	1
870	1674	1687	1
871	287	289	1
872	902	906	1
873	376	381	1
874	1502	1505	1
875	1482	1524	1
876	743	780	1
877	575	583	1
878	376	385	1
879	1119	1124	1
880	1954	1961	1
881	299	303	1
882	597	610	1
883	782	794	1
884	1736	1740	1
885	1318	1330	1
886	1732	1738	1
887	590	604	1
888	1921	1923	1
889	1688	1691	1
890	428	432	1
891	197	203	1
892	1156	1158	1
893	1065	1076	1
894	1877	1882	1
895	1280	1287	1
896	1475	1483	1
897	178	198	1
898	1520	1522	1
899	879	899	1
900	475	496	1
901	1706	1710	1
902	1204	1232	1
903	327	389	1
904	1216	1227	1
905	244	246	1
906	1808	1840	1
907	897	900	1
908	360	370	1
909	1484	1495	1
910	472	508	1
911	427	432	1
912	228	234	1
913	1360	1362	1
914	233	239	1
915	1965	1968	1
916	1145	1163	1
917	1734	1740	1
918	1051	1070	1
919	371	389	1
920	327	335	1
921	1232	1241	1
922	1359	1399	1
923	1449	1451	1
924	1473	1475	1
925	847	857	1
926	1782	1786	1
927	1891	1896	1
928	292	312	1
929	351	361	1
930	1547	1550	1
931	1495	1497	1
932	1040	1045	1
933	815	842	1
934	1236	1261	1
935	921	930	1
936	889	903	1
937	581	584	1
938	1635	1646	1
939	1397	1417	1
940	782	786	1
941	562	565	1
942	310	313	1
943	1410	1424	1
944	1340	1342	1
945	1451	1456	1
946	78	103	1
947	119	126	1
948	1546	1551	1
949	494	508	1
950	854	861	1
951	694	726	1
952	1278	1304	1
953	1952	1960	1
954	56	62	1
955	202	225	1
956	284	298	1
957	466	468	1
958	913	938	1
959	408	416	1
960	90	108	1
961	1539	1547	1
962	1842	1856	1
963	307	327	1
964	46	49	1
965	822	828	1
966	1236	1252	1
967	1842	1847	1
968	1820	1822	1
969	717	747	1
970	895	898	1
971	29	54	1
972	789	805	1
973	57	64	1
974	1617	1624	1
975	1769	1777	1
976	1639	1647	1
977	700	713	1
978	80	83	1
979	1891	1893	1
980	1897	1900	1
981	56	69	1
982	212	218	1
983	68	73	1
984	408	413	1
985	15	34	1
986	1725	1729	1
987	102	113	1
988	531	543	1
989	805	848	1
990	358	364	1
991	591	597	1
992	1810	1819	1
993	1154	1158	1
994	575	604	1
995	5	8	1
996	980	995	1
997	508	520	1
998	1382	1395	1
999	584	602	1
1000	373	447	1
1001	166	177	1
1002	1632	1635	1
1003	194	201	1
1004	227	244	1
1005	1382	1384	1
1006	107	114	1
1007	1326	1333	1
1008	621	647	1
1009	1812	1827	1
1010	1375	1380	1
1011	1695	1712	1
1012	1193	1202	1
1013	1615	1618	1
1014	892	921	1
1015	1518	1549	1
1016	816	821	1
1017	163	165	1
1018	63	90	1
1019	1610	1613	1
1020	1430	1440	1
1021	1719	1723	1
1022	1811	1814	1
1023	681	683	1
1024	940	953	1
1025	339	344	1
1026	1997	2005	1
1027	199	203	1
1028	1655	1660	1
1029	1094	1108	1
1030	1591	1608	1
1031	926	939	1
1032	643	657	1
1033	821	827	1
1034	143	152	1
1035	701	724	1
1036	1102	1106	1
1037	749	753	1
1038	815	833	1
1039	855	859	1
1040	1728	1746	1
1041	1424	1427	1
1042	179	184	1
1043	979	981	1
1044	31	40	1
1045	1692	1707	1
1046	1286	1325	1
1047	1742	1745	1
1048	702	706	1
1049	90	92	1
1050	1588	1596	1
1051	1066	1081	1
1052	761	770	1
1053	596	598	1
1054	1969	1977	1
1055	924	933	1
1056	527	537	1
1057	11	27	1
1058	1499	1531	1
1059	1531	1533	1
1060	893	919	1
1061	259	270	1
1062	1942	1955	1
1063	1692	1695	1
1064	774	777	1
1065	1721	1724	1
1066	1784	1794	1
1067	1883	1885	1
1068	442	448	1
1069	1461	1464	1
1070	885	887	1
1071	1599	1610	1
1072	1476	1481	1
1073	726	789	1
1074	258	266	1
1075	936	952	1
1076	740	745	1
1077	1627	1642	1
1078	572	576	1
1079	1427	1433	1
1080	1005	1009	1
1081	1912	1923	1
1082	298	305	1
1083	205	224	1
1084	717	726	1
1085	209	211	1
1086	654	660	1
1087	1398	1407	1
1088	333	351	1
1089	1853	1858	1
1090	804	814	1
1091	1320	1323	1
1092	1584	1595	1
1093	1918	1926	1
1094	91	95	1
1095	346	350	1
1096	151	161	1
1097	766	777	1
1098	389	397	1
1099	1030	1042	1
1100	556	558	1
1101	500	520	1
1102	1707	1714	1
1103	1136	1150	1
1104	117	122	1
1105	900	918	1
1106	272	282	1
1107	98	116	1
1108	1750	1754	1
1109	685	691	1
1110	607	624	1
1111	1761	1771	1
1112	106	121	1
1113	1929	1932	1
1114	1055	1057	1
1115	1058	1068	1
1116	1439	1445	1
1117	1344	1348	1
1118	749	753	1
1119	513	547	1
1120	1445	1450	1
1121	856	900	1
1122	968	986	1
1123	1787	1789	1
1124	645	648	1
1125	1542	1559	1
1126	608	614	1
1127	1767	1796	1
1128	1402	1405	1
1129	1280	1304	1
1130	396	407	1
1131	933	944	1
1132	1297	1300	1
1133	452	482	1
1134	295	299	1
1135	308	317	1
1136	949	956	1
1137	213	234	1
1138	141	153	1
1139	741	750	1
1140	60	65	1
1141	468	472	1
1142	1296	1310	1
1143	464	470	1
1144	1810	1820	1
1145	949	960	1
1146	604	611	1
1147	706	726	1
1148	1321	1328	1
1149	1774	1789	1
1150	873	883	1
1151	1731	1735	1
1152	408	411	1
1153	1542	1561	1
1154	1335	1339	1
1155	40	45	1
1156	593	603	1
1157	1325	1333	1
1158	1727	1744	1
1159	1972	1979	1
1160	773	788	1
1161	978	987	1
1162	317	319	1
1163	1985	1997	1
1164	1165	1172	1
1165	67	71	1
1166	409	433	1
1167	1005	1035	1
1168	1363	1392	1
1169	1055	1057	1
1170	1686	1691	1
1171	378	380	1
1172	1501	1503	1
1173	1057	1087	1
1174	1901	1912	1
1175	199	207	1
1176	1496	1498	1
1177	1452	1459	1
1178	259	261	1
1179	1683	1701	1
1180	879	897	1
1181	1272	1277	1
1182	384	393	1
1183	728	748	1
1184	1700	1704	1
1185	374	396	1
1186	1537	1547	1
1187	290	293	1
1188	1191	1205	1
1189	1402	1410	1
1190	531	538	1
1191	1909	1912	1
1192	1657	1665	1
1193	615	630	1
1194	1758	1771	1
1195	27	48	1
1196	86	103	1
1197	832	857	1
1198	1928	1931	1
1199	1178	1187	1
1200	303	316	1
1201	1362	1377	1
1202	657	659	1
1203	370	385	1
1204	1182	1197	1
1205	1101	1106	1
1206	1673	1677	1
1207	814	843	1
1208	1254	1256	1
1209	1216	1220	1
1210	495	509	1
1211	1831	1842	1
1212	417	424	1
1213	466	481	1
1214	887	900	1
1215	1979	1984	1
1216	1105	1118	1
1217	1350	1353	1
1218	290	292	1
1219	284	287	1
1220	776	791	1
1221	939	974	1
1222	474	481	1
1223	1746	1748	1
1224	1827	1847	1
1225	876	884	1
1226	1399	1446	1
1227	1225	1286	1
1228	401	407	1
1229	1672	1676	1
1230	600	604	1
1231	1299	1313	1
1232	1750	1758	1
1233	1665	1668	1
1234	867	887	1
1235	26	30	1
1236	1127	1138	1
1237	1116	1126	1
1238	38	42	1
1239	1452	1458	1
1240	1783	1794	1
1241	536	543	1
1242	1728	1730	1
1243	589	593	1
1244	289	295	1
1245	1385	1407	1
1246	1589	1591	1
1247	165	189	1
1248	1218	1246	1
1249	1148	1165	1
1250	175	197	1
1251	1874	1879	1
1252	641	643	1
1253	1864	1870	1
1254	466	473	1
1255	997	1010	1
1256	1121	1136	1
1257	626	646	1
1258	1799	1833	1
1259	1051	1061	1
1260	785	791	1
1261	213	217	1
1262	1745	1773	1
1263	142	146	1
1264	547	571	1
1265	1313	1319	1
1266	1354	1356	1
1267	375	407	1
1268	990	994	1
1269	645	663	1
1270	1902	1911	1
1271	945	950	1
1272	1006	1019	1
1273	449	451	1
1274	1090	1093	1
1275	705	728	1
1276	831	836	1
1277	911	918	1
1278	1214	1224	1
1279	1943	1945	1
1280	686	688	1
1281	1959	1961	1
1282	253	258	1
1283	3	8	1
1284	1134	1149	1
1285	1997	2002	1
1286	932	945	1
1287	1423	1435	1
1288	1343	1350	1
1289	1307	1310	1
1290	1951	1959	1
1291	6	8	1
1292	679	681	1
1293	978	996	1
1294	691	700	1
1295	886	890	1
1296	1857	1861	1
1297	1713	1716	1
1298	258	262	1
1299	45	57	1
1300	1189	1192	1
1301	84	101	1
1302	1055	1075	1
1303	1297	1306	1
1304	1929	1936	1
1305	407	427	1
1306	162	179	1
1307	1765	1778	1
1308	383	412	1
1309	905	914	1
1310	1653	1655	1
1311	1493	1498	1
1312	1179	1183	1
1313	1683	1693	1
1314	1531	1535	1
1315	410	413	1
1316	1296	1304	1
1317	912	933	1
1318	203	216	1
1319	1614	1628	1
1320	1092	1107	1
1321	250	262	1
1322	170	190	1
1323	1601	1609	1
1324	1604	1609	1
1325	1675	1682	1
1326	1062	1064	1
1327	1033	1056	1
1328	103	112	1
1329	210	217	1
1330	1031	1037	1
1331	1371	1377	1
1332	1926	1928	1
1333	1875	1880	1
1334	35	37	1
1335	871	878	1
1336	967	978	1
1337	1410	1415	1
1338	1355	1361	1
1339	1837	1843	1
1340	1121	1130	1
1341	1367	1375	1
1342	1040	1046	1
1343	189	199	1
1344	922	927	1
1345	345	349	1
1346	1262	1264	1
1347	362	378	1
1348	1422	1438	1
1349	155	184	1
1350	1412	1416	1
1351	1629	1631	1
1352	1442	1449	1
1353	1670	1676	1
1354	1182	1189	1
1355	1484	1496	1
1356	679	711	1
1357	272	276	1
1358	1680	1685	1
1359	439	443	1
1360	1694	1710	1
1361	726	729	1
1362	993	1002	1
1363	948	958	1
1364	255	267	1
1365	81	85	1
1366	1967	1977	1
1367	1650	1653	1
1368	486	492	1
1369	625	650	1
1370	1714	1734	1
1371	1550	1559	1
1372	495	563	1
1373	549	551	1
1374	1932	1935	1
1375	1019	1027	1
1376	1966	1978	1
1377	1089	1092	1
1378	959	966	1
1379	1610	1618	1
1380	1499	1524	1
1381	332	359	1
1382	1878	1893	1
1383	885	901	1
1384	1064	1076	1
1385	1757	1760	1
1386	16	25	1
1387	1193	1195	1
1388	1386	1392	1
1389	1878	1880	1
1390	1185	1219	1
1391	1682	1707	1
1392	1011	1018	1
1393	1605	1607	1
1394	408	413	1
1395	1893	1913	1
1396	1870	1904	1
1397	1683	1687	1
1398	163	200	1
1399	1062	1081	1
1400	373	400	1
1401	1403	1409	1
1402	1186	1230	1
1403	247	255	1
1404	1771	1778	1
1405	988	990	1
1406	1919	1921	1
1407	1784	1798	1
1408	1875	1880	1
1409	1360	1370	1
1410	1351	1367	1
1411	1883	1887	1
1412	1878	1896	1
1413	1028	1030	1
1414	1049	1081	1
1415	1953	1960	1
1416	1030	1036	1
1417	179	205	1
1418	954	962	1
1419	711	715	1
1420	1248	1266	1
1421	289	296	1
1422	204	224	1
1423	581	611	1
1424	1342	1346	1
1425	1257	1274	1
1426	1655	1666	1
1427	1164	1169	1
1428	362	381	1
1429	171	191	1
1430	344	347	1
1431	1904	1906	1
1432	1560	1562	1
1433	731	750	1
1434	834	837	1
1435	307	309	1
1436	708	711	1
1437	1406	1412	1
1438	1310	1317	1
1439	1824	1838	1
1440	1464	1480	1
1441	91	97	1
1442	1209	1211	1
1443	512	515	1
1444	349	380	1
1445	1217	1224	1
1446	1826	1862	1
1447	985	988	1
1448	395	404	1
1449	1088	1093	1
1450	1803	1822	1
1451	919	941	1
1452	699	716	1
1453	1477	1484	1
1454	713	718	1
1455	1285	1343	1
1456	759	764	1
1457	1609	1626	1
1458	1883	1888	1
1459	1530	1532	1
1460	913	936	1
1461	617	626	1
1462	341	361	1
1463	1260	1272	1
1464	785	787	1
1465	1805	1808	1
1466	164	174	1
1467	1178	1198	1
1468	1475	1485	1
1469	1705	1712	1
1470	393	404	1
1471	692	696	1
1472	1662	1665	1
1473	718	750	1
1474	1082	1089	1
1475	1820	1826	1
1476	1816	1826	1
1477	607	625	1
1478	1550	1556	1
1479	795	797	1
1480	410	422	1
1481	515	518	1
1482	697	701	1
1483	141	148	1
1484	1230	1239	1
1485	1477	1479	1
1486	1679	1681	1
1487	1697	1705	1
1488	1333	1342	1
1489	1367	1379	1
1490	1347	1368	1
1491	212	216	1
1492	1397	1407	1
1493	544	547	1
1494	1530	1532	1
1495	859	884	1
1496	118	146	1
1497	1927	1931	1
1498	203	212	1
1499	465	470	1
1500	421	439	1
1501	838	844	1
1502	362	380	1
1503	1391	1401	1
1504	419	428	1
1505	176	188	1
1506	1231	1248	1
1507	1883	1895	1
1508	252	258	1
1509	1722	1747	1
1510	42	49	1
1511	279	296	1
1512	1334	1339	1
1513	1161	1167	1
1514	1303	1326	1
1515	1265	1271	1
1516	1241	1253	1
1517	1203	1206	1
1518	1442	1445	1
1519	1243	1256	1
1520	759	774	1
1521	383	387	1
1522	1625	1633	1
1523	1319	1329	1
1524	770	774	1
1525	1277	1299	1
1526	658	660	1
1527	469	496	1
1528	170	185	1
1529	1878	1886	1
1530	269	273	1
1531	1147	1190	1
1532	1686	1692	1
1533	1129	1147	1
1534	1346	1363	1
1535	1102	1114	1
1536	447	450	1
1537	812	842	1
1538	971	977	1
1539	509	511	1
1540	883	886	1
1541	919	922	1
1542	1006	1034	1
1543	859	877	1
1544	1423	1434	1
1545	262	293	1
1546	430	435	1
1547	1424	1440	1
1548	1953	1958	1
1549	1285	1294	1
1550	1212	1216	1
1551	1311	1323	1
1552	210	220	1
1553	1044	1068	1
1554	556	561	1
1555	183	203	1
1556	520	541	1
1557	1610	1618	1
1558	12	26	1
1559	412	424	1
1560	1461	1471	1
1561	389	396	1
1562	1967	1990	1
1563	1689	1703	1
1564	516	520	1
1565	1862	1883	1
1566	780	787	1
1567	854	861	1
1568	422	427	1
1569	447	452	1
1570	80	82	1
1571	531	533	1
1572	54	64	1
1573	1180	1188	1
1574	1681	1683	1
1575	72	74	1
1576	1179	1191	1
1577	824	827	1
1578	1001	1006	1
1579	736	749	1
1580	1892	1913	1
1581	25	28	1
1582	1554	1585	1
1583	1120	1125	1
1584	675	684	1
1585	967	975	1
1586	922	924	1
1587	1529	1550	1
1588	1409	1416	1
1589	1316	1318	1
1590	183	190	1
1591	1074	1077	1
1592	728	731	1
1593	71	73	1
1594	1762	1786	1
1595	1992	1994	1
1596	870	879	1
1597	177	203	1
1598	1066	1086	1
1599	201	206	1
1600	934	941	1
1601	1394	1402	1
1602	75	82	1
1603	489	506	1
1604	209	243	1
1605	1568	1607	1
1606	1611	1614	1
1607	99	105	1
1608	1070	1078	1
1609	272	279	1
1610	1935	1940	1
1611	1807	1815	1
1612	504	510	1
1613	830	839	1
1614	271	283	1
1615	1661	1663	1
1616	337	360	1
1617	1130	1139	1
1618	1740	1745	1
1619	695	700	1
1620	161	194	1
1621	940	947	1
1622	699	713	1
1623	1292	1300	1
1624	644	654	1
1625	1185	1188	1
1626	1902	1918	1
1627	1910	1921	1
1628	953	959	1
1629	1181	1197	1
1630	830	836	1
1631	910	937	1
1632	1734	1751	1
1633	1856	1876	1
1634	960	972	1
1635	1397	1399	1
1636	560	562	1
1637	256	275	1
1638	449	482	1
1639	1090	1100	1
1640	678	682	1
1641	1077	1091	1
1642	295	310	1
1643	51	61	1
1644	1816	1818	1
1645	424	428	1
1646	652	661	1
1647	1172	1181	1
1648	1051	1062	1
1649	215	218	1
1650	121	130	1
1651	1770	1801	1
1652	212	224	1
1653	914	929	1
1654	1610	1621	1
1655	1172	1189	1
1656	1575	1578	1
1657	1801	1827	1
1658	816	845	1
1659	1022	1038	1
1660	1898	1907	1
1661	810	815	1
1662	1187	1189	1
1663	477	488	1
1664	649	661	1
1665	1940	1955	1
1666	1001	1015	1
1667	1923	1928	1
1668	1435	1441	1
1669	1314	1321	1
1670	1323	1335	1
1671	1498	1504	1
1672	412	414	1
1673	185	189	1
1674	1986	1988	1
1675	1440	1443	1
1676	1874	1877	1
1677	723	736	1
1678	354	370	1
1679	471	477	1
1680	781	801	1
1681	1741	1745	1
1682	268	272	1
1683	771	778	1
1684	450	455	1
1685	973	999	1
1686	422	431	1
1687	565	570	1
1688	705	722	1
1689	1408	1410	1
1690	1705	1715	1
1691	1170	1182	1
1692	354	359	1
1693	533	543	1
1694	257	279	1
1695	872	889	1
1696	1627	1640	1
1697	1690	1720	1
1698	1722	1724	1
1699	754	757	1
1700	945	948	1
1701	1518	1522	1
1702	65	71	1
1703	563	572	1
1704	340	349	1
1705	170	175	1
1706	475	489	1
1707	484	492	1
1708	1529	1574	1
1709	1446	1448	1
1710	805	809	1
1711	1994	2012	1
1712	658	661	1
1713	1726	1734	1
1714	193	203	1
1715	1406	1429	1
1716	65	68	1
1717	358	362	1
1718	1915	1927	1
1719	1749	1753	1
1720	626	660	1
1721	1646	1648	1
1722	506	521	1
1723	1809	1820	1
1724	245	254	1
1725	1880	1886	1
1726	952	973	1
1727	1526	1542	1
1728	32	46	1
1729	1238	1250	1
1730	1615	1620	1
1731	1730	1735	1
1732	1869	1884	1
1733	834	837	1
1734	1949	1969	1
1735	1348	1357	1
1736	436	451	1
1737	1881	1889	1
1738	1040	1063	1
1739	1341	1352	1
1740	729	752	1
1741	832	835	1
1742	1801	1817	1
1743	29	79	1
1744	692	732	1
1745	187	202	1
1746	756	765	1
1747	1965	1988	1
1748	1398	1405	1
1749	760	766	1
1750	1312	1323	1
1751	1817	1832	1
1752	1368	1371	1
1753	1106	1113	1
1754	1894	1897	1
1755	1503	1533	1
1756	1965	1985	1
1757	803	815	1
1758	1685	1692	1
1759	21	53	1
1760	33	36	1
1761	1232	1255	1
1762	83	90	1
1763	1240	1248	1
1764	1022	1027	1
1765	45	52	1
1766	640	657	1
1767	93	104	1
1768	808	848	1
1769	575	587	1
1770	1889	1895	1
1771	599	618	1
1772	1409	1438	1
1773	1994	1997	1
1774	1387	1396	1
1775	627	629	1
1776	1044	1056	1
1777	215	231	1
1778	1184	1201	1
1779	1775	1784	1
1780	240	255	1
1781	1932	1936	1
1782	1695	1719	1
1783	910	919	1
1784	1207	1223	1
1785	236	272	1
1786	183	203	1
1787	63	72	1
1788	459	472	1
1789	779	796	1
1790	377	384	1
1791	1710	1720	1
1792	1107	1111	1
1793	1644	1647	1
1794	1232	1236	1
1795	933	941	1
1796	189	193	1
1797	1425	1429	1
1798	197	208	1
1799	946	949	1
1800	335	337	1
1801	152	154	1
1802	1806	1810	1
1803	825	835	1
1804	966	968	1
1805	1937	1942	1
1806	143	147	1
1807	568	575	1
1808	576	578	1
1809	590	595	1
1810	1528	1531	1
1811	529	544	1
1812	698	710	1
1813	368	386	1
1814	731	750	1
1815	1395	1397	1
1816	1074	1076	1
1817	1267	1271	1
1818	1632	1645	1
1819	807	816	1
1820	1085	1089	1
1821	891	897	1
1822	559	562	1
1823	1970	1975	1
1824	1936	1951	1
1825	1902	1906	1
1826	943	947	1
1827	1572	1579	1
1828	630	636	1
1829	1681	1685	1
1830	1573	1589	1
1831	410	431	1
1832	783	790	1
1833	1818	1834	1
1834	1239	1243	1
1835	20	36	1
1836	1742	1753	1
1837	274	286	1
1838	1671	1680	1
1839	1629	1632	1
1840	765	772	1
1841	160	169	1
1842	993	1006	1
1843	1011	1015	1
1844	1988	2013	1
1845	772	791	1
1846	1399	1438	1
1847	1905	1914	1
1848	766	787	1
1849	730	744	1
1850	554	564	1
1851	808	812	1
1852	1183	1208	1
1853	814	824	1
1854	1475	1488	1
1855	1030	1037	1
1856	1902	1915	1
1857	347	379	1
1858	856	861	1
1859	1581	1583	1
1860	1861	1866	1
1861	1307	1312	1
1862	1639	1644	1
1863	1583	1591	1
1864	598	602	1
1865	442	447	1
1866	1315	1328	1
1867	220	227	1
1868	452	464	1
1869	463	465	1
1870	1026	1029	1
1871	1695	1709	1
1872	132	136	1
1873	836	851	1
1874	877	888	1
1875	555	560	1
1876	1855	1859	1
1877	199	203	1
1878	580	588	1
1879	714	717	1
1880	1759	1772	1
1881	1044	1069	1
1882	149	154	1
1883	712	731	1
1884	1328	1339	1
1885	135	155	1
1886	1848	1855	1
1887	1305	1315	1
1888	1391	1397	1
1889	1370	1376	1
1890	1245	1258	1
1891	1507	1511	1
1892	255	278	1
1893	1219	1225	1
1894	940	943	1
1895	881	884	1
1896	1902	1906	1
1897	387	398	1
1898	1748	1771	1
1899	1331	1334	1
1900	1997	2053	1
1901	1396	1414	1
1902	938	947	1
1903	1263	1271	1
1904	1825	1828	1
1905	573	575	1
1906	1189	1250	1
1907	1533	1552	1
1908	1404	1407	1
1909	514	525	1
1910	719	730	1
1911	263	276	1
1912	969	973	1
1913	1032	1044	1
1914	1490	1499	1
1915	1428	1435	1
1916	113	126	1
1917	1357	1372	1
1918	1517	1535	1
1919	655	663	1
1920	1768	1833	1
1921	813	835	1
1922	643	656	1
1923	516	533	1
1924	569	608	1
1925	667	706	1
1926	479	488	1
1927	1881	1896	1
1928	792	802	1
1929	1149	1172	1
1930	1778	1804	1
1931	122	146	1
1932	358	362	1
1933	1499	1511	1
1934	1467	1476	1
1935	1817	1844	1
1936	1884	1901	1
1937	1149	1153	1
1938	425	428	1
1939	1829	1839	1
1940	434	453	1
1941	666	669	1
1942	61	66	1
1943	701	703	1
1944	1103	1107	1
1945	1086	1095	1
1946	1032	1034	1
1947	349	352	1
1948	1143	1159	1
1949	1831	1847	1
1950	865	871	1
1951	1042	1088	1
1952	1115	1121	1
1953	880	884	1
1954	1455	1475	1
1955	360	362	1
1956	788	793	1
1957	1979	1983	1
1958	1076	1080	1
1959	1782	1801	1
1960	466	476	1
1961	1045	1062	1
1962	1737	1769	1
1963	30	36	1
1964	361	368	1
1965	309	367	1
1966	1203	1208	1
1967	657	672	1
1968	593	597	1
1969	1301	1309	1
1970	595	606	1
1971	708	728	1
1972	625	630	1
1973	1140	1148	1
1974	1241	1262	1
1975	1627	1670	1
1976	1136	1154	1
1977	1584	1592	1
1978	249	273	1
1979	950	954	1
1980	1341	1366	1
1981	1362	1365	1
1982	659	662	1
1983	304	313	1
1984	995	1000	1
1985	1108	1115	1
1986	1038	1045	1
1987	424	432	1
1988	1185	1192	1
1989	784	786	1
1990	1605	1609	1
1991	1879	1883	1
1992	628	631	1
1993	1792	1799	1
1994	1387	1389	1
1995	248	262	1
1996	436	458	1
1997	1181	1184	1
1998	1965	1972	1
1999	332	386	1
