1600	2	0	0
0	1454	1465	1
1	77	93	1
2	10	47	1
3	865	895	1
4	162	171	1
5	1133	1166	1
6	1107	1133	1
7	1351	1354	1
8	85	166	1
9	1241	1243	1
10	527	556	1
11	608	646	1
12	677	707	1
13	1010	1020	1
14	1250	1262	1
15	243	286	1
16	1054	1061	1
17	859	906	1
18	1230	1249	1
19	731	798	1
20	4	6	1
21	358	377	1
22	168	194	1
23	1529	1535	1
24	16	46	1
25	150	158	1
26	493	518	1
27	602	640	1
28	133	136	1
29	1375	1385	1
30	1014	1062	1
31	5	40	1
32	868	879	1
33	72	82	1
34	1147	1154	1
35	776	875	1
36	1066	1082	1
37	1524	1553	1
38	1148	1160	1
39	223	234	1
40	1471	1478	1
41	269	295	1
42	1391	1467	1
43	331	333	1
44	407	422	1
45	1072	1142	1
46	370	377	1
47	811	836	1
48	306	315	1
49	1450	1455	1
50	1189	1193	1
51	1326	1338	1
52	1525	1529	1
53	432	438	1
54	651	657	1
55	383	403	1
56	1583	1615	1
57	30	50	1
58	1201	1214	1
59	509	511	1
60	595	618	1
61	1114	1119	1
62	311	349	1
63	1034	1043	1
64	858	881	1
65	863	873	1
66	1168	1202	1
67	729	732	1
68	361	422	1
69	997	1016	1
70	595	616	1
71	217	229	1
72	465	486	1
73	1552	1632	1
74	764	779	1
75	523	565	1
76	506	526	1
77	764	793	1
78	919	928	1
79	479	487	1
80	174	180	1
81	1059	1067	1
82	345	351	1
83	455	461	1
84	1077	1133	1
85	563	595	1
86	923	945	1
87	690	738	1
88	663	716	1
89	1066	1088	1
90	994	1010	1
91	1178	1197	1
92	800	810	1
93	1344	1396	1
94	978	993	1
95	486	496	1
96	18	25	1
97	912	919	1
98	524	529	1
99	845	860	1
100	855	860	1
101	886	891	1
102	946	956	1
103	448	473	1
104	460	489	1
105	365	373	1
106	734	749	1
107	796	799	1
108	1594	1597	1
109	1471	1476	1
110	1010	1029	1
111	89	126	1
112	1512	1529	1
113	582	616	1
114	84	93	1
115	633	641	1
116	360	388	1
117	1074	1078	1
118	720	753	1
119	1413	1417	1
120	1254	1302	1
121	406	420	1
122	1103	1115	1
123	314	324	1
124	779	783	1
125	1569	1594	1
126	345	357	1
127	1022	1040	1
128	1282	1284	1
129	1187	1220	1
130	1178	1193	1
131	11	57	1
132	320	344	1
133	1400	1412	1
134	799	803	1
135	37	40	1
136	1115	1123	1
137	687	731	1
138	1372	1482	1
139	812	826	1
140	291	293	1
141	413	425	1
142	1071	1098	1
143	1115	1125	1
144	548	554	1
145	213	231	1
146	1092	1109	1
147	648	658	1
148	1347	1366	1
149	152	159	1
150	1381	1398	1
151	295	303	1
152	217	225	1
153	411	413	1
154	1452	1456	1
155	370	398	1
156	1231	1237	1
157	844	867	1
158	1035	1040	1
159	857	911	1
160	1055	1069	1
161	564	576	1
162	1446	1452	1
163	1434	1436	1
164	1220	1250	1
165	902	916	1
166	904	951	1
167	131	155	1
168	1586	1627	1
169	1362	1373	1
170	1108	1122	1
171	563	565	1
172	776	785	1
173	313	330	1
174	431	446	1
175	1535	1593	1
176	1035	1063	1
177	480	489	1
178	466	468	1
179	100	151	1
180	55	77	1
181	1062	1084	1
182	1317	1323	1
183	793	804	1
184	37	48	1
185	488	492	1
186	456	459	1
187	876	891	1
188	644	676	1
189	1264	1290	1
190	743	780	1
191	900	903	1
192	417	427	1
193	755	767	1
194	514	519	1
195	487	500	1
196	1470	1495	1
197	280	286	1
198	1531	1536	1
199	375	396	1
200	1355	1445	1
201	1467	1476	1
202	1388	1390	1
203	1099	1116	1
204	1535	1537	1
205	100	128	1
206	1581	1584	1
207	592	596	1
208	926	965	1
209	509	519	1
210	678	687	1
211	1493	1495	1
212	333	336	1
213	1346	1354	1
214	582	585	1
215	652	664	1
216	91	127	1
217	671	720	1
218	104	180	1
219	105	120	1
220	739	741	1
221	467	469	1
222	1538	1546	1
223	1256	1267	1
224	1513	1542	1
225	105	121	1
226	1232	1263	1
227	413	440	1
228	1119	1132	1
229	1438	1443	1
230	662	667	1
231	379	413	1
232	926	932	1
233	576	594	1
234	1587	1601	1
235	1330	1332	1
236	1514	1536	1
237	1370	1398	1
238	737	746	1
239	619	691	1
240	354	390	1
241	101	106	1
242	433	440	1
243	183	206	1
244	639	657	1
245	1109	1126	1
246	1136	1148	1
247	789	818	1
248	1235	1249	1
249	207	259	1
250	1236	1242	1
251	473	488	1
252	646	653	1
253	1102	1112	1
254	1022	1026	1
255	967	972	1
256	978	980	1
257	357	379	1
258	757	777	1
259	776	782	1
260	1504	1520	1
261	1419	1446	1
262	75	123	1
263	447	465	1
264	802	860	1
265	208	230	1
266	506	541	1
267	386	407	1
268	58	77	1
269	220	236	1
270	303	322	1
271	1335	1352	1
272	1465	1507	1
273	248	282	1
274	21	79	1
275	461	470	1
276	314	327	1
277	419	436	1
278	1271	1279	1
279	760	781	1
280	387	393	1
281	532	556	1
282	396	400	1
283	1576	1612	1
284	1485	1502	1
285	359	372	1
286	672	723	1
287	1391	1411	1
288	766	784	1
289	244	264	1
290	1551	1567	1
291	1345	1356	1
292	874	878	1
293	1581	1646	1
294	719	730	1
295	1324	1336	1
296	1102	1142	1
297	765	794	1
298	713	725	1
299	1282	1288	1
300	465	468	1
301	1575	1583	1
302	1210	1240	1
303	662	741	1
304	113	120	1
305	1221	1230	1
306	1459	1549	1
307	138	146	1
308	897	927	1
309	1115	1117	1
310	1164	1169	1
311	1203	1227	1
312	787	821	1
313	292	316	1
314	1365	1383	1
315	957	969	1
316	1191	1197	1
317	397	413	1
318	219	233	1
319	667	671	1
320	508	532	1
321	1535	1569	1
322	1425	1429	1
323	1482	1509	1
324	339	359	1
325	763	768	1
326	482	484	1
327	40	50	1
328	1205	1229	1
329	1550	1600	1
330	604	618	1
331	889	903	1
332	1237	1250	1
333	1002	1009	1
334	1365	1418	1
335	439	450	1
336	472	482	1
337	685	728	1
338	1104	1128	1
339	955	959	1
340	987	1046	1
341	149	165	1
342	248	256	1
343	160	170	1
344	537	546	1
345	1460	1505	1
346	379	415	1
347	1338	1352	1
348	649	658	1
349	1310	1312	1
350	964	975	1
351	1118	1123	1
352	1576	1579	1
353	1118	1120	1
354	1357	1359	1
355	1200	1207	1
356	1179	1197	1
357	113	119	1
358	1192	1235	1
359	250	298	1
360	1498	1517	1
361	1323	1388	1
362	787	814	1
363	906	914	1
364	661	690	1
365	742	771	1
366	1090	1097	1
367	1003	1018	1
368	1251	1261	1
369	242	256	1
370	608	641	1
371	227	229	1
372	621	634	1
373	651	680	1
374	1511	1516	1
375	1331	1337	1
376	942	962	1
377	911	936	1
378	1296	1320	1
379	583	596	1
380	1476	1486	1
381	858	860	1
382	845	880	1
383	295	319	1
384	315	349	1
385	1117	1129	1
386	1213	1238	1
387	1221	1223	1
388	1506	1521	1
389	1411	1429	1
390	451	469	1
391	1552	1573	1
392	331	398	1
393	606	608	1
394	476	501	1
395	1528	1550	1
396	182	204	1
397	869	871	1
398	895	897	1
399	925	977	1
400	706	742	1
401	231	242	1
402	1001	1024	1
403	86	113	1
404	402	409	1
405	128	147	1
406	425	457	1
407	642	646	1
408	171	193	1
409	1245	1259	1
410	648	652	1
411	1447	1451	1
412	562	585	1
413	1082	1084	1
414	981	990	1
415	1348	1367	1
416	228	247	1
417	863	871	1
418	1408	1431	1
419	807	833	1
420	1297	1300	1
421	1367	1395	1
422	503	505	1
423	666	675	1
424	256	268	1
425	1478	1501	1
426	438	450	1
427	870	892	1
428	1065	1073	1
429	1172	1200	1
430	181	184	1
431	1398	1414	1
432	201	208	1
433	1598	1615	1
434	910	917	1
435	428	432	1
436	1505	1531	1
437	1134	1151	1
438	1418	1494	1
439	1127	1143	1
440	40	162	1
441	1507	1518	1
442	231	239	1
443	619	683	1
444	1474	1506	1
445	528	536	1
446	841	849	1
447	623	669	1
448	237	252	1
449	1139	1143	1
450	386	408	1
451	879	895	1
452	648	655	1
453	944	991	1
454	843	846	1
455	361	405	1
456	960	972	1
457	378	399	1
458	321	334	1
459	1546	1569	1
460	31	34	1
461	142	145	1
462	1186	1209	1
463	1098	1105	1
464	926	945	1
465	846	865	1
466	725	748	1
467	575	578	1
468	673	692	1
469	366	385	1
470	1153	1159	1
471	929	942	1
472	1336	1361	1
473	1506	1516	1
474	1386	1439	1
475	566	573	1
476	188	247	1
477	720	729	1
478	1569	1599	1
479	542	561	1
480	1261	1285	1
481	952	978	1
482	178	181	1
483	784	788	1
484	1405	1422	1
485	81	101	1
486	49	52	1
487	193	200	1
488	1374	1376	1
489	986	999	1
490	9	22	1
491	186	199	1
492	1095	1100	1
493	525	547	1
494	1461	1475	1
495	464	489	1
496	461	472	1
497	682	688	1
498	980	982	1
499	1464	1517	1
500	808	821	1
501	301	313	1
502	1413	1426	1
503	1357	1372	1
504	500	512	1
505	1352	1369	1
506	900	904	1
507	787	811	1
508	831	843	1
509	1318	1337	1
510	127	141	1
511	1332	1389	1
512	756	761	1
513	247	256	1
514	724	876	1
515	1333	1358	1
516	1376	1388	1
517	107	191	1
518	252	268	1
519	899	937	1
520	634	643	1
521	1351	1359	1
522	1247	1255	1
523	612	622	1
524	1040	1042	1
525	388	407	1
526	747	902	1
527	1508	1510	1
528	1170	1179	1
529	526	537	1
530	1308	1367	1
531	852	856	1
532	1083	1087	1
533	628	639	1
534	1101	1130	1
535	1034	1092	1
536	804	808	1
537	906	940	1
538	164	177	1
539	1327	1334	1
540	1005	1120	1
541	395	402	1
542	155	157	1
543	1381	1383	1
544	96	101	1
545	1394	1453	1
546	421	437	1
547	1525	1554	1
548	328	336	1
549	1066	1089	1
550	1210	1217	1
551	366	395	1
552	374	420	1
553	1082	1100	1
554	1345	1396	1
555	1582	1603	1
556	931	933	1
557	544	548	1
558	1041	1061	1
559	912	952	1
560	1246	1265	1
561	891	912	1
562	562	571	1
563	809	815	1
564	1053	1062	1
565	1554	1560	1
566	655	691	1
567	87	93	1
568	1373	1385	1
569	641	650	1
570	737	781	1
571	553	587	1
572	305	378	1
573	20	23	1
574	1097	1106	1
575	413	429	1
576	665	686	1
577	1219	1240	1
578	1212	1216	1
579	1286	1292	1
580	861	869	1
581	1070	1078	1
582	349	381	1
583	233	240	1
584	1103	1111	1
585	801	805	1
586	1357	1363	1
587	765	800	1
588	602	636	1
589	990	995	1
590	1294	1296	1
591	125	141	1
592	775	804	1
593	1444	1480	1
594	274	283	1
595	870	946	1
596	745	758	1
597	438	459	1
598	234	263	1
599	527	548	1
600	417	420	1
601	848	882	1
602	708	734	1
603	1462	1465	1
604	580	585	1
605	608	613	1
606	1169	1209	1
607	391	417	1
608	47	104	1
609	1348	1386	1
610	396	478	1
611	1525	1537	1
612	137	152	1
613	675	707	1
614	104	174	1
615	725	747	1
616	1543	1554	1
617	555	563	1
618	1495	1511	1
619	567	602	1
620	559	613	1
621	1009	1026	1
622	1505	1519	1
623	1065	1084	1
624	983	1000	1
625	666	672	1
626	891	907	1
627	294	312	1
628	442	476	1
629	201	219	1
630	500	548	1
631	339	351	1
632	22	31	1
633	153	229	1
634	719	721	1
635	573	581	1
636	1360	1380	1
637	376	415	1
638	1118	1122	1
639	1110	1112	1
640	9	28	1
641	1204	1222	1
642	233	258	1
643	1195	1202	1
644	215	250	1
645	1115	1145	1
646	604	638	1
647	708	715	1
648	514	522	1
649	272	283	1
650	1574	1576	1
651	1014	1019	1
652	947	1007	1
653	527	563	1
654	1137	1147	1
655	1545	1549	1
656	936	977	1
657	1011	1034	1
658	884	946	1
659	956	982	1
660	1121	1135	1
661	243	252	1
662	1057	1106	1
663	634	640	1
664	1513	1541	1
665	1504	1558	1
666	686	689	1
667	594	596	1
668	184	193	1
669	1297	1327	1
670	35	55	1
671	1265	1267	1
672	2	39	1
673	189	192	1
674	818	825	1
675	802	816	1
676	616	622	1
677	1156	1196	1
678	1468	1474	1
679	1106	1147	1
680	904	924	1
681	202	294	1
682	635	676	1
683	1221	1239	1
684	600	606	1
685	1201	1278	1
686	368	386	1
687	1089	1094	1
688	1036	1062	1
689	1550	1589	1
690	1341	1379	1
691	1575	1589	1
692	734	748	1
693	639	646	1
694	329	372	1
695	735	754	1
696	831	888	1
697	1396	1429	1
698	1290	1301	1
699	569	577	1
700	847	860	1
701	347	403	1
702	145	166	1
703	488	581	1
704	433	489	1
705	138	173	1
706	71	103	1
707	788	837	1
708	996	1003	1
709	1130	1160	1
710	515	524	1
711	1025	1048	1
712	956	969	1
713	664	707	1
714	1572	1668	1
715	495	499	1
716	1444	1456	1
717	149	151	1
718	737	767	1
719	145	167	1
720	812	868	1
721	204	212	1
722	302	320	1
723	1084	1099	1
724	1157	1220	1
725	1442	1444	1
726	720	728	1
727	1590	1598	1
728	1062	1074	1
729	1149	1188	1
730	1346	1381	1
731	1283	1287	1
732	1050	1052	1
733	512	525	1
734	848	868	1
735	696	714	1
736	950	1032	1
737	1444	1449	1
738	89	101	1
739	274	277	1
740	932	935	1
741	419	438	1
742	78	92	1
743	854	867	1
744	1064	1074	1
745	319	337	1
746	128	132	1
747	86	111	1
748	306	311	1
749	1511	1546	1
750	1063	1090	1
751	1258	1268	1
752	344	356	1
753	293	348	1
754	1385	1402	1
755	171	203	1
756	661	670	1
757	930	944	1
758	1535	1537	1
759	364	376	1
760	424	454	1
761	18	36	1
762	1472	1477	1
763	453	465	1
764	824	826	1
765	1382	1389	1
766	1314	1335	1
767	1001	1082	1
768	1149	1159	1
769	218	221	1
770	737	748	1
771	1300	1316	1
772	23	96	1
773	821	824	1
774	764	782	1
775	861	878	1
776	558	574	1
777	480	489	1
778	360	382	1
779	693	718	1
780	699	736	1
781	772	792	1
782	1462	1487	1
783	1302	1310	1
784	673	698	1
785	273	308	1
786	896	930	1
787	1027	1039	1
788	283	342	1
789	654	657	1
790	348	378	1
791	1099	1124	1
792	1372	1434	1
793	555	564	1
794	476	496	1
795	1430	1432	1
796	1576	1596	1
797	1219	1224	1
798	477	484	1
799	66	80	1
800	1060	1104	1
801	707	765	1
802	671	678	1
803	69	77	1
804	1183	1185	1
805	781	786	1
806	26	30	1
807	1082	1182	1
808	337	352	1
809	846	913	1
810	649	653	1
811	733	777	1
812	389	406	1
813	1460	1467	1
814	1086	1114	1
815	1270	1343	1
816	559	582	1
817	684	718	1
818	167	177	1
819	854	862	1
820	575	582	1
821	1029	1035	1
822	176	199	1
823	626	669	1
824	216	218	1
825	1549	1554	1
826	1421	1486	1
827	380	398	1
828	388	390	1
829	872	874	1
830	599	609	1
831	118	140	1
832	19	22	1
833	1312	1339	1
834	1427	1430	1
835	1280	1295	1
836	1532	1553	1
837	1048	1063	1
838	968	978	1
839	1160	1162	1
840	978	997	1
841	669	719	1
842	1136	1162	1
843	199	212	1
844	593	622	1
845	871	879	1
846	466	474	1
847	377	393	1
848	96	106	1
849	684	702	1
850	268	287	1
851	863	872	1
852	652	750	1
853	1460	1468	1
854	171	184	1
855	1252	1286	1
856	1483	1491	1
857	865	877	1
858	168	203	1
859	1317	1338	1
860	67	89	1
861	211	234	1
862	513	549	1
863	23	28	1
864	233	245	1
865	1255	1275	1
866	1394	1423	1
867	1364	1368	1
868	1289	1325	1
869	745	782	1
870	983	993	1
871	1285	1300	1
872	844	857	1
873	1379	1389	1
874	694	719	1
875	719	726	1
876	1475	1483	1
877	521	544	1
878	1075	1134	1
879	1572	1593	1
880	72	83	1
881	1067	1079	1
882	123	138	1
883	97	99	1
884	1481	1512	1
885	508	562	1
886	639	642	1
887	698	708	1
888	1032	1065	1
889	1061	1084	1
890	275	281	1
891	814	825	1
892	1527	1549	1
893	351	373	1
894	886	902	1
895	185	193	1
896	965	981	1
897	1345	1366	1
898	1188	1207	1
899	506	508	1
900	29	42	1
901	981	984	1
902	1372	1376	1
903	6	47	1
904	1067	1071	1
905	341	369	1
906	1536	1553	1
907	1584	1595	1
908	1340	1367	1
909	463	481	1
910	1156	1160	1
911	838	877	1
912	73	111	1
913	480	499	1
914	1352	1417	1
915	81	83	1
916	1476	1513	1
917	873	884	1
918	717	789	1
919	1458	1480	1
920	1485	1555	1
921	824	854	1
922	516	526	1
923	555	595	1
924	893	910	1
925	193	237	1
926	1428	1473	1
927	1577	1628	1
928	1588	1603	1
929	761	789	1
930	461	483	1
931	1412	1415	1
932	363	395	1
933	1502	1509	1
934	1039	1098	1
935	1233	1236	1
936	666	670	1
937	780	782	1
938	863	868	1
939	556	560	1
940	1259	1275	1
941	1400	1412	1
942	1087	1091	1
943	1235	1285	1
944	783	814	1
945	784	810	1
946	1250	1274	1
947	1244	1255	1
948	429	445	1
949	1362	1388	1
950	237	250	1
951	422	440	1
952	1319	1322	1
953	882	911	1
954	1219	1232	1
955	1044	1055	1
956	1372	1378	1
957	1161	1169	1
958	1195	1197	1
959	211	272	1
960	439	492	1
961	1236	1253	1
962	285	291	1
963	239	247	1
964	189	195	1
965	1171	1174	1
966	753	766	1
967	875	893	1
968	1091	1098	1
969	642	656	1
970	918	920	1
971	863	882	1
972	861	871	1
973	953	961	1
974	894	903	1
975	789	807	1
976	856	873	1
977	358	365	1
978	571	587	1
979	1448	1474	1
980	372	407	1
981	1447	1501	1
982	178	204	1
983	676	681	1
984	188	204	1
985	59	77	1
986	1339	1344	1
987	1	27	1
988	1529	1540	1
989	292	352	1
990	964	966	1
991	885	907	1
992	741	760	1
993	1	6	1
994	854	892	1
995	956	971	1
996	1056	1059	1
997	1356	1370	1
998	829	860	1
999	1577	1594	1
1000	846	854	1
1001	999	1027	1
1002	327	371	1
1003	171	271	1
1004	285	317	1
1005	703	706	1
1006	1231	1233	1
1007	998	1059	1
1008	346	361	1
1009	870	890	1
1010	602	629	1
1011	704	729	1
1012	659	666	1
1013	1347	1358	1
1014	149	161	1
1015	1505	1510	1
1016	781	834	1
1017	957	992	1
1018	1019	1029	1
1019	19	34	1
1020	821	823	1
1021	1411	1442	1
1022	1333	1357	1
1023	589	610	1
1024	437	450	1
1025	648	651	1
1026	507	513	1
1027	408	445	1
1028	1376	1387	1
1029	158	164	1
1030	890	924	1
1031	1032	1035	1
1032	1173	1196	1
1033	1572	1585	1
1034	909	960	1
1035	1328	1342	1
1036	358	369	1
1037	1147	1149	1
1038	642	684	1
1039	1353	1359	1
1040	1106	1149	1
1041	1464	1487	1
1042	910	951	1
1043	277	286	1
1044	1109	1159	1
1045	1500	1508	1
1046	1022	1038	1
1047	702	712	1
1048	1279	1306	1
1049	85	122	1
1050	640	653	1
1051	241	261	1
1052	30	42	1
1053	367	377	1
1054	1298	1317	1
1055	1266	1346	1
1056	979	996	1
1057	775	781	1
1058	361	372	1
1059	383	401	1
1060	1157	1161	1
1061	1330	1348	1
1062	1172	1178	1
1063	704	707	1
1064	255	270	1
1065	388	407	1
1066	1103	1106	1
1067	880	912	1
1068	1096	1105	1
1069	419	440	1
1070	408	434	1
1071	866	869	1
1072	198	230	1
1073	587	600	1
1074	792	795	1
1075	847	929	1
1076	1352	1361	1
1077	94	170	1
1078	1434	1485	1
1079	904	917	1
1080	1398	1406	1
1081	1344	1357	1
1082	1184	1208	1
1083	1409	1418	1
1084	694	711	1
1085	940	1012	1
1086	773	781	1
1087	1227	1231	1
1088	392	424	1
1089	278	290	1
1090	305	351	1
1091	601	628	1
1092	468	475	1
1093	157	162	1
1094	150	153	1
1095	1209	1270	1
1096	958	974	1
1097	343	367	1
1098	789	831	1
1099	1502	1515	1
1100	1039	1062	1
1101	85	165	1
1102	929	975	1
1103	957	965	1
1104	778	781	1
1105	13	18	1
1106	715	726	1
1107	492	496	1
1108	259	273	1
1109	891	895	1
1110	184	202	1
1111	560	568	1
1112	657	662	1
1113	189	225	1
1114	1017	1019	1
1115	293	335	1
1116	531	539	1
1117	56	89	1
1118	1498	1510	1
1119	1499	1513	1
1120	288	345	1
1121	252	300	1
1122	753	759	1
1123	1111	1159	1
1124	280	282	1
1125	1440	1453	1
1126	929	931	1
1127	719	770	1
1128	1404	1433	1
1129	1286	1296	1
1130	605	618	1
1131	479	508	1
1132	1116	1123	1
1133	1284	1301	1
1134	360	392	1
1135	944	950	1
1136	898	902	1
1137	1386	1390	1
1138	665	667	1
1139	158	165	1
1140	251	278	1
1141	574	578	1
1142	202	213	1
1143	729	769	1
1144	1099	1103	1
1145	358	370	1
1146	1415	1430	1
1147	1077	1108	1
1148	1576	1586	1
1149	826	841	1
1150	52	88	1
1151	981	985	1
1152	899	911	1
1153	1008	1019	1
1154	1127	1148	1
1155	1038	1077	1
1156	848	850	1
1157	884	888	1
1158	1586	1630	1
1159	1273	1283	1
1160	1368	1371	1
1161	32	99	1
1162	1569	1577	1
1163	405	412	1
1164	99	106	1
1165	667	671	1
1166	1486	1500	1
1167	715	731	1
1168	591	595	1
1169	1513	1548	1
1170	1227	1275	1
1171	1056	1072	1
1172	1251	1268	1
1173	745	756	1
1174	208	210	1
1175	1136	1139	1
1176	935	950	1
1177	627	631	1
1178	839	846	1
1179	1043	1052	1
1180	967	972	1
1181	1143	1152	1
1182	125	161	1
1183	4	6	1
1184	944	962	1
1185	472	480	1
1186	1263	1267	1
1187	579	583	1
1188	591	612	1
1189	187	210	1
1190	404	418	1
1191	784	806	1
1192	301	305	1
1193	1282	1295	1
1194	643	694	1
1195	1347	1375	1
1196	1111	1154	1
1197	1111	1115	1
1198	568	621	1
1199	671	679	1
1200	825	877	1
1201	1563	1566	1
1202	1146	1160	1
1203	829	874	1
1204	382	421	1
1205	1211	1245	1
1206	372	415	1
1207	799	829	1
1208	167	172	1
1209	567	638	1
1210	1561	1570	1
1211	1393	1402	1
1212	288	292	1
1213	482	485	1
1214	1241	1262	1
1215	1395	1409	1
1216	120	166	1
1217	1125	1134	1
1218	1175	1198	1
1219	1006	1021	1
1220	571	575	1
1221	1201	1245	1
1222	129	131	1
1223	1265	1274	1
1224	890	911	1
1225	189	220	1
1226	494	501	1
1227	195	204	1
1228	879	900	1
1229	583	626	1
1230	999	1011	1
1231	743	803	1
1232	416	419	1
1233	489	518	1
1234	1364	1415	1
1235	893	900	1
1236	789	820	1
1237	934	938	1
1238	1299	1343	1
1239	1515	1519	1
1240	892	978	1
1241	1169	1189	1
1242	1070	1097	1
1243	34	117	1
1244	1133	1170	1
1245	1249	1281	1
1246	195	212	1
1247	916	933	1
1248	611	687	1
1249	1295	1304	1
1250	445	455	1
1251	738	740	1
1252	1039	1055	1
1253	184	190	1
1254	185	190	1
1255	1423	1429	1
1256	1320	1346	1
1257	165	213	1
1258	161	197	1
1259	1053	1060	1
1260	1499	1531	1
1261	1030	1041	1
1262	96	98	1
1263	41	73	1
1264	523	534	1
1265	895	914	1
1266	1395	1398	1
1267	1386	1388	1
1268	1080	1113	1
1269	1444	1447	1
1270	1237	1311	1
1271	111	120	1
1272	194	215	1
1273	1131	1153	1
1274	752	775	1
1275	1310	1316	1
1276	250	257	1
1277	806	810	1
1278	1151	1154	1
1279	1386	1405	1
1280	375	398	1
1281	147	151	1
1282	494	512	1
1283	1354	1382	1
1284	381	414	1
1285	307	320	1
1286	1533	1539	1
1287	655	666	1
1288	1086	1093	1
1289	396	425	1
1290	1453	1474	1
1291	54	67	1
1292	1389	1426	1
1293	300	315	1
1294	216	258	1
1295	16	72	1
1296	359	372	1
1297	849	852	1
1298	224	237	1
1299	191	194	1
1300	722	725	1
1301	151	170	1
1302	440	451	1
1303	901	912	1
1304	1369	1393	1
1305	858	866	1
1306	308	330	1
1307	901	952	1
1308	347	406	1
1309	1208	1241	1
1310	616	623	1
1311	87	89	1
1312	881	885	1
1313	980	992	1
1314	391	413	1
1315	1384	1420	1
1316	1542	1564	1
1317	1429	1509	1
1318	114	145	1
1319	12	63	1
1320	816	857	1
1321	355	361	1
1322	580	613	1
1323	820	855	1
1324	847	854	1
1325	892	973	1
1326	1359	1363	1
1327	487	496	1
1328	784	801	1
1329	23	34	1
1330	982	988	1
1331	1568	1576	1
1332	733	753	1
1333	1372	1384	1
1334	221	244	1
1335	1341	1389	1
1336	1166	1170	1
1337	49	52	1
1338	1071	1080	1
1339	179	182	1
1340	1003	1024	1
1341	1131	1133	1
1342	1437	1458	1
1343	750	770	1
1344	620	635	1
1345	636	639	1
1346	964	973	1
1347	84	113	1
1348	1402	1442	1
1349	1160	1162	1
1350	547	576	1
1351	497	513	1
1352	1117	1135	1
1353	457	469	1
1354	568	582	1
1355	598	604	1
1356	1165	1172	1
1357	1174	1182	1
1358	609	646	1
1359	502	512	1
1360	358	370	1
1361	23	29	1
1362	69	84	1
1363	827	889	1
1364	172	219	1
1365	752	769	1
1366	938	941	1
1367	1457	1469	1
1368	1024	1026	1
1369	257	285	1
1370	530	542	1
1371	1131	1142	1
1372	1414	1437	1
1373	1399	1441	1
1374	703	715	1
1375	1598	1629	1
1376	456	465	1
1377	62	111	1
1378	1066	1106	1
1379	1434	1437	1
1380	1531	1541	1
1381	1460	1473	1
1382	253	300	1
1383	1484	1504	1
1384	1108	1111	1
1385	769	799	1
1386	172	176	1
1387	327	354	1
1388	1521	1530	1
1389	185	187	1
1390	438	451	1
1391	142	149	1
1392	1472	1484	1
1393	437	440	1
1394	402	430	1
1395	1551	1565	1
1396	1442	1447	1
1397	1112	1122	1
1398	1168	1182	1
1399	1453	1462	1
1400	1208	1258	1
1401	715	741	1
1402	821	830	1
1403	906	910	1
1404	479	495	1
1405	1275	1280	1
1406	228	255	1
1407	88	110	1
1408	525	558	1
1409	1047	1061	1
1410	728	730	1
1411	486	513	1
1412	170	194	1
1413	146	167	1
1414	1222	1240	1
1415	693	730	1
1416	167	169	1
1417	944	988	1
1418	229	234	1
1419	1285	1322	1
1420	943	965	1
1421	177	192	1
1422	1358	1387	1
1423	1530	1588	1
1424	800	823	1
1425	1197	1204	1
1426	1084	1112	1
1427	1536	1610	1
1428	346	408	1
1429	1433	1452	1
1430	339	348	1
1431	650	658	1
1432	560	589	1
1433	1237	1241	1
1434	705	722	1
1435	141	154	1
1436	607	627	1
1437	569	660	1
1438	1135	1142	1
1439	638	682	1
1440	330	362	1
1441	1452	1491	1
1442	686	727	1
1443	397	421	1
1444	29	59	1
1445	1016	1045	1
1446	289	302	1
1447	717	754	1
1448	730	736	1
1449	213	219	1
1450	35	42	1
1451	1417	1423	1
1452	16	29	1
1453	909	933	1
1454	100	102	1
1455	61	71	1
1456	415	423	1
1457	1078	1117	1
1458	833	869	1
1459	1149	1156	1
1460	1417	1476	1
1461	798	808	1
1462	258	285	1
1463	964	969	1
1464	939	943	1
1465	1445	1475	1
1466	286	341	1
1467	273	289	1
1468	417	457	1
1469	140	151	1
1470	527	553	1
1471	981	985	1
1472	714	728	1
1473	85	91	1
1474	30	46	1
1475	908	916	1
1476	752	764	1
1477	640	646	1
1478	991	1045	1
1479	120	140	1
1480	1426	1482	1
1481	862	875	1
1482	571	599	1
1483	1260	1266	1
1484	640	650	1
1485	1566	1568	1
1486	1339	1373	1
1487	148	152	1
1488	826	838	1
1489	665	675	1
1490	63	112	1
1491	664	675	1
1492	810	834	1
1493	366	371	1
1494	1171	1174	1
1495	995	1025	1
1496	572	600	1
1497	1144	1150	1
1498	1035	1052	1
1499	1357	1361	1
1500	86	112	1
1501	190	198	1
1502	589	609	1
1503	804	850	1
1504	1570	1578	1
1505	645	675	1
1506	674	689	1
1507	1422	1433	1
1508	1566	1568	1
1509	910	937	1
1510	211	227	1
1511	1303	1334	1
1512	559	573	1
1513	1324	1364	1
1514	1483	1494	1
1515	446	450	1
1516	442	446	1
1517	958	982	1
1518	958	967	1
1519	345	358	1
1520	1277	1313	1
1521	892	905	1
1522	1204	1219	1
1523	219	236	1
1524	1212	1234	1
1525	1075	1092	1
1526	879	891	1
1527	13	15	1
1528	258	260	1
1529	370	381	1
1530	389	394	1
1531	1263	1285	1
1532	892	899	1
1533	1200	1221	1
1534	685	714	1
1535	192	220	1
1536	679	863	1
1537	296	306	1
1538	1054	1057	1
1539	647	732	1
1540	21	27	1
1541	872	878	1
1542	982	988	1
1543	742	748	1
1544	25	35	1
1545	741	755	1
1546	899	903	1
1547	762	805	1
1548	1071	1082	1
1549	1489	1499	1
1550	176	190	1
1551	832	846	1
1552	415	421	1
1553	1245	1282	1
1554	1118	1133	1
1555	836	846	1
1556	1071	1092	1
1557	1297	1299	1
1558	17	45	1
1559	778	839	1
1560	1004	1013	1
1561	337	342	1
1562	79	90	1
1563	259	277	1
1564	1068	1082	1
1565	1008	1012	1
1566	1194	1223	1
1567	838	846	1
1568	1305	1326	1
1569	328	369	1
1570	53	72	1
1571	944	999	1
1572	545	552	1
1573	1096	1103	1
1574	751	765	1
1575	673	708	1
1576	61	83	1
1577	1552	1587	1
1578	1540	1543	1
1579	605	613	1
1580	795	838	1
1581	127	189	1
1582	524	526	1
1583	1521	1539	1
1584	1485	1511	1
1585	1004	1008	1
1586	1559	1619	1
1587	757	759	1
1588	1556	1560	1
1589	354	408	1
1590	1323	1327	1
1591	1140	1158	1
1592	1317	1320	1
1593	1128	1149	1
1594	1135	1137	1
1595	122	125	1
1596	460	515	1
1597	458	490	1
1598	1598	1604	1
1599	1223	1246	1
