2400	2	0	0
0	56	71	1
1	1386	1417	1
2	866	874	1
3	182	192	1
4	1348	1355	1
5	1871	1874	1
6	488	495	1
7	1732	1743	1
8	888	896	1
9	169	204	1
10	2390	2405	1
11	86	89	1
12	1696	1698	1
13	1748	1751	1
14	155	179	1
15	571	593	1
16	263	303	1
17	2389	2396	1
18	912	918	1
19	33	40	1
20	1033	1051	1
21	696	714	1
22	1031	1033	1
23	35	49	1
24	442	450	1
25	851	859	1
26	915	920	1
27	1001	1009	1
28	1296	1308	1
29	1853	1856	1
30	1921	1923	1
31	912	916	1
32	300	312	1
33	292	297	1
34	1281	1291	1
35	1344	1348	1
36	1605	1624	1
37	61	65	1
38	2231	2233	1
39	937	939	1
40	2257	2260	1
41	2128	2168	1
42	431	444	1
43	734	744	1
44	1394	1399	1
45	2174	2179	1
46	1259	1261	1
47	1261	1265	1
48	702	719	1
49	1375	1377	1
50	412	435	1
51	809	826	1
52	1306	1313	1
53	1660	1665	1
54	1267	1319	1
55	1415	1426	1
56	1947	1962	1
57	597	604	1
58	601	605	1
59	2109	2139	1
60	706	715	1
61	42	56	1
62	820	829	1
63	1384	1402	1
64	1660	1675	1
65	592	594	1
66	943	984	1
67	1992	1997	1
68	980	993	1
69	2177	2197	1
70	1434	1444	1
71	1426	1431	1
72	518	520	1
73	869	874	1
74	2079	2102	1
75	484	491	1
76	1157	1159	1
77	1551	1553	1
78	2245	2251	1
79	1050	1054	1
80	305	312	1
81	224	226	1
82	483	495	1
83	808	817	1
84	1545	1575	1
85	1493	1511	1
86	1203	1218	1
87	498	510	1
88	31	35	1
89	1659	1663	1
90	2097	2104	1
91	382	385	1
92	131	137	1
93	6	22	1
94	42	61	1
95	736	785	1
96	2227	2233	1
97	2019	2045	1
98	555	561	1
99	1342	1344	1
100	65	78	1
101	2307	2326	1
102	2087	2089	1
103	1633	1640	1
104	756	764	1
105	1787	1811	1
106	1986	1996	1
107	2386	2395	1
108	2228	2235	1
109	307	320	1
110	1483	1490	1
111	1511	1530	1
112	2098	2125	1
113	1565	1595	1
114	362	369	1
115	187	197	1
116	2176	2185	1
117	1281	1283	1
118	1591	1594	1
119	2173	2188	1
120	1708	1719	1
121	1289	1301	1
122	1534	1536	1
123	1793	1798	1
124	934	945	1
125	2250	2255	1
126	180	184	1
127	1702	1755	1
128	2334	2346	1
129	1516	1529	1
130	2200	2207	1
131	2098	2105	1
132	1906	1908	1
133	825	861	1
134	1878	1882	1
135	883	907	1
136	618	627	1
137	1613	1621	1
138	2365	2368	1
139	434	444	1
140	864	875	1
141	779	781	1
142	2240	2244	1
143	1048	1080	1
144	1226	1229	1
145	1363	1375	1
146	140	152	1
147	2040	2050	1
148	2018	2031	1
149	1988	2005	1
150	431	436	1
151	856	862	1
152	2274	2319	1
153	1640	1647	1
154	196	203	1
155	2312	2341	1
156	206	211	1
157	1135	1141	1
158	1151	1155	1
159	1345	1351	1
160	2171	2176	1
161	1722	1724	1
162	2312	2334	1
163	962	973	1
164	1257	1265	1
165	549	556	1
166	1083	1104	1
167	307	311	1
168	230	239	1
169	1677	1681	1
170	2178	2183	1
171	1384	1395	1
172	39	52	1
173	1767	1790	1
174	1511	1520	1
175	1001	1007	1
176	957	969	1
177	1818	1829	1
178	1823	1840	1
179	838	849	1
180	515	523	1
181	926	928	1
182	1792	1802	1
183	210	230	1
184	1612	1648	1
185	2390	2410	1
186	574	577	1
187	549	558	1
188	653	681	1
189	1602	1614	1
190	2209	2238	1
191	1775	1793	1
192	1061	1121	1
193	1861	1872	1
194	1368	1370	1
195	528	538	1
196	1070	1077	1
197	2210	2228	1
198	479	490	1
199	2329	2340	1
200	1786	1793	1
201	911	913	1
202	1451	1455	1
203	605	610	1
204	1279	1290	1
205	228	232	1
206	1165	1167	1
207	581	585	1
208	92	104	1
209	2371	2382	1
210	1755	1759	1
211	688	694	1
212	2312	2322	1
213	543	567	1
214	296	299	1
215	136	160	1
216	1035	1049	1
217	398	407	1
218	500	503	1
219	1196	1207	1
220	1476	1484	1
221	1298	1305	1
222	631	640	1
223	960	962	1
224	314	329	1
225	491	497	1
226	1467	1488	1
227	1775	1779	1
228	1728	1734	1
229	427	438	1
230	152	160	1
231	870	882	1
232	45	53	1
233	1281	1284	1
234	2143	2155	1
235	1691	1715	1
236	818	830	1
237	489	498	1
238	1580	1591	1
239	959	973	1
240	580	582	1
241	224	243	1
242	1449	1472	1
243	2126	2129	1
244	749	767	1
245	901	911	1
246	1555	1559	1
247	2123	2126	1
248	928	935	1
249	285	295	1
250	812	817	1
251	1383	1386	1
252	1291	1296	1
253	1678	1753	1
254	1670	1681	1
255	1267	1270	1
256	212	217	1
257	59	66	1
258	431	435	1
259	133	140	1
260	128	140	1
261	1473	1480	1
262	2255	2264	1
263	733	743	1
264	1742	1746	1
265	2173	2180	1
266	122	132	1
267	1288	1297	1
268	1178	1187	1
269	1093	1108	1
270	711	713	1
271	1471	1487	1
272	1231	1239	1
273	733	756	1
274	222	225	1
275	1547	1557	1
276	1281	1304	1
277	1744	1765	1
278	623	630	1
279	1476	1479	1
280	2140	2148	1
281	1387	1396	1
282	275	279	1
283	1849	1863	1
284	2181	2185	1
285	2128	2132	1
286	5	10	1
287	66	75	1
288	1276	1280	1
289	1747	1759	1
290	1761	1771	1
291	2158	2160	1
292	1500	1506	1
293	1249	1262	1
294	1453	1463	1
295	139	149	1
296	2312	2318	1
297	870	875	1
298	253	267	1
299	1417	1420	1
300	444	455	1
301	1047	1069	1
302	1519	1525	1
303	70	76	1
304	1807	1813	1
305	379	389	1
306	383	397	1
307	1550	1561	1
308	2274	2284	1
309	1418	1426	1
310	606	609	1
311	714	716	1
312	1263	1275	1
313	1265	1282	1
314	1852	1879	1
315	1134	1138	1
316	2024	2036	1
317	181	213	1
318	1985	2002	1
319	823	874	1
320	1535	1539	1
321	569	581	1
322	1253	1258	1
323	391	394	1
324	521	523	1
325	574	601	1
326	447	453	1
327	2173	2177	1
328	1841	1855	1
329	1790	1793	1
330	2260	2272	1
331	592	594	1
332	2058	2065	1
333	184	194	1
334	1424	1431	1
335	504	515	1
336	2157	2159	1
337	1117	1129	1
338	113	123	1
339	306	318	1
340	86	106	1
341	2145	2152	1
342	841	845	1
343	1412	1414	1
344	1758	1760	1
345	1327	1347	1
346	1353	1373	1
347	1816	1823	1
348	1802	1807	1
349	1228	1235	1
350	1478	1488	1
351	1818	1821	1
352	1047	1054	1
353	880	895	1
354	63	93	1
355	310	324	1
356	1402	1406	1
357	1191	1220	1
358	1405	1411	1
359	2261	2277	1
360	1219	1224	1
361	1078	1083	1
362	16	23	1
363	351	357	1
364	908	916	1
365	119	143	1
366	1779	1781	1
367	866	875	1
368	2068	2076	1
369	913	931	1
370	876	882	1
371	2118	2131	1
372	311	347	1
373	1977	1993	1
374	757	760	1
375	2375	2378	1
376	896	899	1
377	828	838	1
378	1658	1676	1
379	1269	1274	1
380	483	491	1
381	692	705	1
382	2046	2067	1
383	1575	1583	1
384	1342	1373	1
385	994	996	1
386	2359	2364	1
387	2276	2278	1
388	544	555	1
389	602	606	1
390	2258	2265	1
391	220	230	1
392	75	77	1
393	1379	1383	1
394	1560	1598	1
395	48	56	1
396	1520	1523	1
397	437	439	1
398	494	499	1
399	414	427	1
400	2189	2191	1
401	34	36	1
402	1359	1376	1
403	706	710	1
404	264	267	1
405	2398	2405	1
406	147	157	1
407	1809	1825	1
408	86	121	1
409	2225	2230	1
410	812	822	1
411	1700	1706	1
412	1265	1293	1
413	2348	2377	1
414	537	546	1
415	1076	1085	1
416	486	522	1
417	508	526	1
418	1729	1731	1
419	1544	1560	1
420	350	361	1
421	2382	2390	1
422	491	497	1
423	272	275	1
424	1420	1422	1
425	288	310	1
426	843	899	1
427	1803	1817	1
428	1705	1716	1
429	1463	1479	1
430	2153	2156	1
431	2311	2326	1
432	709	715	1
433	294	299	1
434	397	423	1
435	50	53	1
436	1824	1835	1
437	1441	1461	1
438	1250	1253	1
439	2078	2110	1
440	22	36	1
441	1856	1880	1
442	2067	2080	1
443	1148	1150	1
444	1484	1491	1
445	847	849	1
446	1077	1079	1
447	1001	1008	1
448	547	555	1
449	1291	1296	1
450	1118	1135	1
451	531	542	1
452	12	14	1
453	1382	1389	1
454	2200	2211	1
455	1593	1603	1
456	1891	1902	1
457	2038	2048	1
458	470	472	1
459	2290	2296	1
460	1793	1798	1
461	962	969	1
462	1398	1404	1
463	156	170	1
464	807	814	1
465	1022	1028	1
466	1366	1369	1
467	343	360	1
468	1441	1444	1
469	236	252	1
470	1830	1842	1
471	1209	1214	1
472	581	596	1
473	2229	2257	1
474	1936	1958	1
475	71	76	1
476	1004	1006	1
477	1821	1842	1
478	1963	1965	1
479	1767	1776	1
480	1949	1955	1
481	1958	1962	1
482	2386	2400	1
483	203	206	1
484	874	878	1
485	1020	1027	1
486	1717	1719	1
487	1333	1354	1
488	1576	1581	1
489	2331	2334	1
490	1775	1821	1
491	1288	1290	1
492	1748	1762	1
493	1069	1083	1
494	1817	1822	1
495	1148	1150	1
496	1093	1096	1
497	1208	1212	1
498	664	668	1
499	153	161	1
500	2252	2268	1
501	1194	1199	1
502	937	941	1
503	2194	2205	1
504	561	567	1
505	263	283	1
506	2245	2264	1
507	2200	2204	1
508	741	743	1
509	722	740	1
510	1577	1585	1
511	1615	1623	1
512	441	447	1
513	1587	1613	1
514	1551	1553	1
515	16	34	1
516	662	670	1
517	2183	2187	1
518	92	94	1
519	345	349	1
520	37	43	1
521	141	145	1
522	2191	2194	1
523	1394	1411	1
524	1941	1949	1
525	2306	2312	1
526	409	433	1
527	412	430	1
528	1456	1469	1
529	939	943	1
530	89	94	1
531	370	378	1
532	12	19	1
533	1759	1767	1
534	262	278	1
535	2345	2353	1
536	2206	2220	1
537	226	233	1
538	1791	1804	1
539	1291	1299	1
540	232	254	1
541	2281	2289	1
542	903	905	1
543	1377	1386	1
544	2292	2299	1
545	2167	2171	1
546	13	36	1
547	1053	1067	1
548	1438	1441	1
549	1046	1078	1
550	586	594	1
551	383	388	1
552	2235	2242	1
553	1858	1866	1
554	168	175	1
555	2319	2331	1
556	1596	1598	1
557	795	806	1
558	441	455	1
559	181	192	1
560	423	432	1
561	810	814	1
562	1852	1862	1
563	1135	1138	1
564	1912	1923	1
565	1259	1264	1
566	983	987	1
567	550	556	1
568	1357	1363	1
569	1984	1990	1
570	1246	1249	1
571	903	916	1
572	877	880	1
573	261	268	1
574	1174	1182	1
575	1279	1282	1
576	2024	2027	1
577	4	7	1
578	124	130	1
579	273	297	1
580	1765	1776	1
581	1817	1821	1
582	1556	1569	1
583	2189	2203	1
584	535	540	1
585	2350	2410	1
586	294	302	1
587	2036	2046	1
588	2393	2432	1
589	1384	1404	1
590	1755	1771	1
591	1051	1056	1
592	2307	2309	1
593	2090	2092	1
594	1214	1217	1
595	467	493	1
596	1772	1786	1
597	929	939	1
598	2305	2314	1
599	1860	1876	1
600	622	627	1
601	639	645	1
602	1157	1163	1
603	2165	2169	1
604	1352	1361	1
605	69	78	1
606	2155	2185	1
607	1027	1030	1
608	2010	2052	1
609	750	762	1
610	1239	1244	1
611	1478	1489	1
612	446	456	1
613	1684	1689	1
614	4	76	1
615	1033	1039	1
616	1079	1089	1
617	2079	2088	1
618	534	538	1
619	1014	1018	1
620	0	9	1
621	466	472	1
622	1663	1696	1
623	2257	2272	1
624	215	224	1
625	1012	1015	1
626	15	17	1
627	1715	1741	1
628	1318	1324	1
629	1667	1670	1
630	1938	1950	1
631	260	264	1
632	811	814	1
633	2363	2365	1
634	1333	1338	1
635	1455	1478	1
636	654	665	1
637	2169	2176	1
638	2216	2221	1
639	496	503	1
640	2022	2032	1
641	339	349	1
642	547	563	1
643	1940	1946	1
644	270	289	1
645	1097	1100	1
646	803	809	1
647	1333	1349	1
648	152	156	1
649	1617	1621	1
650	2216	2219	1
651	177	200	1
652	2374	2384	1
653	1573	1583	1
654	572	580	1
655	687	710	1
656	2252	2263	1
657	1502	1507	1
658	1725	1734	1
659	428	430	1
660	1544	1551	1
661	245	268	1
662	487	496	1
663	88	93	1
664	1867	1886	1
665	1965	1989	1
666	1062	1071	1
667	992	1000	1
668	1652	1665	1
669	470	482	1
670	637	656	1
671	149	165	1
672	1542	1550	1
673	2278	2283	1
674	2325	2332	1
675	1154	1164	1
676	122	161	1
677	262	275	1
678	1707	1728	1
679	1212	1224	1
680	1663	1672	1
681	813	820	1
682	587	615	1
683	1802	1831	1
684	427	439	1
685	183	192	1
686	158	164	1
687	2364	2368	1
688	87	108	1
689	438	445	1
690	61	66	1
691	1055	1069	1
692	2199	2201	1
693	150	153	1
694	569	577	1
695	2100	2108	1
696	2306	2373	1
697	715	720	1
698	1761	1764	1
699	568	572	1
700	1888	1907	1
701	803	806	1
702	521	526	1
703	11	15	1
704	1157	1180	1
705	1307	1328	1
706	983	993	1
707	2088	2091	1
708	1145	1187	1
709	2244	2261	1
710	1086	1089	1
711	206	218	1
712	711	730	1
713	2393	2412	1
714	196	205	1
715	2360	2363	1
716	773	775	1
717	563	570	1
718	1792	1816	1
719	1780	1788	1
720	1629	1631	1
721	1907	1917	1
722	1345	1359	1
723	964	976	1
724	955	981	1
725	688	692	1
726	1328	1332	1
727	1668	1671	1
728	2239	2263	1
729	1106	1125	1
730	2098	2109	1
731	109	111	1
732	673	694	1
733	360	373	1
734	211	229	1
735	3	23	1
736	754	765	1
737	703	705	1
738	1097	1104	1
739	1423	1429	1
740	751	758	1
741	1585	1592	1
742	1807	1813	1
743	1090	1101	1
744	1179	1185	1
745	659	689	1
746	1250	1265	1
747	1382	1423	1
748	1142	1150	1
749	2088	2092	1
750	428	433	1
751	1417	1444	1
752	1768	1772	1
753	1020	1048	1
754	107	111	1
755	1268	1272	1
756	2145	2149	1
757	136	148	1
758	894	900	1
759	33	70	1
760	854	858	1
761	865	867	1
762	1267	1269	1
763	1211	1223	1
764	1142	1145	1
765	1774	1797	1
766	1666	1673	1
767	59	76	1
768	462	468	1
769	12	21	1
770	1452	1454	1
771	846	849	1
772	1908	1917	1
773	2153	2171	1
774	19	39	1
775	836	838	1
776	441	461	1
777	1803	1825	1
778	1270	1296	1
779	1543	1547	1
780	2061	2072	1
781	1398	1400	1
782	793	795	1
783	418	433	1
784	2227	2229	1
785	727	729	1
786	907	917	1
787	1183	1203	1
788	1193	1201	1
789	1603	1607	1
790	1986	1999	1
791	966	974	1
792	2111	2113	1
793	1083	1090	1
794	967	975	1
795	1815	1817	1
796	466	471	1
797	550	554	1
798	1361	1372	1
799	1130	1150	1
800	1738	1747	1
801	1833	1840	1
802	659	661	1
803	29	35	1
804	337	351	1
805	1691	1700	1
806	919	973	1
807	968	980	1
808	1538	1540	1
809	219	221	1
810	1166	1169	1
811	2207	2210	1
812	2248	2253	1
813	1961	1985	1
814	823	837	1
815	220	229	1
816	434	437	1
817	2131	2146	1
818	541	545	1
819	1418	1454	1
820	1969	1981	1
821	1515	1529	1
822	1680	1685	1
823	2269	2307	1
824	1342	1347	1
825	203	209	1
826	350	362	1
827	1603	1629	1
828	1535	1551	1
829	1531	1544	1
830	1311	1323	1
831	993	1008	1
832	1249	1254	1
833	2021	2054	1
834	1025	1031	1
835	451	463	1
836	1416	1422	1
837	1665	1672	1
838	1530	1536	1
839	768	770	1
840	2276	2285	1
841	888	891	1
842	1892	1894	1
843	2315	2323	1
844	2044	2063	1
845	2243	2254	1
846	1371	1381	1
847	1369	1379	1
848	36	40	1
849	257	262	1
850	252	254	1
851	2302	2306	1
852	1884	1890	1
853	761	764	1
854	940	944	1
855	1852	1857	1
856	733	739	1
857	1489	1496	1
858	434	450	1
859	970	981	1
860	810	831	1
861	894	924	1
862	253	261	1
863	719	732	1
864	383	389	1
865	323	332	1
866	1155	1162	1
867	1842	1845	1
868	2309	2324	1
869	468	470	1
870	174	181	1
871	1932	1937	1
872	1463	1466	1
873	1450	1455	1
874	1387	1392	1
875	2003	2014	1
876	2234	2243	1
877	1993	2012	1
878	860	872	1
879	228	239	1
880	243	258	1
881	2248	2299	1
882	1044	1050	1
883	492	498	1
884	2220	2229	1
885	1923	1936	1
886	821	826	1
887	1935	1940	1
888	1881	1883	1
889	715	726	1
890	665	670	1
891	1977	2000	1
892	1841	1851	1
893	304	312	1
894	1273	1318	1
895	253	260	1
896	641	644	1
897	2178	2182	1
898	588	590	1
899	667	677	1
900	1066	1076	1
901	1714	1719	1
902	1294	1303	1
903	802	811	1
904	162	175	1
905	2359	2361	1
906	1714	1727	1
907	813	829	1
908	2372	2426	1
909	50	70	1
910	53	85	1
911	345	347	1
912	1244	1285	1
913	2279	2287	1
914	1826	1834	1
915	1466	1472	1
916	254	271	1
917	2133	2145	1
918	1132	1137	1
919	1594	1601	1
920	1973	1996	1
921	2127	2169	1
922	876	896	1
923	48	54	1
924	1562	1572	1
925	1440	1442	1
926	1698	1700	1
927	1188	1191	1
928	516	518	1
929	69	71	1
930	390	396	1
931	2039	2054	1
932	170	172	1
933	2218	2264	1
934	1263	1271	1
935	1120	1132	1
936	355	358	1
937	908	916	1
938	1021	1026	1
939	1094	1100	1
940	239	260	1
941	2338	2350	1
942	1960	1966	1
943	494	496	1
944	499	518	1
945	1128	1142	1
946	1027	1041	1
947	1118	1136	1
948	576	596	1
949	1807	1809	1
950	792	795	1
951	1065	1074	1
952	2171	2179	1
953	649	655	1
954	2095	2110	1
955	1659	1663	1
956	826	859	1
957	2057	2059	1
958	1602	1630	1
959	296	300	1
960	1169	1177	1
961	2263	2265	1
962	1529	1539	1
963	471	479	1
964	640	642	1
965	1314	1316	1
966	2386	2426	1
967	786	788	1
968	2229	2235	1
969	343	348	1
970	492	507	1
971	832	855	1
972	152	158	1
973	544	547	1
974	1217	1251	1
975	74	77	1
976	908	914	1
977	1269	1282	1
978	4	15	1
979	812	818	1
980	527	540	1
981	1587	1599	1
982	1087	1102	1
983	1837	1858	1
984	211	219	1
985	2390	2453	1
986	1437	1448	1
987	1901	1904	1
988	1856	1873	1
989	434	456	1
990	2121	2130	1
991	695	699	1
992	79	102	1
993	1595	1606	1
994	1741	1745	1
995	879	881	1
996	623	625	1
997	1910	1950	1
998	217	222	1
999	1614	1636	1
1000	1304	1317	1
1001	654	663	1
1002	1130	1156	1
1003	123	129	1
1004	1848	1863	1
1005	1844	1863	1
1006	660	674	1
1007	957	963	1
1008	1634	1658	1
1009	104	112	1
1010	2137	2146	1
1011	1890	1892	1
1012	805	818	1
1013	2299	2325	1
1014	834	838	1
1015	66	82	1
1016	1664	1698	1
1017	1716	1723	1
1018	943	966	1
1019	2239	2241	1
1020	1615	1635	1
1021	1408	1422	1
1022	1306	1311	1
1023	2104	2106	1
1024	79	98	1
1025	2108	2118	1
1026	1789	1792	1
1027	219	228	1
1028	2197	2217	1
1029	246	253	1
1030	920	935	1
1031	1973	2009	1
1032	1333	1335	1
1033	795	802	1
1034	2271	2277	1
1035	1345	1355	1
1036	210	212	1
1037	225	236	1
1038	554	570	1
1039	1835	1846	1
1040	905	909	1
1041	760	762	1
1042	2009	2052	1
1043	1274	1279	1
1044	1107	1109	1
1045	1188	1193	1
1046	1547	1568	1
1047	879	881	1
1048	624	631	1
1049	546	551	1
1050	932	939	1
1051	2179	2181	1
1052	1118	1137	1
1053	696	710	1
1054	1106	1119	1
1055	901	922	1
1056	331	342	1
1057	943	949	1
1058	2385	2405	1
1059	1452	1456	1
1060	1079	1084	1
1061	390	393	1
1062	1400	1407	1
1063	1037	1043	1
1064	1129	1140	1
1065	1707	1713	1
1066	1724	1732	1
1067	1453	1463	1
1068	2306	2309	1
1069	2382	2416	1
1070	1047	1052	1
1071	2318	2322	1
1072	807	817	1
1073	2048	2064	1
1074	1340	1352	1
1075	409	434	1
1076	1600	1615	1
1077	2353	2355	1
1078	1422	1429	1
1079	2121	2123	1
1080	100	116	1
1081	1241	1243	1
1082	1018	1026	1
1083	944	971	1
1084	1970	1972	1
1085	1985	2000	1
1086	1710	1746	1
1087	1692	1703	1
1088	1153	1173	1
1089	2311	2351	1
1090	2378	2382	1
1091	1042	1047	1
1092	2355	2364	1
1093	1645	1649	1
1094	1483	1490	1
1095	337	347	1
1096	255	262	1
1097	707	736	1
1098	1926	1937	1
1099	1161	1190	1
1100	1177	1181	1
1101	1186	1206	1
1102	605	623	1
1103	1661	1677	1
1104	1577	1582	1
1105	808	813	1
1106	2351	2358	1
1107	1703	1727	1
1108	1328	1330	1
1109	1936	1940	1
1110	360	372	1
1111	272	274	1
1112	1328	1335	1
1113	212	218	1
1114	583	590	1
1115	1250	1274	1
1116	1108	1113	1
1117	728	737	1
1118	1725	1727	1
1119	1383	1395	1
1120	355	360	1
1121	254	265	1
1122	386	388	1
1123	1795	1806	1
1124	2016	2053	1
1125	1345	1351	1
1126	2249	2255	1
1127	1437	1442	1
1128	1071	1076	1
1129	890	895	1
1130	411	414	1
1131	397	407	1
1132	938	943	1
1133	1515	1518	1
1134	1782	1800	1
1135	658	674	1
1136	2083	2087	1
1137	2311	2314	1
1138	848	852	1
1139	2144	2152	1
1140	267	284	1
1141	1735	1747	1
1142	1846	1857	1
1143	92	117	1
1144	1415	1417	1
1145	2119	2124	1
1146	1155	1182	1
1147	1933	1946	1
1148	26	42	1
1149	60	62	1
1150	1287	1306	1
1151	513	525	1
1152	1670	1676	1
1153	1306	1309	1
1154	570	573	1
1155	2336	2340	1
1156	1398	1409	1
1157	1924	1933	1
1158	2024	2037	1
1159	270	282	1
1160	2390	2397	1
1161	1537	1549	1
1162	224	237	1
1163	2029	2034	1
1164	890	895	1
1165	2213	2242	1
1166	885	887	1
1167	558	564	1
1168	208	231	1
1169	29	32	1
1170	1145	1161	1
1171	1260	1267	1
1172	711	717	1
1173	1809	1814	1
1174	195	207	1
1175	1581	1588	1
1176	1092	1099	1
1177	1418	1421	1
1178	523	538	1
1179	958	962	1
1180	309	338	1
1181	1080	1082	1
1182	1184	1209	1
1183	1948	1950	1
1184	1837	1845	1
1185	1669	1676	1
1186	2167	2175	1
1187	1743	1750	1
1188	233	239	1
1189	2037	2054	1
1190	1934	1954	1
1191	1334	1337	1
1192	433	461	1
1193	950	984	1
1194	2328	2334	1
1195	930	944	1
1196	1461	1474	1
1197	1702	1708	1
1198	333	359	1
1199	1282	1311	1
1200	1368	1419	1
1201	1958	1964	1
1202	1426	1432	1
1203	1208	1216	1
1204	951	956	1
1205	1728	1732	1
1206	957	963	1
1207	69	86	1
1208	378	396	1
1209	1440	1449	1
1210	1441	1469	1
1211	1826	1840	1
1212	2265	2267	1
1213	2010	2013	1
1214	585	596	1
1215	2084	2102	1
1216	283	304	1
1217	815	818	1
1218	131	148	1
1219	1260	1268	1
1220	755	775	1
1221	573	593	1
1222	849	858	1
1223	755	782	1
1224	778	790	1
1225	1461	1473	1
1226	1332	1337	1
1227	1235	1253	1
1228	1270	1290	1
1229	847	849	1
1230	2292	2310	1
1231	630	640	1
1232	2039	2062	1
1233	65	77	1
1234	564	566	1
1235	466	468	1
1236	2112	2118	1
1237	40	60	1
1238	1364	1384	1
1239	2329	2341	1
1240	2225	2253	1
1241	733	753	1
1242	1590	1594	1
1243	560	569	1
1244	2005	2033	1
1245	1570	1584	1
1246	708	736	1
1247	674	683	1
1248	1340	1348	1
1249	2070	2095	1
1250	2363	2367	1
1251	1516	1530	1
1252	1699	1702	1
1253	1326	1330	1
1254	246	250	1
1255	1672	1674	1
1256	1581	1594	1
1257	1408	1416	1
1258	18	23	1
1259	1037	1044	1
1260	537	554	1
1261	1978	1996	1
1262	1086	1120	1
1263	1952	1959	1
1264	86	102	1
1265	1404	1406	1
1266	915	924	1
1267	1910	1919	1
1268	1728	1730	1
1269	961	964	1
1270	771	789	1
1271	2062	2071	1
1272	2239	2257	1
1273	646	648	1
1274	229	251	1
1275	1904	1930	1
1276	158	160	1
1277	226	235	1
1278	1888	1890	1
1279	1126	1136	1
1280	380	406	1
1281	938	956	1
1282	2210	2213	1
1283	700	709	1
1284	600	605	1
1285	182	205	1
1286	1090	1099	1
1287	1183	1187	1
1288	174	186	1
1289	501	509	1
1290	921	936	1
1291	769	772	1
1292	347	349	1
1293	2279	2284	1
1294	1392	1396	1
1295	2263	2274	1
1296	155	171	1
1297	2158	2161	1
1298	1777	1806	1
1299	2397	2403	1
1300	1077	1079	1
1301	432	437	1
1302	62	69	1
1303	1299	1315	1
1304	846	869	1
1305	1040	1050	1
1306	857	883	1
1307	1600	1639	1
1308	819	822	1
1309	1319	1324	1
1310	47	71	1
1311	818	826	1
1312	2332	2334	1
1313	472	474	1
1314	761	794	1
1315	2345	2351	1
1316	237	247	1
1317	1826	1862	1
1318	1029	1059	1
1319	1147	1155	1
1320	1669	1671	1
1321	1139	1154	1
1322	2325	2336	1
1323	1307	1309	1
1324	1674	1677	1
1325	1199	1206	1
1326	2364	2367	1
1327	889	893	1
1328	591	597	1
1329	1416	1445	1
1330	2242	2244	1
1331	385	387	1
1332	2242	2254	1
1333	797	817	1
1334	1456	1461	1
1335	678	685	1
1336	1703	1717	1
1337	1262	1267	1
1338	1467	1472	1
1339	742	756	1
1340	1490	1492	1
1341	127	141	1
1342	1235	1245	1
1343	1755	1768	1
1344	1645	1653	1
1345	1461	1469	1
1346	847	855	1
1347	1905	1915	1
1348	202	205	1
1349	1196	1201	1
1350	1633	1636	1
1351	194	199	1
1352	181	185	1
1353	2053	2061	1
1354	2283	2293	1
1355	1879	1883	1
1356	339	374	1
1357	2086	2090	1
1358	1446	1453	1
1359	2362	2369	1
1360	692	694	1
1361	1549	1570	1
1362	2373	2376	1
1363	2005	2011	1
1364	2182	2190	1
1365	321	324	1
1366	1562	1574	1
1367	2262	2274	1
1368	658	662	1
1369	2263	2287	1
1370	709	712	1
1371	2289	2336	1
1372	1057	1059	1
1373	1957	1962	1
1374	1226	1229	1
1375	628	640	1
1376	857	859	1
1377	2373	2390	1
1378	17	21	1
1379	741	749	1
1380	1363	1370	1
1381	927	929	1
1382	951	965	1
1383	1764	1794	1
1384	1396	1428	1
1385	1540	1548	1
1386	375	379	1
1387	511	523	1
1388	1861	1865	1
1389	973	979	1
1390	1962	2006	1
1391	397	425	1
1392	1832	1855	1
1393	340	347	1
1394	2112	2117	1
1395	1765	1777	1
1396	1044	1079	1
1397	821	823	1
1398	1243	1247	1
1399	1567	1570	1
1400	2230	2236	1
1401	825	830	1
1402	1114	1116	1
1403	1405	1420	1
1404	525	548	1
1405	1949	1955	1
1406	1994	1998	1
1407	33	40	1
1408	1356	1369	1
1409	1664	1671	1
1410	2121	2127	1
1411	1637	1639	1
1412	661	676	1
1413	74	76	1
1414	2133	2145	1
1415	943	947	1
1416	956	958	1
1417	79	84	1
1418	2389	2395	1
1419	2205	2215	1
1420	1948	1959	1
1421	830	840	1
1422	1293	1323	1
1423	1138	1142	1
1424	114	116	1
1425	1032	1042	1
1426	2345	2351	1
1427	203	211	1
1428	846	854	1
1429	358	362	1
1430	2032	2042	1
1431	72	88	1
1432	514	520	1
1433	2321	2327	1
1434	328	342	1
1435	2359	2364	1
1436	1952	1958	1
1437	502	506	1
1438	1181	1183	1
1439	2076	2107	1
1440	539	570	1
1441	1330	1335	1
1442	2097	2104	1
1443	2311	2320	1
1444	1434	1440	1
1445	1973	1977	1
1446	442	460	1
1447	2129	2135	1
1448	1343	1345	1
1449	1616	1633	1
1450	644	646	1
1451	1944	1955	1
1452	2139	2151	1
1453	1988	2005	1
1454	169	173	1
1455	1728	1743	1
1456	1712	1722	1
1457	571	573	1
1458	832	834	1
1459	1908	1921	1
1460	1628	1659	1
1461	79	85	1
1462	1386	1392	1
1463	1229	1251	1
1464	2310	2319	1
1465	657	660	1
1466	269	271	1
1467	64	66	1
1468	2246	2259	1
1469	1472	1480	1
1470	1716	1737	1
1471	1485	1498	1
1472	934	952	1
1473	2396	2408	1
1474	1047	1059	1
1475	326	342	1
1476	182	184	1
1477	1643	1661	1
1478	2190	2193	1
1479	1546	1554	1
1480	1698	1701	1
1481	366	372	1
1482	25	29	1
1483	1413	1452	1
1484	1257	1260	1
1485	444	447	1
1486	1050	1061	1
1487	2252	2255	1
1488	226	240	1
1489	400	426	1
1490	767	801	1
1491	1671	1675	1
1492	829	832	1
1493	507	510	1
1494	980	986	1
1495	2378	2392	1
1496	1770	1772	1
1497	506	513	1
1498	1584	1593	1
1499	1448	1454	1
1500	987	998	1
1501	1687	1697	1
1502	297	302	1
1503	993	1001	1
1504	991	995	1
1505	299	303	1
1506	1821	1840	1
1507	827	829	1
1508	433	440	1
1509	706	718	1
1510	896	904	1
1511	739	751	1
1512	289	301	1
1513	815	841	1
1514	1826	1830	1
1515	2102	2111	1
1516	1992	1995	1
1517	1137	1140	1
1518	35	65	1
1519	750	756	1
1520	2285	2287	1
1521	672	684	1
1522	116	121	1
1523	800	806	1
1524	2381	2385	1
1525	142	169	1
1526	1212	1221	1
1527	472	486	1
1528	732	738	1
1529	176	187	1
1530	1812	1819	1
1531	2376	2384	1
1532	1814	1839	1
1533	1073	1082	1
1534	328	335	1
1535	1393	1435	1
1536	730	741	1
1537	1299	1310	1
1538	2042	2049	1
1539	1746	1750	1
1540	1544	1555	1
1541	1762	1766	1
1542	1447	1463	1
1543	924	941	1
1544	1258	1265	1
1545	1012	1014	1
1546	1996	2000	1
1547	378	397	1
1548	1608	1614	1
1549	1498	1513	1
1550	289	292	1
1551	1385	1407	1
1552	1356	1365	1
1553	1358	1366	1
1554	41	56	1
1555	767	801	1
1556	1600	1602	1
1557	942	953	1
1558	2131	2143	1
1559	2201	2216	1
1560	1612	1655	1
1561	129	137	1
1562	223	231	1
1563	29	36	1
1564	2068	2072	1
1565	835	849	1
1566	507	521	1
1567	220	225	1
1568	929	975	1
1569	262	288	1
1570	565	575	1
1571	1573	1579	1
1572	982	1004	1
1573	1790	1815	1
1574	1117	1125	1
1575	466	475	1
1576	1556	1567	1
1577	2159	2166	1
1578	1203	1208	1
1579	2366	2373	1
1580	1013	1020	1
1581	32	43	1
1582	1173	1179	1
1583	1174	1186	1
1584	168	200	1
1585	1976	1985	1
1586	736	754	1
1587	13	17	1
1588	115	123	1
1589	697	721	1
1590	488	491	1
1591	1191	1195	1
1592	1126	1129	1
1593	406	419	1
1594	2013	2028	1
1595	20	40	1
1596	99	102	1
1597	1484	1495	1
1598	2325	2341	1
1599	1295	1310	1
1600	1550	1562	1
1601	576	578	1
1602	918	924	1
1603	1199	1230	1
1604	2187	2196	1
1605	1020	1023	1
1606	1797	1804	1
1607	160	164	1
1608	606	626	1
1609	2263	2273	1
1610	2003	2013	1
1611	274	284	1
1612	868	872	1
1613	289	295	1
1614	1969	1975	1
1615	528	532	1
1616	1492	1501	1
1617	2053	2057	1
1618	797	799	1
1619	1932	1939	1
1620	2082	2090	1
1621	755	759	1
1622	996	1002	1
1623	67	108	1
1624	2313	2315	1
1625	1027	1047	1
1626	1684	1687	1
1627	638	652	1
1628	878	933	1
1629	1460	1481	1
1630	2143	2184	1
1631	1780	1788	1
1632	1934	1936	1
1633	1075	1078	1
1634	747	754	1
1635	2361	2370	1
1636	432	436	1
1637	119	137	1
1638	564	581	1
1639	310	323	1
1640	611	618	1
1641	1805	1820	1
1642	2090	2095	1
1643	767	770	1
1644	651	663	1
1645	942	977	1
1646	2125	2127	1
1647	1430	1438	1
1648	957	961	1
1649	1807	1817	1
1650	183	193	1
1651	860	864	1
1652	830	844	1
1653	1430	1435	1
1654	415	421	1
1655	2052	2055	1
1656	2274	2283	1
1657	110	116	1
1658	2175	2197	1
1659	227	236	1
1660	1758	1761	1
1661	143	146	1
1662	1357	1369	1
1663	738	741	1
1664	354	357	1
1665	42	48	1
1666	275	280	1
1667	621	623	1
1668	2255	2264	1
1669	638	655	1
1670	2396	2406	1
1671	1353	1379	1
1672	1211	1216	1
1673	922	926	1
1674	53	58	1
1675	950	954	1
1676	2269	2274	1
1677	1097	1099	1
1678	2110	2117	1
1679	1145	1154	1
1680	42	46	1
1681	1209	1214	1
1682	378	383	1
1683	2381	2387	1
1684	2050	2070	1
1685	1808	1817	1
1686	2315	2320	1
1687	48	61	1
1688	562	582	1
1689	1696	1716	1
1690	1182	1197	1
1691	122	160	1
1692	574	581	1
1693	821	829	1
1694	570	585	1
1695	298	319	1
1696	1178	1190	1
1697	1649	1657	1
1698	1811	1823	1
1699	681	690	1
1700	2301	2330	1
1701	370	381	1
1702	1522	1542	1
1703	545	558	1
1704	1724	1735	1
1705	1542	1544	1
1706	564	568	1
1707	1376	1381	1
1708	692	695	1
1709	796	814	1
1710	1586	1596	1
1711	729	734	1
1712	1585	1587	1
1713	1676	1678	1
1714	365	369	1
1715	2010	2038	1
1716	1812	1818	1
1717	1073	1075	1
1718	2271	2281	1
1719	2373	2392	1
1720	819	833	1
1721	573	587	1
1722	2011	2017	1
1723	2298	2323	1
1724	1838	1849	1
1725	2280	2296	1
1726	1885	1893	1
1727	1880	1899	1
1728	508	527	1
1729	1755	1763	1
1730	1874	1886	1
1731	1913	1916	1
1732	218	220	1
1733	452	454	1
1734	193	198	1
1735	738	742	1
1736	867	873	1
1737	1802	1828	1
1738	2167	2169	1
1739	605	619	1
1740	1305	1311	1
1741	740	746	1
1742	696	718	1
1743	1530	1532	1
1744	1891	1896	1
1745	1967	1974	1
1746	654	666	1
1747	978	982	1
1748	1057	1059	1
1749	1281	1289	1
1750	1879	1888	1
1751	1849	1901	1
1752	1480	1494	1
1753	1345	1411	1
1754	881	892	1
1755	1255	1268	1
1756	1131	1139	1
1757	1889	1891	1
1758	192	209	1
1759	1002	1010	1
1760	773	795	1
1761	1124	1136	1
1762	436	445	1
1763	1281	1292	1
1764	1703	1706	1
1765	1734	1738	1
1766	144	148	1
1767	1838	1841	1
1768	2273	2290	1
1769	433	455	1
1770	585	589	1
1771	632	641	1
1772	2046	2054	1
1773	1680	1699	1
1774	871	877	1
1775	1996	1998	1
1776	2028	2034	1
1777	1003	1007	1
1778	1468	1475	1
1779	1631	1636	1
1780	681	684	1
1781	799	805	1
1782	1861	1865	1
1783	1110	1119	1
1784	1712	1730	1
1785	656	661	1
1786	465	467	1
1787	265	274	1
1788	1068	1070	1
1789	1995	2002	1
1790	1077	1089	1
1791	700	702	1
1792	1151	1156	1
1793	1333	1342	1
1794	1124	1126	1
1795	1959	1973	1
1796	2119	2123	1
1797	183	197	1
1798	870	899	1
1799	1403	1409	1
1800	1821	1826	1
1801	545	554	1
1802	1118	1127	1
1803	1461	1474	1
1804	329	331	1
1805	1293	1295	1
1806	1933	1945	1
1807	1725	1740	1
1808	277	289	1
1809	2162	2164	1
1810	166	178	1
1811	925	935	1
1812	426	434	1
1813	2155	2164	1
1814	1031	1039	1
1815	551	554	1
1816	460	462	1
1817	1997	2010	1
1818	1509	1523	1
1819	1877	1887	1
1820	534	541	1
1821	1896	1902	1
1822	932	941	1
1823	1335	1371	1
1824	1176	1183	1
1825	175	184	1
1826	186	197	1
1827	211	224	1
1828	951	956	1
1829	2088	2102	1
1830	653	667	1
1831	2004	2012	1
1832	1609	1614	1
1833	1047	1057	1
1834	1207	1213	1
1835	1129	1162	1
1836	332	342	1
1837	803	805	1
1838	1700	1708	1
1839	2024	2030	1
1840	294	309	1
1841	2395	2414	1
1842	1932	1940	1
1843	621	624	1
1844	548	560	1
1845	545	551	1
1846	539	550	1
1847	721	756	1
1848	1700	1703	1
1849	96	104	1
1850	1685	1703	1
1851	841	874	1
1852	410	425	1
1853	1850	1863	1
1854	510	516	1
1855	909	915	1
1856	1565	1581	1
1857	1972	1981	1
1858	1926	1937	1
1859	1152	1160	1
1860	2373	2376	1
1861	1432	1445	1
1862	1309	1327	1
1863	665	669	1
1864	1886	1936	1
1865	165	171	1
1866	1010	1028	1
1867	973	990	1
1868	786	808	1
1869	2316	2331	1
1870	1787	1798	1
1871	1071	1088	1
1872	1783	1799	1
1873	1749	1755	1
1874	1597	1620	1
1875	949	986	1
1876	1374	1379	1
1877	150	170	1
1878	1103	1109	1
1879	2274	2283	1
1880	1425	1427	1
1881	2192	2213	1
1882	916	924	1
1883	485	493	1
1884	374	391	1
1885	1653	1700	1
1886	1781	1793	1
1887	917	921	1
1888	1347	1351	1
1889	1744	1747	1
1890	2047	2067	1
1891	729	745	1
1892	876	887	1
1893	1562	1577	1
1894	319	323	1
1895	920	938	1
1896	854	870	1
1897	1313	1318	1
1898	2361	2388	1
1899	1933	1954	1
1900	1552	1564	1
1901	589	591	1
1902	1031	1035	1
1903	2321	2342	1
1904	353	373	1
1905	1292	1303	1
1906	401	404	1
1907	2009	2028	1
1908	1221	1231	1
1909	846	856	1
1910	1993	1999	1
1911	1174	1180	1
1912	2003	2005	1
1913	807	822	1
1914	2229	2258	1
1915	1043	1045	1
1916	1930	1945	1
1917	1271	1281	1
1918	204	242	1
1919	2247	2269	1
1920	2249	2254	1
1921	613	646	1
1922	245	247	1
1923	415	425	1
1924	829	857	1
1925	858	878	1
1926	2005	2016	1
1927	2140	2146	1
1928	2319	2327	1
1929	2255	2257	1
1930	272	274	1
1931	110	115	1
1932	1834	1843	1
1933	1224	1249	1
1934	428	448	1
1935	1237	1243	1
1936	2110	2112	1
1937	1162	1165	1
1938	510	520	1
1939	984	999	1
1940	1875	1888	1
1941	1745	1748	1
1942	481	520	1
1943	876	880	1
1944	1927	1943	1
1945	118	123	1
1946	1418	1421	1
1947	578	586	1
1948	562	568	1
1949	2060	2068	1
1950	2234	2238	1
1951	1481	1486	1
1952	2009	2029	1
1953	2036	2042	1
1954	1364	1371	1
1955	815	822	1
1956	1958	1963	1
1957	2280	2310	1
1958	1041	1047	1
1959	832	835	1
1960	1160	1163	1
1961	1516	1530	1
1962	753	766	1
1963	2283	2286	1
1964	1940	1944	1
1965	878	884	1
1966	1579	1581	1
1967	936	942	1
1968	1184	1189	1
1969	1912	1918	1
1970	796	808	1
1971	1546	1549	1
1972	1082	1090	1
1973	1667	1671	1
1974	281	290	1
1975	554	567	1
1976	1165	1184	1
1977	562	572	1
1978	1821	1823	1
1979	228	246	1
1980	2295	2301	1
1981	932	939	1
1982	1633	1648	1
1983	2397	2404	1
1984	2254	2264	1
1985	71	73	1
1986	1788	1817	1
1987	559	572	1
1988	487	498	1
1989	1731	1760	1
1990	957	969	1
1991	1670	1677	1
1992	2227	2248	1
1993	2225	2234	1
1994	1672	1685	1
1995	194	220	1
1996	582	592	1
1997	2297	2306	1
1998	1457	1466	1
1999	1681	1683	1
2000	42	44	1
2001	1439	1451	1
2002	1084	1086	1
2003	875	880	1
2004	2102	2104	1
2005	451	466	1
2006	621	668	1
2007	221	225	1
2008	1445	1466	1
2009	920	941	1
2010	2134	2136	1
2011	2224	2241	1
2012	1025	1031	1
2013	1466	1472	1
2014	504	512	1
2015	1600	1607	1
2016	979	994	1
2017	1030	1049	1
2018	2187	2200	1
2019	738	744	1
2020	1319	1325	1
2021	420	437	1
2022	1546	1549	1
2023	68	91	1
2024	1710	1713	1
2025	1230	1248	1
2026	2109	2114	1
2027	2197	2200	1
2028	90	94	1
2029	928	936	1
2030	815	828	1
2031	541	550	1
2032	1167	1179	1
2033	2022	2030	1
2034	1035	1045	1
2035	1073	1079	1
2036	208	221	1
2037	1245	1260	1
2038	374	376	1
2039	245	266	1
2040	1358	1369	1
2041	1039	1044	1
2042	1261	1272	1
2043	1692	1698	1
2044	996	1012	1
2045	1949	1958	1
2046	1023	1029	1
2047	1075	1091	1
2048	1048	1061	1
2049	1200	1203	1
2050	545	554	1
2051	82	87	1
2052	1800	1810	1
2053	398	418	1
2054	2003	2006	1
2055	1760	1780	1
2056	717	729	1
2057	915	931	1
2058	1449	1452	1
2059	1675	1678	1
2060	169	179	1
2061	779	781	1
2062	2079	2084	1
2063	448	455	1
2064	2271	2282	1
2065	1509	1529	1
2066	824	831	1
2067	97	133	1
2068	2053	2062	1
2069	2329	2331	1
2070	491	507	1
2071	660	679	1
2072	1392	1395	1
2073	415	419	1
2074	2251	2257	1
2075	1877	1892	1
2076	999	1004	1
2077	2053	2058	1
2078	301	333	1
2079	1590	1592	1
2080	922	940	1
2081	2147	2151	1
2082	1703	1707	1
2083	2016	2039	1
2084	1932	1955	1
2085	2012	2029	1
2086	968	973	1
2087	2242	2252	1
2088	332	336	1
2089	822	827	1
2090	1843	1853	1
2091	1557	1565	1
2092	1834	1845	1
2093	1294	1318	1
2094	412	422	1
2095	1309	1322	1
2096	302	324	1
2097	677	687	1
2098	1136	1139	1
2099	620	622	1
2100	2069	2079	1
2101	1016	1048	1
2102	873	881	1
2103	724	751	1
2104	415	419	1
2105	650	655	1
2106	55	63	1
2107	11	26	1
2108	1096	1100	1
2109	1665	1667	1
2110	665	695	1
2111	273	321	1
2112	1246	1268	1
2113	752	764	1
2114	2307	2309	1
2115	1524	1526	1
2116	2393	2399	1
2117	1575	1578	1
2118	201	222	1
2119	504	513	1
2120	430	442	1
2121	1098	1102	1
2122	202	216	1
2123	812	850	1
2124	308	313	1
2125	2318	2322	1
2126	1421	1430	1
2127	2255	2260	1
2128	1421	1423	1
2129	1400	1421	1
2130	1312	1338	1
2131	937	941	1
2132	1503	1528	1
2133	101	106	1
2134	804	839	1
2135	445	462	1
2136	1274	1280	1
2137	1825	1837	1
2138	2330	2334	1
2139	1626	1634	1
2140	1990	2011	1
2141	1439	1450	1
2142	1101	1114	1
2143	826	837	1
2144	1363	1373	1
2145	1526	1542	1
2146	1650	1656	1
2147	1900	1902	1
2148	694	704	1
2149	95	97	1
2150	1280	1296	1
2151	679	710	1
2152	1820	1823	1
2153	1472	1479	1
2154	813	815	1
2155	786	795	1
2156	1064	1070	1
2157	18	21	1
2158	2130	2139	1
2159	965	980	1
2160	201	208	1
2161	1749	1773	1
2162	2243	2248	1
2163	1359	1382	1
2164	623	654	1
2165	521	546	1
2166	1474	1479	1
2167	252	265	1
2168	1483	1487	1
2169	1297	1305	1
2170	2394	2397	1
2171	1189	1191	1
2172	2313	2325	1
2173	1802	1820	1
2174	1753	1792	1
2175	1916	1934	1
2176	954	972	1
2177	964	969	1
2178	2229	2232	1
2179	1319	1321	1
2180	1455	1464	1
2181	292	297	1
2182	2069	2086	1
2183	1488	1499	1
2184	621	634	1
2185	493	496	1
2186	1448	1461	1
2187	963	975	1
2188	156	171	1
2189	214	254	1
2190	1075	1093	1
2191	2021	2027	1
2192	110	120	1
2193	755	768	1
2194	285	294	1
2195	153	201	1
2196	1853	1856	1
2197	1142	1159	1
2198	925	927	1
2199	528	532	1
2200	912	932	1
2201	1703	1707	1
2202	337	365	1
2203	13	31	1
2204	1447	1451	1
2205	1291	1305	1
2206	103	105	1
2207	976	978	1
2208	1226	1232	1
2209	2011	2046	1
2210	1189	1194	1
2211	488	494	1
2212	1519	1554	1
2213	560	574	1
2214	246	248	1
2215	1829	1843	1
2216	383	391	1
2217	513	515	1
2218	1566	1570	1
2219	525	533	1
2220	258	269	1
2221	476	487	1
2222	1425	1432	1
2223	48	50	1
2224	1647	1650	1
2225	315	337	1
2226	2343	2349	1
2227	2357	2362	1
2228	2149	2154	1
2229	1199	1203	1
2230	715	730	1
2231	2051	2053	1
2232	1825	1843	1
2233	203	210	1
2234	707	723	1
2235	1354	1363	1
2236	778	783	1
2237	1781	1797	1
2238	2371	2378	1
2239	632	644	1
2240	1550	1571	1
2241	2052	2060	1
2242	1677	1694	1
2243	92	98	1
2244	1314	1316	1
2245	1250	1262	1
2246	1267	1287	1
2247	1213	1218	1
2248	2291	2296	1
2249	1193	1200	1
2250	203	209	1
2251	413	415	1
2252	2003	2007	1
2253	1995	1999	1
2254	2398	2401	1
2255	1656	1663	1
2256	300	307	1
2257	1647	1651	1
2258	276	297	1
2259	2076	2084	1
2260	368	376	1
2261	1904	1907	1
2262	1029	1031	1
2263	365	367	1
2264	490	496	1
2265	562	567	1
2266	1989	1994	1
2267	488	494	1
2268	1066	1077	1
2269	666	678	1
2270	1429	1433	1
2271	313	332	1
2272	2057	2062	1
2273	263	271	1
2274	2390	2394	1
2275	2116	2126	1
2276	2060	2071	1
2277	392	394	1
2278	1614	1634	1
2279	369	373	1
2280	1027	1031	1
2281	1171	1175	1
2282	11	19	1
2283	864	869	1
2284	1016	1019	1
2285	12	20	1
2286	1837	1856	1
2287	908	925	1
2288	853	859	1
2289	974	978	1
2290	2332	2354	1
2291	223	246	1
2292	970	976	1
2293	1824	1826	1
2294	214	230	1
2295	1720	1738	1
2296	2083	2090	1
2297	1645	1662	1
2298	799	802	1
2299	1105	1125	1
2300	198	204	1
2301	282	298	1
2302	1043	1056	1
2303	1604	1606	1
2304	1482	1485	1
2305	671	687	1
2306	839	854	1
2307	1286	1303	1
2308	1262	1286	1
2309	1610	1613	1
2310	2184	2193	1
2311	832	835	1
2312	908	913	1
2313	1480	1486	1
2314	1510	1512	1
2315	717	745	1
2316	1684	1688	1
2317	2380	2386	1
2318	208	228	1
2319	2207	2225	1
2320	1864	1870	1
2321	2045	2058	1
2322	2353	2369	1
2323	432	439	1
2324	2302	2324	1
2325	2158	2160	1
2326	124	131	1
2327	1568	1585	1
2328	1729	1742	1
2329	2027	2032	1
2330	1773	1780	1
2331	1463	1465	1
2332	2151	2167	1
2333	1659	1670	1
2334	12	19	1
2335	1074	1091	1
2336	362	380	1
2337	265	275	1
2338	1408	1412	1
2339	249	260	1
2340	411	416	1
2341	58	60	1
2342	1205	1209	1
2343	2117	2124	1
2344	326	340	1
2345	280	294	1
2346	717	752	1
2347	158	165	1
2348	583	600	1
2349	2338	2350	1
2350	2110	2121	1
2351	1586	1598	1
2352	1609	1611	1
2353	2277	2304	1
2354	43	46	1
2355	993	998	1
2356	973	985	1
2357	664	666	1
2358	1729	1742	1
2359	1279	1294	1
2360	914	917	1
2361	1491	1494	1
2362	606	610	1
2363	1638	1641	1
2364	1189	1208	1
2365	1682	1690	1
2366	273	276	1
2367	1819	1824	1
2368	1402	1408	1
2369	1544	1548	1
2370	196	198	1
2371	1869	1877	1
2372	1677	1679	1
2373	1329	1336	1
2374	860	866	1
2375	919	934	1
2376	2342	2355	1
2377	983	988	1
2378	1860	1879	1
2379	1157	1166	1
2380	127	139	1
2381	149	170	1
2382	998	1014	1
2383	1506	1508	1
2384	388	397	1
2385	1539	1544	1
2386	13	15	1
2387	1490	1499	1
2388	22	29	1
2389	549	552	1
2390	1992	2002	1
2391	1115	1124	1
2392	1419	1428	1
2393	637	653	1
2394	813	822	1
2395	55	59	1
2396	1442	1445	1
2397	2114	2124	1
2398	708	710	1
2399	996	1000	1
