1600	2	0	0
0	15	19	1
1	127	129	1
2	1038	1041	1
3	1375	1378	1
4	1396	1402	1
5	1599	1601	1
6	20	25	1
7	1578	1581	1
8	239	242	1
9	1071	1087	1
10	44	50	1
11	1158	1160	1
12	77	93	1
13	775	778	1
14	889	893	1
15	1547	1553	1
16	970	972	1
17	1059	1068	1
18	417	424	1
19	901	907	1
20	641	648	1
21	292	295	1
22	31	35	1
23	81	86	1
24	1367	1372	1
25	1119	1123	1
26	1507	1509	1
27	303	306	1
28	1051	1065	1
29	1493	1496	1
30	1397	1400	1
31	659	664	1
32	165	169	1
33	773	782	1
34	766	768	1
35	230	234	1
36	1159	1164	1
37	261	264	1
38	47	55	1
39	1451	1454	1
40	260	263	1
41	479	487	1
42	1051	1060	1
43	873	875	1
44	942	947	1
45	1131	1134	1
46	1410	1413	1
47	280	284	1
48	864	869	1
49	1265	1273	1
50	187	193	1
51	625	633	1
52	942	947	1
53	856	858	1
54	413	416	1
55	1116	1127	1
56	188	190	1
57	1474	1481	1
58	250	259	1
59	1599	1608	1
60	268	273	1
61	1176	1188	1
62	1156	1159	1
63	1596	1604	1
64	568	579	1
65	944	959	1
66	127	131	1
67	281	299	1
68	680	693	1
69	1316	1318	1
70	391	396	1
71	1064	1067	1
72	11	20	1
73	55	60	1
74	1500	1503	1
75	787	789	1
76	35	48	1
77	210	214	1
78	718	722	1
79	620	622	1
80	903	905	1
81	808	812	1
82	1312	1316	1
83	676	678	1
84	564	571	1
85	745	748	1
86	1116	1127	1
87	1396	1404	1
88	1098	1100	1
89	1233	1238	1
90	230	245	1
91	419	431	1
92	1174	1177	1
93	1412	1416	1
94	631	636	1
95	390	398	1
96	1053	1058	1
97	784	786	1
98	1469	1473	1
99	106	113	1
100	488	490	1
101	935	943	1
102	42	44	1
103	318	321	1
104	1196	1206	1
105	168	171	1
106	1330	1332	1
107	682	699	1
108	1595	1602	1
109	1394	1396	1
110	924	928	1
111	932	937	1
112	210	216	1
113	1252	1257	1
114	1293	1298	1
115	1185	1188	1
116	1548	1553	1
117	743	747	1
118	1366	1375	1
119	36	41	1
120	354	362	1
121	1	3	1
122	143	145	1
123	703	709	1
124	519	522	1
125	206	209	1
126	486	489	1
127	192	195	1
128	481	485	1
129	149	151	1
130	1340	1344	1
131	1199	1204	1
132	1119	1124	1
133	1422	1425	1
134	155	161	1
135	1470	1472	1
136	1031	1034	1
137	1212	1215	1
138	1354	1356	1
139	284	289	1
140	529	533	1
141	1474	1476	1
142	1516	1523	1
143	961	968	1
144	1287	1299	1
145	126	130	1
146	432	442	1
147	757	760	1
148	1429	1432	1
149	1446	1449	1
150	95	99	1
151	39	43	1
152	637	648	1
153	462	464	1
154	56	60	1
155	427	429	1
156	1451	1453	1
157	1358	1364	1
158	1375	1383	1
159	433	444	1
160	1074	1084	1
161	679	683	1
162	74	79	1
163	210	216	1
164	770	772	1
165	1048	1053	1
166	401	405	1
167	1430	1437	1
168	771	775	1
169	435	438	1
170	1042	1045	1
171	1578	1587	1
172	283	288	1
173	507	510	1
174	16	18	1
175	123	138	1
176	1026	1030	1
177	1041	1047	1
178	823	827	1
179	1029	1043	1
180	1143	1145	1
181	647	659	1
182	552	556	1
183	958	960	1
184	861	866	1
185	546	552	1
186	75	79	1
187	1441	1454	1
188	1013	1023	1
189	1290	1293	1
190	714	725	1
191	459	461	1
192	186	190	1
193	225	236	1
194	527	529	1
195	615	619	1
196	92	100	1
197	606	610	1
198	314	316	1
199	12	14	1
200	138	146	1
201	798	801	1
202	157	164	1
203	1517	1524	1
204	159	161	1
205	413	415	1
206	950	955	1
207	1006	1012	1
208	890	892	1
209	399	401	1
210	669	671	1
211	1174	1187	1
212	213	224	1
213	640	649	1
214	1026	1033	1
215	853	856	1
216	635	651	1
217	116	120	1
218	493	495	1
219	141	155	1
220	848	852	1
221	353	355	1
222	940	944	1
223	511	514	1
224	404	409	1
225	1295	1300	1
226	1023	1029	1
227	239	244	1
228	1110	1119	1
229	764	767	1
230	118	120	1
231	512	521	1
232	335	337	1
233	967	970	1
234	709	713	1
235	1066	1070	1
236	29	32	1
237	1496	1499	1
238	1131	1138	1
239	1495	1507	1
240	34	37	1
241	1208	1215	1
242	283	287	1
243	48	51	1
244	741	750	1
245	248	252	1
246	1121	1131	1
247	931	936	1
248	877	896	1
249	146	150	1
250	104	106	1
251	1252	1262	1
252	1215	1217	1
253	1347	1353	1
254	106	115	1
255	325	329	1
256	1161	1170	1
257	1329	1331	1
258	370	374	1
259	1162	1167	1
260	450	461	1
261	473	478	1
262	587	624	1
263	802	826	1
264	805	808	1
265	238	240	1
266	1137	1144	1
267	1364	1367	1
268	1108	1118	1
269	626	629	1
270	769	775	1
271	956	976	1
272	1169	1173	1
273	967	971	1
274	770	775	1
275	1492	1497	1
276	268	271	1
277	1027	1041	1
278	863	866	1
279	736	743	1
280	443	449	1
281	101	116	1
282	428	430	1
283	1115	1118	1
284	128	145	1
285	414	422	1
286	1010	1013	1
287	673	682	1
288	981	993	1
289	124	135	1
290	1303	1305	1
291	1073	1075	1
292	523	539	1
293	658	662	1
294	530	533	1
295	1058	1061	1
296	654	656	1
297	118	132	1
298	0	2	1
299	511	513	1
300	1363	1377	1
301	1246	1251	1
302	1194	1197	1
303	250	254	1
304	967	975	1
305	360	375	1
306	938	940	1
307	954	963	1
308	443	452	1
309	143	147	1
310	1259	1261	1
311	1296	1305	1
312	666	679	1
313	299	301	1
314	239	246	1
315	501	506	1
316	1063	1068	1
317	937	953	1
318	50	67	1
319	939	942	1
320	1187	1190	1
321	1297	1304	1
322	1486	1488	1
323	160	166	1
324	1562	1566	1
325	1544	1546	1
326	375	377	1
327	778	781	1
328	1155	1161	1
329	1298	1308	1
330	618	623	1
331	19	29	1
332	28	42	1
333	701	706	1
334	887	890	1
335	438	444	1
336	490	492	1
337	1433	1468	1
338	340	347	1
339	413	415	1
340	1353	1359	1
341	1585	1607	1
342	1589	1595	1
343	1479	1487	1
344	1033	1036	1
345	1351	1367	1
346	1080	1090	1
347	749	753	1
348	1428	1435	1
349	146	158	1
350	533	536	1
351	1574	1576	1
352	403	411	1
353	1460	1473	1
354	201	203	1
355	1339	1353	1
356	824	833	1
357	511	515	1
358	538	541	1
359	339	354	1
360	47	50	1
361	611	613	1
362	1148	1159	1
363	843	855	1
364	960	962	1
365	1204	1206	1
366	731	733	1
367	1493	1498	1
368	626	641	1
369	919	923	1
370	1311	1314	1
371	28	43	1
372	569	573	1
373	1221	1224	1
374	651	654	1
375	555	575	1
376	366	378	1
377	1551	1555	1
378	726	740	1
379	745	750	1
380	604	607	1
381	811	814	1
382	359	365	1
383	1532	1547	1
384	533	538	1
385	177	180	1
386	598	601	1
387	1576	1578	1
388	651	657	1
389	901	903	1
390	1043	1046	1
391	702	705	1
392	441	444	1
393	1088	1101	1
394	1370	1373	1
395	1152	1155	1
396	282	284	1
397	1408	1413	1
398	263	270	1
399	984	986	1
400	346	348	1
401	408	415	1
402	1587	1592	1
403	1042	1072	1
404	159	175	1
405	609	619	1
406	114	116	1
407	250	256	1
408	845	852	1
409	1145	1147	1
410	827	832	1
411	1354	1356	1
412	1319	1325	1
413	289	297	1
414	1524	1534	1
415	795	803	1
416	1315	1327	1
417	481	510	1
418	1148	1150	1
419	342	344	1
420	1161	1168	1
421	818	843	1
422	399	401	1
423	544	548	1
424	1320	1324	1
425	1529	1533	1
426	1433	1440	1
427	1302	1307	1
428	1481	1490	1
429	989	993	1
430	601	603	1
431	1082	1084	1
432	1023	1035	1
433	1461	1464	1
434	597	603	1
435	464	482	1
436	14	20	1
437	1195	1206	1
438	778	783	1
439	695	698	1
440	1211	1213	1
441	1526	1533	1
442	1368	1381	1
443	1434	1438	1
444	857	868	1
445	799	805	1
446	584	605	1
447	330	332	1
448	1034	1038	1
449	749	752	1
450	1217	1219	1
451	1161	1163	1
452	397	406	1
453	256	262	1
454	672	677	1
455	834	840	1
456	1443	1445	1
457	195	201	1
458	845	847	1
459	1112	1118	1
460	1055	1063	1
461	648	651	1
462	8	10	1
463	1316	1320	1
464	1211	1214	1
465	628	630	1
466	1531	1539	1
467	949	951	1
468	475	494	1
469	384	386	1
470	239	247	1
471	579	585	1
472	1044	1046	1
473	278	285	1
474	966	968	1
475	940	942	1
476	876	878	1
477	1473	1478	1
478	997	1006	1
479	27	29	1
480	289	299	1
481	844	854	1
482	376	378	1
483	983	989	1
484	258	266	1
485	32	40	1
486	1391	1398	1
487	1229	1235	1
488	1165	1167	1
489	37	49	1
490	1028	1031	1
491	265	272	1
492	1452	1454	1
493	228	232	1
494	1017	1019	1
495	1263	1268	1
496	254	269	1
497	824	831	1
498	10	13	1
499	884	891	1
500	316	326	1
501	99	104	1
502	1524	1531	1
503	1415	1427	1
504	1533	1536	1
505	800	806	1
506	782	787	1
507	1106	1108	1
508	1200	1202	1
509	1396	1399	1
510	831	833	1
511	1018	1026	1
512	1181	1185	1
513	138	140	1
514	824	835	1
515	1115	1117	1
516	821	826	1
517	1553	1555	1
518	282	288	1
519	529	545	1
520	1376	1378	1
521	916	920	1
522	1214	1219	1
523	335	342	1
524	486	489	1
525	1317	1321	1
526	179	186	1
527	1561	1565	1
528	1278	1281	1
529	250	252	1
530	1231	1233	1
531	1564	1569	1
532	755	759	1
533	545	547	1
534	527	532	1
535	857	863	1
536	457	461	1
537	529	534	1
538	777	782	1
539	1386	1388	1
540	523	533	1
541	127	132	1
542	393	395	1
543	408	410	1
544	1041	1053	1
545	834	836	1
546	866	868	1
547	1556	1559	1
548	758	761	1
549	1090	1094	1
550	1275	1277	1
551	571	573	1
552	909	912	1
553	980	982	1
554	785	791	1
555	1304	1306	1
556	612	617	1
557	1276	1282	1
558	921	927	1
559	428	431	1
560	515	518	1
561	1411	1413	1
562	1407	1410	1
563	1167	1169	1
564	620	629	1
565	1453	1455	1
566	1307	1322	1
567	386	390	1
568	163	166	1
569	203	206	1
570	242	246	1
571	993	1001	1
572	1593	1603	1
573	1488	1494	1
574	208	212	1
575	918	934	1
576	268	274	1
577	573	575	1
578	261	268	1
579	1368	1370	1
580	1207	1228	1
581	281	289	1
582	998	1003	1
583	1359	1372	1
584	280	292	1
585	384	390	1
586	1480	1485	1
587	0	7	1
588	1214	1216	1
589	484	488	1
590	1579	1597	1
591	839	841	1
592	1014	1023	1
593	639	650	1
594	753	766	1
595	429	433	1
596	799	807	1
597	949	953	1
598	84	87	1
599	25	28	1
600	807	816	1
601	1039	1046	1
602	262	267	1
603	1023	1029	1
604	1302	1305	1
605	651	654	1
606	37	41	1
607	269	274	1
608	1518	1521	1
609	1218	1225	1
610	1132	1137	1
611	1592	1594	1
612	784	787	1
613	691	704	1
614	731	735	1
615	1041	1043	1
616	1294	1302	1
617	961	963	1
618	1501	1506	1
619	483	499	1
620	1303	1308	1
621	1576	1578	1
622	1455	1460	1
623	33	44	1
624	1108	1113	1
625	1532	1535	1
626	1014	1024	1
627	310	313	1
628	3	13	1
629	1582	1591	1
630	1311	1323	1
631	353	362	1
632	100	111	1
633	139	141	1
634	31	52	1
635	870	872	1
636	1413	1417	1
637	539	542	1
638	177	196	1
639	969	974	1
640	1518	1522	1
641	717	723	1
642	221	228	1
643	538	540	1
644	1193	1211	1
645	230	238	1
646	799	804	1
647	647	650	1
648	1396	1408	1
649	270	277	1
650	98	100	1
651	223	230	1
652	525	527	1
653	94	97	1
654	928	931	1
655	851	853	1
656	922	926	1
657	1403	1405	1
658	548	554	1
659	1186	1192	1
660	1410	1412	1
661	350	361	1
662	1327	1332	1
663	1467	1474	1
664	231	233	1
665	1257	1260	1
666	338	356	1
667	405	416	1
668	185	192	1
669	327	329	1
670	807	814	1
671	1241	1247	1
672	655	664	1
673	610	612	1
674	109	113	1
675	1366	1374	1
676	1007	1010	1
677	96	103	1
678	1503	1505	1
679	84	86	1
680	1361	1364	1
681	614	616	1
682	1198	1203	1
683	1047	1065	1
684	646	655	1
685	1476	1479	1
686	1368	1372	1
687	1422	1427	1
688	1596	1607	1
689	1437	1439	1
690	1433	1435	1
691	1179	1181	1
692	1138	1145	1
693	636	646	1
694	1125	1128	1
695	779	785	1
696	1141	1146	1
697	1133	1137	1
698	1327	1330	1
699	1477	1483	1
700	971	977	1
701	619	633	1
702	1115	1125	1
703	490	495	1
704	1016	1022	1
705	149	171	1
706	1413	1424	1
707	610	616	1
708	406	417	1
709	706	708	1
710	1447	1455	1
711	1429	1431	1
712	383	388	1
713	1593	1595	1
714	190	193	1
715	715	719	1
716	1349	1351	1
717	813	815	1
718	1547	1549	1
719	1244	1247	1
720	947	949	1
721	1052	1064	1
722	82	84	1
723	52	55	1
724	1050	1063	1
725	1519	1521	1
726	865	869	1
727	555	562	1
728	1245	1249	1
729	732	743	1
730	982	988	1
731	823	826	1
732	489	494	1
733	308	313	1
734	623	628	1
735	936	939	1
736	233	241	1
737	1157	1167	1
738	10	14	1
739	130	134	1
740	1419	1421	1
741	745	748	1
742	1473	1476	1
743	216	220	1
744	1414	1422	1
745	5	7	1
746	1006	1018	1
747	617	622	1
748	1116	1123	1
749	1546	1549	1
750	56	58	1
751	1212	1216	1
752	730	734	1
753	347	356	1
754	736	746	1
755	848	852	1
756	867	893	1
757	1523	1529	1
758	979	990	1
759	1078	1096	1
760	599	602	1
761	152	160	1
762	1587	1594	1
763	1093	1099	1
764	898	902	1
765	992	995	1
766	356	360	1
767	1526	1528	1
768	1384	1386	1
769	1445	1447	1
770	154	165	1
771	672	674	1
772	156	162	1
773	421	434	1
774	646	650	1
775	1258	1281	1
776	405	418	1
777	670	674	1
778	1138	1154	1
779	1533	1539	1
780	1509	1514	1
781	665	677	1
782	278	282	1
783	1415	1421	1
784	761	768	1
785	508	515	1
786	615	620	1
787	1439	1441	1
788	1502	1504	1
789	1516	1538	1
790	1319	1323	1
791	912	914	1
792	1246	1254	1
793	90	100	1
794	848	850	1
795	1229	1232	1
796	336	339	1
797	1108	1111	1
798	733	739	1
799	1253	1259	1
800	398	403	1
801	638	640	1
802	73	82	1
803	795	799	1
804	734	740	1
805	365	372	1
806	1263	1269	1
807	562	564	1
808	352	356	1
809	813	820	1
810	1218	1222	1
811	530	533	1
812	1522	1528	1
813	60	67	1
814	1048	1051	1
815	1505	1507	1
816	1024	1029	1
817	831	837	1
818	349	358	1
819	737	744	1
820	1554	1560	1
821	1321	1332	1
822	102	104	1
823	214	217	1
824	25	28	1
825	369	374	1
826	1215	1225	1
827	1307	1309	1
828	755	761	1
829	79	84	1
830	1068	1079	1
831	1308	1310	1
832	87	93	1
833	373	377	1
834	632	643	1
835	782	785	1
836	23	28	1
837	515	530	1
838	955	957	1
839	699	709	1
840	889	893	1
841	962	964	1
842	1354	1360	1
843	364	367	1
844	1119	1134	1
845	1077	1081	1
846	1348	1353	1
847	487	505	1
848	260	262	1
849	401	410	1
850	54	57	1
851	962	978	1
852	755	757	1
853	1490	1500	1
854	1327	1335	1
855	529	539	1
856	721	723	1
857	495	503	1
858	448	450	1
859	1557	1559	1
860	1344	1355	1
861	978	982	1
862	1231	1234	1
863	1127	1130	1
864	743	745	1
865	791	794	1
866	577	580	1
867	1041	1043	1
868	652	654	1
869	1162	1180	1
870	651	653	1
871	1410	1417	1
872	138	146	1
873	434	445	1
874	1223	1227	1
875	782	784	1
876	446	455	1
877	1298	1305	1
878	912	919	1
879	807	812	1
880	629	632	1
881	688	693	1
882	137	140	1
883	1175	1179	1
884	1002	1004	1
885	369	372	1
886	1599	1608	1
887	501	517	1
888	1084	1090	1
889	713	715	1
890	209	216	1
891	866	869	1
892	1026	1040	1
893	69	72	1
894	353	355	1
895	269	281	1
896	1551	1553	1
897	1369	1380	1
898	1406	1419	1
899	423	432	1
900	943	953	1
901	200	203	1
902	1582	1585	1
903	677	684	1
904	1333	1338	1
905	665	670	1
906	834	839	1
907	1556	1559	1
908	266	270	1
909	102	104	1
910	937	939	1
911	92	103	1
912	814	820	1
913	821	824	1
914	1275	1283	1
915	731	733	1
916	455	460	1
917	1504	1509	1
918	289	294	1
919	1083	1091	1
920	1149	1151	1
921	685	687	1
922	227	233	1
923	1031	1033	1
924	1584	1590	1
925	1077	1079	1
926	1589	1594	1
927	875	880	1
928	834	851	1
929	155	159	1
930	544	554	1
931	994	1005	1
932	46	49	1
933	1083	1087	1
934	254	258	1
935	594	599	1
936	346	353	1
937	587	589	1
938	867	876	1
939	639	642	1
940	747	754	1
941	1524	1526	1
942	285	290	1
943	1057	1067	1
944	1381	1387	1
945	273	275	1
946	1520	1528	1
947	1426	1429	1
948	93	108	1
949	1496	1498	1
950	912	914	1
951	1486	1489	1
952	1323	1329	1
953	1399	1404	1
954	1463	1466	1
955	1204	1206	1
956	1501	1503	1
957	882	886	1
958	1052	1060	1
959	340	358	1
960	908	912	1
961	1201	1205	1
962	177	182	1
963	1304	1310	1
964	669	675	1
965	239	243	1
966	107	111	1
967	1398	1405	1
968	821	824	1
969	1050	1052	1
970	967	975	1
971	558	560	1
972	565	567	1
973	1579	1584	1
974	1128	1131	1
975	869	881	1
976	610	613	1
977	1037	1042	1
978	638	648	1
979	1157	1160	1
980	1564	1577	1
981	662	664	1
982	241	245	1
983	13	22	1
984	1532	1546	1
985	818	832	1
986	1382	1385	1
987	1168	1171	1
988	840	842	1
989	203	223	1
990	1510	1520	1
991	371	379	1
992	923	926	1
993	141	145	1
994	1233	1237	1
995	330	337	1
996	1265	1270	1
997	1044	1048	1
998	1564	1566	1
999	333	340	1
1000	774	778	1
1001	743	747	1
1002	366	368	1
1003	470	476	1
1004	852	859	1
1005	633	637	1
1006	863	869	1
1007	507	509	1
1008	990	997	1
1009	1236	1240	1
1010	905	908	1
1011	905	913	1
1012	1571	1574	1
1013	910	915	1
1014	216	232	1
1015	673	675	1
1016	1112	1114	1
1017	1464	1468	1
1018	447	449	1
1019	36	41	1
1020	379	383	1
1021	1071	1082	1
1022	712	715	1
1023	1407	1409	1
1024	1431	1437	1
1025	1391	1393	1
1026	658	660	1
1027	721	724	1
1028	1263	1268	1
1029	1221	1226	1
1030	700	702	1
1031	1177	1180	1
1032	604	606	1
1033	176	178	1
1034	673	675	1
1035	595	605	1
1036	1158	1168	1
1037	716	718	1
1038	38	41	1
1039	1070	1081	1
1040	4	14	1
1041	929	931	1
1042	471	473	1
1043	1265	1273	1
1044	541	547	1
1045	1438	1440	1
1046	982	995	1
1047	1019	1029	1
1048	664	669	1
1049	49	53	1
1050	890	893	1
1051	28	30	1
1052	726	737	1
1053	99	101	1
1054	576	578	1
1055	825	827	1
1056	304	306	1
1057	1245	1252	1
1058	1526	1530	1
1059	1483	1490	1
1060	246	259	1
1061	79	88	1
1062	445	452	1
1063	528	533	1
1064	209	214	1
1065	1127	1135	1
1066	429	433	1
1067	988	1004	1
1068	872	875	1
1069	767	780	1
1070	320	323	1
1071	490	494	1
1072	1323	1327	1
1073	1457	1459	1
1074	475	495	1
1075	491	497	1
1076	355	364	1
1077	274	288	1
1078	924	926	1
1079	1550	1556	1
1080	42	47	1
1081	1395	1399	1
1082	781	790	1
1083	378	380	1
1084	202	216	1
1085	520	522	1
1086	601	605	1
1087	1598	1601	1
1088	1192	1194	1
1089	1397	1399	1
1090	261	268	1
1091	1534	1540	1
1092	853	855	1
1093	1390	1394	1
1094	858	862	1
1095	192	197	1
1096	980	996	1
1097	245	252	1
1098	1523	1527	1
1099	802	809	1
1100	853	859	1
1101	119	123	1
1102	1084	1087	1
1103	935	939	1
1104	180	185	1
1105	63	75	1
1106	21	26	1
1107	54	64	1
1108	714	716	1
1109	872	874	1
1110	1200	1206	1
1111	1537	1544	1
1112	1131	1137	1
1113	394	397	1
1114	1331	1335	1
1115	432	442	1
1116	765	774	1
1117	790	795	1
1118	670	673	1
1119	1089	1096	1
1120	1249	1254	1
1121	435	441	1
1122	551	558	1
1123	480	485	1
1124	161	168	1
1125	1128	1134	1
1126	777	781	1
1127	722	724	1
1128	1447	1456	1
1129	1070	1084	1
1130	311	315	1
1131	1592	1597	1
1132	267	273	1
1133	1028	1031	1
1134	1347	1349	1
1135	1227	1239	1
1136	428	434	1
1137	1101	1106	1
1138	821	827	1
1139	811	818	1
1140	110	122	1
1141	799	806	1
1142	1420	1422	1
1143	1244	1248	1
1144	536	538	1
1145	76	78	1
1146	560	562	1
1147	444	448	1
1148	837	839	1
1149	1054	1057	1
1150	789	795	1
1151	1015	1027	1
1152	455	465	1
1153	745	759	1
1154	693	697	1
1155	1136	1145	1
1156	632	636	1
1157	1197	1218	1
1158	539	541	1
1159	358	371	1
1160	1227	1230	1
1161	1225	1231	1
1162	711	713	1
1163	1362	1367	1
1164	936	942	1
1165	1380	1387	1
1166	1142	1149	1
1167	1354	1359	1
1168	1030	1035	1
1169	908	910	1
1170	992	997	1
1171	1251	1259	1
1172	622	625	1
1173	278	281	1
1174	998	1003	1
1175	955	971	1
1176	75	78	1
1177	790	792	1
1178	347	358	1
1179	1139	1141	1
1180	102	108	1
1181	1171	1175	1
1182	985	1004	1
1183	290	294	1
1184	855	866	1
1185	48	52	1
1186	788	797	1
1187	1026	1031	1
1188	1467	1469	1
1189	1176	1185	1
1190	823	825	1
1191	201	204	1
1192	396	401	1
1193	1579	1584	1
1194	57	59	1
1195	975	977	1
1196	127	130	1
1197	314	323	1
1198	1523	1525	1
1199	549	557	1
1200	673	677	1
1201	398	401	1
1202	1572	1576	1
1203	1496	1500	1
1204	201	208	1
1205	592	599	1
1206	592	598	1
1207	1416	1424	1
1208	141	146	1
1209	413	421	1
1210	1191	1201	1
1211	1020	1023	1
1212	364	376	1
1213	295	299	1
1214	146	163	1
1215	1553	1559	1
1216	331	335	1
1217	324	328	1
1218	1595	1607	1
1219	1540	1543	1
1220	1033	1035	1
1221	604	607	1
1222	1287	1289	1
1223	1565	1570	1
1224	272	280	1
1225	324	326	1
1226	572	579	1
1227	1265	1279	1
1228	950	952	1
1229	1446	1450	1
1230	10	16	1
1231	330	337	1
1232	925	930	1
1233	534	536	1
1234	284	286	1
1235	951	956	1
1236	331	333	1
1237	660	663	1
1238	1462	1469	1
1239	314	317	1
1240	189	195	1
1241	144	146	1
1242	128	131	1
1243	846	852	1
1244	469	472	1
1245	889	895	1
1246	1171	1174	1
1247	1272	1274	1
1248	1529	1532	1
1249	708	722	1
1250	55	64	1
1251	1173	1191	1
1252	45	64	1
1253	539	547	1
1254	1323	1326	1
1255	1376	1378	1
1256	1109	1114	1
1257	303	305	1
1258	886	891	1
1259	1383	1386	1
1260	1459	1466	1
1261	1287	1292	1
1262	48	52	1
1263	1481	1484	1
1264	1359	1368	1
1265	1212	1214	1
1266	551	567	1
1267	1555	1557	1
1268	1568	1574	1
1269	177	183	1
1270	571	577	1
1271	922	932	1
1272	254	260	1
1273	7	9	1
1274	839	843	1
1275	1040	1054	1
1276	93	95	1
1277	914	916	1
1278	403	419	1
1279	1393	1407	1
1280	160	163	1
1281	1169	1180	1
1282	1398	1402	1
1283	82	92	1
1284	374	376	1
1285	1399	1403	1
1286	1383	1385	1
1287	1346	1350	1
1288	764	767	1
1289	611	615	1
1290	890	895	1
1291	401	403	1
1292	547	551	1
1293	360	371	1
1294	1144	1148	1
1295	1413	1417	1
1296	883	885	1
1297	1102	1104	1
1298	957	959	1
1299	1572	1574	1
1300	732	735	1
1301	526	531	1
1302	1025	1031	1
1303	1211	1215	1
1304	1544	1549	1
1305	544	552	1
1306	1490	1494	1
1307	643	646	1
1308	1425	1429	1
1309	417	427	1
1310	221	223	1
1311	57	67	1
1312	1250	1252	1
1313	909	914	1
1314	1053	1060	1
1315	794	799	1
1316	1198	1201	1
1317	1599	1603	1
1318	1371	1377	1
1319	1168	1178	1
1320	808	811	1
1321	1018	1033	1
1322	264	272	1
1323	1468	1480	1
1324	463	468	1
1325	136	138	1
1326	720	722	1
1327	1069	1078	1
1328	252	260	1
1329	1427	1430	1
1330	1127	1133	1
1331	723	727	1
1332	982	992	1
1333	1495	1505	1
1334	561	568	1
1335	433	438	1
1336	1244	1251	1
1337	494	501	1
1338	1085	1088	1
1339	1196	1199	1
1340	304	307	1
1341	857	862	1
1342	1014	1024	1
1343	1526	1529	1
1344	1009	1017	1
1345	1484	1488	1
1346	1466	1469	1
1347	1247	1254	1
1348	1355	1357	1
1349	874	879	1
1350	1553	1560	1
1351	605	607	1
1352	134	146	1
1353	904	907	1
1354	417	421	1
1355	825	828	1
1356	1487	1490	1
1357	739	743	1
1358	727	730	1
1359	1568	1573	1
1360	636	642	1
1361	262	268	1
1362	1560	1562	1
1363	1018	1020	1
1364	1182	1193	1
1365	532	534	1
1366	957	959	1
1367	1337	1341	1
1368	518	521	1
1369	323	326	1
1370	1360	1366	1
1371	1248	1256	1
1372	1274	1280	1
1373	965	967	1
1374	1083	1085	1
1375	1193	1201	1
1376	1436	1441	1
1377	1018	1023	1
1378	645	650	1
1379	958	961	1
1380	1372	1374	1
1381	1537	1542	1
1382	559	563	1
1383	281	287	1
1384	1556	1566	1
1385	1320	1326	1
1386	1338	1341	1
1387	227	231	1
1388	646	651	1
1389	960	963	1
1390	1245	1253	1
1391	646	648	1
1392	310	317	1
1393	1458	1463	1
1394	319	326	1
1395	763	767	1
1396	478	483	1
1397	886	900	1
1398	1599	1602	1
1399	379	385	1
1400	255	260	1
1401	909	911	1
1402	392	398	1
1403	1320	1331	1
1404	1566	1578	1
1405	1215	1217	1
1406	438	441	1
1407	786	790	1
1408	1303	1307	1
1409	1393	1395	1
1410	1384	1386	1
1411	681	685	1
1412	1514	1517	1
1413	265	284	1
1414	357	365	1
1415	1027	1029	1
1416	1424	1436	1
1417	480	485	1
1418	116	122	1
1419	98	100	1
1420	791	797	1
1421	213	216	1
1422	299	303	1
1423	841	847	1
1424	51	53	1
1425	1034	1038	1
1426	794	798	1
1427	517	520	1
1428	829	834	1
1429	1391	1393	1
1430	316	320	1
1431	121	129	1
1432	1191	1198	1
1433	1516	1525	1
1434	1363	1384	1
1435	900	904	1
1436	374	378	1
1437	372	374	1
1438	356	359	1
1439	922	924	1
1440	720	728	1
1441	1037	1050	1
1442	1166	1170	1
1443	509	518	1
1444	428	435	1
1445	133	141	1
1446	1350	1354	1
1447	1383	1388	1
1448	906	909	1
1449	131	133	1
1450	1420	1424	1
1451	730	739	1
1452	1132	1151	1
1453	1239	1248	1
1454	1437	1446	1
1455	1018	1027	1
1456	512	517	1
1457	816	819	1
1458	628	630	1
1459	952	966	1
1460	1484	1486	1
1461	556	570	1
1462	273	275	1
1463	1126	1128	1
1464	366	368	1
1465	1320	1323	1
1466	1333	1340	1
1467	310	313	1
1468	1152	1156	1
1469	1503	1509	1
1470	376	379	1
1471	233	256	1
1472	1202	1214	1
1473	328	335	1
1474	42	44	1
1475	184	189	1
1476	822	826	1
1477	1244	1246	1
1478	1526	1529	1
1479	128	131	1
1480	1570	1586	1
1481	1056	1058	1
1482	89	92	1
1483	542	544	1
1484	416	418	1
1485	1567	1572	1
1486	967	969	1
1487	341	363	1
1488	1375	1386	1
1489	10	12	1
1490	1482	1495	1
1491	932	938	1
1492	1358	1366	1
1493	1453	1459	1
1494	666	670	1
1495	430	432	1
1496	233	235	1
1497	877	885	1
1498	1200	1203	1
1499	285	288	1
1500	724	726	1
1501	460	469	1
1502	1073	1084	1
1503	526	536	1
1504	972	977	1
1505	24	29	1
1506	1017	1019	1
1507	18	24	1
1508	231	243	1
1509	1048	1052	1
1510	146	154	1
1511	710	714	1
1512	815	819	1
1513	1441	1449	1
1514	1177	1190	1
1515	1000	1003	1
1516	541	543	1
1517	38	41	1
1518	57	67	1
1519	629	633	1
1520	1542	1547	1
1521	494	498	1
1522	150	156	1
1523	1322	1327	1
1524	226	229	1
1525	81	83	1
1526	621	630	1
1527	957	959	1
1528	1500	1503	1
1529	49	64	1
1530	106	108	1
1531	1594	1601	1
1532	1434	1439	1
1533	354	368	1
1534	773	780	1
1535	680	682	1
1536	668	673	1
1537	145	153	1
1538	556	559	1
1539	683	686	1
1540	457	463	1
1541	881	887	1
1542	1161	1163	1
1543	201	213	1
1544	655	658	1
1545	550	555	1
1546	1518	1537	1
1547	485	495	1
1548	174	182	1
1549	964	972	1
1550	307	310	1
1551	303	314	1
1552	1286	1289	1
1553	1048	1058	1
1554	784	790	1
1555	487	494	1
1556	840	847	1
1557	595	597	1
1558	845	860	1
1559	1038	1048	1
1560	1107	1110	1
1561	645	649	1
1562	1495	1503	1
1563	718	724	1
1564	698	703	1
1565	1205	1208	1
1566	1477	1487	1
1567	1027	1031	1
1568	584	586	1
1569	1206	1209	1
1570	1445	1450	1
1571	560	563	1
1572	1325	1328	1
1573	985	990	1
1574	295	301	1
1575	1230	1238	1
1576	1046	1049	1
1577	1118	1131	1
1578	1350	1352	1
1579	268	277	1
1580	320	330	1
1581	1521	1529	1
1582	407	414	1
1583	1341	1349	1
1584	358	362	1
1585	1253	1263	1
1586	781	789	1
1587	912	942	1
1588	1097	1104	1
1589	204	208	1
1590	82	84	1
1591	1486	1495	1
1592	189	197	1
1593	357	370	1
1594	1031	1033	1
1595	1273	1281	1
1596	1137	1142	1
1597	1382	1402	1
1598	429	431	1
1599	1260	1262	1
