2400	2	0	0
0	621	648	1
1	581	647	1
2	1350	1359	1
3	2386	2389	1
4	2166	2175	1
5	1175	1192	1
6	1208	1210	1
7	658	795	1
8	1096	1115	1
9	1592	1601	1
10	811	868	1
11	911	925	1
12	2141	2156	1
13	1497	1522	1
14	172	180	1
15	2170	2193	1
16	211	214	1
17	1181	1231	1
18	1628	1633	1
19	1004	1017	1
20	1431	1467	1
21	340	383	1
22	220	222	1
23	390	423	1
24	1838	1840	1
25	2144	2153	1
26	274	281	1
27	218	222	1
28	729	793	1
29	1482	1517	1
30	2355	2375	1
31	2356	2364	1
32	1918	1955	1
33	1457	1465	1
34	1078	1099	1
35	2308	2321	1
36	1682	1761	1
37	652	659	1
38	546	549	1
39	1546	1552	1
40	1528	1535	1
41	363	386	1
42	2218	2293	1
43	2061	2067	1
44	2065	2123	1
45	2130	2150	1
46	1454	1476	1
47	1776	1779	1
48	2291	2318	1
49	1702	1718	1
50	1834	1841	1
51	1120	1158	1
52	815	818	1
53	1935	1965	1
54	2013	2029	1
55	1453	1455	1
56	1324	1333	1
57	2221	2244	1
58	1037	1039	1
59	1655	1675	1
60	1850	1866	1
61	1707	1713	1
62	778	814	1
63	646	720	1
64	478	492	1
65	1683	1696	1
66	1383	1390	1
67	191	194	1
68	491	502	1
69	638	648	1
70	10	44	1
71	1289	1307	1
72	2057	2069	1
73	1692	1716	1
74	947	971	1
75	1101	1106	1
76	1898	1923	1
77	350	360	1
78	870	876	1
79	1326	1401	1
80	2384	2386	1
81	159	187	1
82	1023	1039	1
83	128	142	1
84	1785	1814	1
85	573	582	1
86	595	604	1
87	1829	1835	1
88	1621	1647	1
89	100	103	1
90	1496	1523	1
91	1691	1716	1
92	1677	1689	1
93	643	662	1
94	150	167	1
95	370	372	1
96	785	799	1
97	1472	1484	1
98	1357	1367	1
99	1039	1054	1
100	574	583	1
101	913	947	1
102	1388	1419	1
103	1973	1981	1
104	1690	1753	1
105	748	762	1
106	266	269	1
107	586	594	1
108	1224	1227	1
109	2065	2067	1
110	2208	2245	1
111	8	20	1
112	171	188	1
113	994	1015	1
114	1583	1611	1
115	211	242	1
116	260	281	1
117	188	190	1
118	1110	1156	1
119	1887	1899	1
120	659	677	1
121	1557	1573	1
122	973	987	1
123	573	615	1
124	434	439	1
125	1992	2025	1
126	918	950	1
127	1312	1316	1
128	2144	2156	1
129	1114	1151	1
130	2373	2376	1
131	2071	2081	1
132	2299	2329	1
133	1014	1041	1
134	574	586	1
135	1753	1775	1
136	2224	2227	1
137	1342	1357	1
138	767	780	1
139	1171	1180	1
140	243	247	1
141	1808	1836	1
142	1352	1361	1
143	30	71	1
144	561	575	1
145	1146	1176	1
146	1225	1233	1
147	1196	1218	1
148	892	909	1
149	1653	1669	1
150	295	309	1
151	2002	2017	1
152	554	559	1
153	1958	1979	1
154	813	823	1
155	1253	1257	1
156	327	334	1
157	2357	2367	1
158	651	654	1
159	788	806	1
160	1407	1445	1
161	283	325	1
162	302	320	1
163	2019	2049	1
164	2225	2288	1
165	1945	1949	1
166	1554	1575	1
167	757	761	1
168	1888	1897	1
169	1866	1878	1
170	19	41	1
171	1397	1400	1
172	1459	1501	1
173	193	205	1
174	1351	1353	1
175	2382	2389	1
176	1637	1661	1
177	1721	1730	1
178	402	439	1
179	2299	2302	1
180	2022	2037	1
181	346	351	1
182	1685	1700	1
183	521	544	1
184	252	271	1
185	1493	1498	1
186	467	469	1
187	1077	1086	1
188	2085	2103	1
189	2219	2224	1
190	1687	1705	1
191	687	745	1
192	80	112	1
193	1837	1840	1
194	441	476	1
195	1769	1828	1
196	652	670	1
197	1271	1279	1
198	12	23	1
199	370	414	1
200	874	916	1
201	1442	1452	1
202	2055	2057	1
203	1570	1600	1
204	2120	2164	1
205	317	333	1
206	323	341	1
207	1239	1265	1
208	818	873	1
209	1116	1142	1
210	1419	1422	1
211	1859	1869	1
212	31	44	1
213	93	96	1
214	315	341	1
215	2000	2015	1
216	2359	2369	1
217	1200	1225	1
218	1195	1218	1
219	1367	1374	1
220	1795	1800	1
221	1701	1708	1
222	479	570	1
223	1155	1170	1
224	2382	2416	1
225	1490	1516	1
226	2136	2160	1
227	2343	2365	1
228	412	417	1
229	286	288	1
230	1462	1464	1
231	1525	1530	1
232	1429	1438	1
233	1588	1598	1
234	747	753	1
235	932	936	1
236	2013	2038	1
237	1692	1701	1
238	1740	1751	1
239	1068	1073	1
240	914	992	1
241	799	804	1
242	1456	1526	1
243	150	154	1
244	1612	1615	1
245	1846	1863	1
246	1747	1768	1
247	1545	1568	1
248	1633	1655	1
249	467	471	1
250	43	52	1
251	919	933	1
252	2127	2141	1
253	1692	1728	1
254	723	748	1
255	115	131	1
256	233	253	1
257	1015	1025	1
258	2319	2325	1
259	2116	2122	1
260	399	415	1
261	149	210	1
262	733	752	1
263	311	349	1
264	1506	1518	1
265	171	210	1
266	2049	2067	1
267	921	953	1
268	1277	1283	1
269	730	760	1
270	1340	1349	1
271	720	730	1
272	1977	1983	1
273	133	141	1
274	792	817	1
275	1070	1083	1
276	1214	1232	1
277	633	639	1
278	2179	2190	1
279	2015	2022	1
280	817	828	1
281	885	892	1
282	472	535	1
283	1551	1586	1
284	113	142	1
285	218	268	1
286	810	816	1
287	1967	1986	1
288	1794	1832	1
289	1617	1622	1
290	847	854	1
291	1638	1662	1
292	1416	1422	1
293	765	795	1
294	760	765	1
295	1030	1069	1
296	1742	1813	1
297	1806	1821	1
298	2246	2271	1
299	91	98	1
300	1858	1876	1
301	157	162	1
302	2061	2080	1
303	1960	1983	1
304	527	548	1
305	167	177	1
306	221	255	1
307	1373	1388	1
308	1547	1552	1
309	2178	2208	1
310	1120	1206	1
311	1414	1424	1
312	692	694	1
313	1043	1054	1
314	396	399	1
315	554	557	1
316	2376	2446	1
317	153	213	1
318	1931	1933	1
319	1727	1734	1
320	1743	1772	1
321	1827	1863	1
322	1365	1503	1
323	423	437	1
324	1124	1140	1
325	794	828	1
326	1932	1946	1
327	1235	1283	1
328	832	866	1
329	555	586	1
330	1004	1013	1
331	744	777	1
332	283	303	1
333	1719	1721	1
334	1392	1394	1
335	1672	1713	1
336	546	585	1
337	1115	1129	1
338	2028	2051	1
339	1936	1960	1
340	868	897	1
341	1630	1633	1
342	2102	2110	1
343	877	881	1
344	1756	1766	1
345	381	387	1
346	252	259	1
347	420	494	1
348	388	397	1
349	2207	2236	1
350	1048	1068	1
351	10	15	1
352	2096	2098	1
353	1243	1280	1
354	1454	1464	1
355	576	581	1
356	576	586	1
357	1343	1354	1
358	670	684	1
359	409	411	1
360	960	983	1
361	241	280	1
362	2370	2398	1
363	2287	2329	1
364	1990	1995	1
365	2053	2060	1
366	1515	1534	1
367	443	455	1
368	361	385	1
369	1366	1383	1
370	34	45	1
371	1253	1256	1
372	2318	2323	1
373	738	782	1
374	1490	1563	1
375	2124	2126	1
376	1480	1486	1
377	1957	1973	1
378	1004	1014	1
379	1778	1780	1
380	1088	1102	1
381	741	753	1
382	827	839	1
383	1295	1309	1
384	2128	2151	1
385	907	933	1
386	1119	1125	1
387	2231	2283	1
388	1155	1191	1
389	134	147	1
390	97	114	1
391	393	400	1
392	1773	1778	1
393	429	469	1
394	1496	1503	1
395	670	685	1
396	1481	1488	1
397	1597	1635	1
398	62	79	1
399	1478	1494	1
400	611	663	1
401	1014	1031	1
402	549	583	1
403	214	222	1
404	2129	2146	1
405	2006	2024	1
406	400	421	1
407	1551	1558	1
408	1587	1603	1
409	1681	1692	1
410	1781	1812	1
411	1431	1440	1
412	713	724	1
413	1284	1311	1
414	1261	1288	1
415	466	472	1
416	1292	1323	1
417	316	333	1
418	882	891	1
419	303	305	1
420	1888	1891	1
421	1809	1830	1
422	1511	1518	1
423	2159	2190	1
424	1092	1096	1
425	840	856	1
426	1196	1217	1
427	1291	1326	1
428	345	367	1
429	545	565	1
430	946	948	1
431	2064	2078	1
432	1269	1277	1
433	1353	1365	1
434	1255	1258	1
435	2129	2138	1
436	805	833	1
437	544	551	1
438	2177	2189	1
439	554	592	1
440	2252	2291	1
441	1338	1360	1
442	879	899	1
443	1961	1995	1
444	2010	2038	1
445	1358	1374	1
446	2114	2135	1
447	1625	1647	1
448	1667	1670	1
449	1862	1884	1
450	569	576	1
451	294	305	1
452	608	616	1
453	353	380	1
454	292	374	1
455	55	89	1
456	891	895	1
457	1465	1480	1
458	1505	1531	1
459	371	419	1
460	971	1000	1
461	799	804	1
462	603	638	1
463	1085	1098	1
464	1441	1485	1
465	2263	2267	1
466	532	538	1
467	1829	1833	1
468	2277	2281	1
469	561	570	1
470	100	108	1
471	2164	2166	1
472	2337	2363	1
473	259	300	1
474	203	230	1
475	1910	1913	1
476	1069	1076	1
477	101	104	1
478	746	759	1
479	1277	1283	1
480	441	526	1
481	1827	1841	1
482	2312	2343	1
483	886	890	1
484	1302	1304	1
485	841	857	1
486	1328	1418	1
487	2232	2238	1
488	2170	2177	1
489	167	203	1
490	1987	2014	1
491	2173	2186	1
492	894	953	1
493	832	853	1
494	1207	1217	1
495	1567	1572	1
496	1774	1779	1
497	288	321	1
498	1610	1623	1
499	637	675	1
500	1881	1887	1
501	1454	1485	1
502	1442	1460	1
503	2058	2081	1
504	1573	1597	1
505	1348	1371	1
506	26	66	1
507	658	703	1
508	124	129	1
509	1748	1763	1
510	105	114	1
511	2240	2259	1
512	1692	1783	1
513	541	585	1
514	640	651	1
515	243	256	1
516	552	566	1
517	1507	1510	1
518	2179	2181	1
519	940	965	1
520	157	168	1
521	850	856	1
522	2247	2271	1
523	1301	1375	1
524	1735	1757	1
525	2306	2322	1
526	946	950	1
527	401	429	1
528	1956	1970	1
529	887	896	1
530	958	1017	1
531	2034	2037	1
532	1808	1850	1
533	1406	1411	1
534	1558	1606	1
535	1538	1554	1
536	1870	1883	1
537	2044	2050	1
538	1505	1516	1
539	788	814	1
540	618	630	1
541	923	947	1
542	2388	2394	1
543	1890	1894	1
544	605	635	1
545	2062	2091	1
546	1009	1058	1
547	719	733	1
548	1481	1492	1
549	85	100	1
550	1013	1029	1
551	285	334	1
552	235	255	1
553	2365	2373	1
554	428	441	1
555	1759	1779	1
556	2056	2078	1
557	390	422	1
558	952	962	1
559	86	92	1
560	377	385	1
561	1961	1966	1
562	118	133	1
563	1706	1712	1
564	2183	2189	1
565	765	780	1
566	1299	1341	1
567	989	1015	1
568	2297	2310	1
569	1595	1600	1
570	1712	1718	1
571	898	901	1
572	2225	2246	1
573	1410	1428	1
574	846	863	1
575	1871	1924	1
576	1584	1592	1
577	2079	2088	1
578	2044	2051	1
579	1379	1381	1
580	1279	1348	1
581	2100	2111	1
582	235	238	1
583	1709	1715	1
584	33	74	1
585	91	139	1
586	1717	1782	1
587	1876	1882	1
588	1973	1989	1
589	977	1001	1
590	1042	1046	1
591	820	823	1
592	2360	2366	1
593	1144	1154	1
594	932	934	1
595	470	552	1
596	1967	2013	1
597	1481	1518	1
598	887	891	1
599	111	128	1
600	783	788	1
601	538	542	1
602	1741	1802	1
603	1116	1139	1
604	1347	1359	1
605	257	271	1
606	2176	2195	1
607	1457	1485	1
608	1735	1765	1
609	1678	1697	1
610	2189	2212	1
611	1083	1095	1
612	2063	2072	1
613	2083	2089	1
614	1827	1836	1
615	1290	1292	1
616	2347	2364	1
617	495	531	1
618	1260	1263	1
619	1557	1581	1
620	1661	1673	1
621	1288	1320	1
622	1352	1355	1
623	1104	1124	1
624	1251	1296	1
625	1644	1672	1
626	1303	1369	1
627	1904	1952	1
628	1498	1515	1
629	494	579	1
630	24	27	1
631	882	899	1
632	765	861	1
633	1786	1811	1
634	933	939	1
635	130	136	1
636	802	823	1
637	1951	2062	1
638	2210	2232	1
639	1400	1429	1
640	1176	1185	1
641	2232	2235	1
642	122	138	1
643	1798	1817	1
644	1944	2010	1
645	950	967	1
646	1174	1177	1
647	1337	1344	1
648	1775	1778	1
649	816	822	1
650	1444	1467	1
651	978	999	1
652	884	888	1
653	2141	2156	1
654	1548	1560	1
655	1624	1632	1
656	1129	1136	1
657	993	1018	1
658	312	327	1
659	899	916	1
660	705	741	1
661	1323	1328	1
662	2399	2419	1
663	231	234	1
664	1368	1396	1
665	1192	1232	1
666	1101	1108	1
667	2395	2416	1
668	174	200	1
669	433	457	1
670	1176	1210	1
671	398	407	1
672	66	73	1
673	413	446	1
674	874	885	1
675	1084	1108	1
676	1807	1846	1
677	1940	1956	1
678	931	961	1
679	1669	1679	1
680	1103	1151	1
681	67	89	1
682	363	372	1
683	740	742	1
684	2159	2172	1
685	352	358	1
686	1640	1644	1
687	1558	1593	1
688	2083	2092	1
689	794	796	1
690	136	218	1
691	1923	1930	1
692	122	131	1
693	1313	1319	1
694	890	902	1
695	2179	2195	1
696	1506	1511	1
697	222	237	1
698	1696	1702	1
699	1705	1714	1
700	1479	1489	1
701	1623	1637	1
702	1007	1017	1
703	1278	1287	1
704	1148	1186	1
705	2256	2261	1
706	1529	1534	1
707	2092	2096	1
708	1336	1398	1
709	1481	1529	1
710	1552	1591	1
711	1693	1704	1
712	190	237	1
713	461	463	1
714	944	954	1
715	2205	2226	1
716	1015	1032	1
717	972	988	1
718	124	144	1
719	85	128	1
720	715	721	1
721	2157	2197	1
722	715	727	1
723	120	128	1
724	1034	1037	1
725	1443	1453	1
726	963	974	1
727	1997	1999	1
728	1341	1371	1
729	1410	1422	1
730	600	604	1
731	183	188	1
732	472	518	1
733	2299	2321	1
734	1593	1597	1
735	2111	2122	1
736	775	815	1
737	865	889	1
738	2285	2337	1
739	1983	2031	1
740	1010	1028	1
741	1813	1829	1
742	687	695	1
743	1511	1524	1
744	269	278	1
745	1865	1872	1
746	2331	2337	1
747	1992	2010	1
748	1846	1861	1
749	831	837	1
750	2299	2305	1
751	2174	2181	1
752	814	827	1
753	2243	2256	1
754	1652	1669	1
755	534	548	1
756	376	386	1
757	907	926	1
758	157	179	1
759	625	629	1
760	2226	2233	1
761	1985	1997	1
762	1111	1114	1
763	606	614	1
764	907	914	1
765	1099	1111	1
766	678	694	1
767	133	156	1
768	1088	1096	1
769	577	583	1
770	1991	2006	1
771	1626	1673	1
772	122	153	1
773	1752	1776	1
774	573	578	1
775	438	476	1
776	644	650	1
777	2170	2173	1
778	1018	1028	1
779	2200	2204	1
780	902	959	1
781	499	504	1
782	1350	1404	1
783	428	435	1
784	1032	1173	1
785	763	792	1
786	1237	1255	1
787	442	448	1
788	2049	2071	1
789	827	838	1
790	2040	2049	1
791	1692	1745	1
792	146	154	1
793	1508	1512	1
794	331	339	1
795	896	902	1
796	289	340	1
797	1305	1317	1
798	1466	1472	1
799	1401	1451	1
800	1718	1722	1
801	1400	1406	1
802	2037	2061	1
803	533	539	1
804	431	486	1
805	474	515	1
806	1471	1479	1
807	1132	1147	1
808	1209	1219	1
809	81	90	1
810	1069	1110	1
811	995	1025	1
812	875	899	1
813	980	1030	1
814	973	981	1
815	24	66	1
816	1327	1378	1
817	708	710	1
818	1772	1792	1
819	1221	1260	1
820	541	557	1
821	653	656	1
822	2307	2370	1
823	1181	1185	1
824	557	581	1
825	1189	1221	1
826	1126	1143	1
827	265	269	1
828	1680	1691	1
829	2091	2108	1
830	1070	1086	1
831	1813	1821	1
832	1977	1980	1
833	913	923	1
834	214	217	1
835	468	486	1
836	498	532	1
837	951	968	1
838	108	121	1
839	1372	1380	1
840	777	807	1
841	1147	1179	1
842	1421	1466	1
843	1965	1981	1
844	1943	1947	1
845	1497	1545	1
846	588	599	1
847	924	926	1
848	6	49	1
849	2143	2187	1
850	226	277	1
851	1074	1091	1
852	319	330	1
853	811	848	1
854	2272	2277	1
855	676	710	1
856	275	320	1
857	882	909	1
858	162	226	1
859	2001	2039	1
860	120	139	1
861	2076	2081	1
862	305	322	1
863	469	500	1
864	2314	2325	1
865	1793	1802	1
866	880	901	1
867	1131	1144	1
868	1260	1286	1
869	1345	1427	1
870	777	790	1
871	1539	1546	1
872	1373	1392	1
873	2206	2208	1
874	520	536	1
875	1451	1539	1
876	2120	2137	1
877	468	481	1
878	720	736	1
879	2152	2173	1
880	32	38	1
881	291	303	1
882	1266	1309	1
883	734	742	1
884	2154	2168	1
885	2060	2072	1
886	1294	1331	1
887	751	758	1
888	286	389	1
889	1581	1628	1
890	526	547	1
891	244	303	1
892	109	188	1
893	1130	1140	1
894	2060	2088	1
895	1961	1972	1
896	103	105	1
897	1098	1168	1
898	71	81	1
899	803	885	1
900	532	563	1
901	554	560	1
902	1538	1609	1
903	619	673	1
904	2303	2317	1
905	1116	1118	1
906	1684	1710	1
907	997	1003	1
908	350	378	1
909	1939	1947	1
910	2113	2152	1
911	1487	1494	1
912	1662	1672	1
913	870	885	1
914	1885	1890	1
915	2107	2131	1
916	1068	1080	1
917	586	622	1
918	1826	1843	1
919	190	202	1
920	2095	2113	1
921	839	875	1
922	70	88	1
923	1945	1970	1
924	2123	2125	1
925	421	436	1
926	564	584	1
927	882	889	1
928	980	1011	1
929	1351	1361	1
930	1680	1684	1
931	929	950	1
932	1316	1323	1
933	123	132	1
934	2126	2138	1
935	282	284	1
936	808	824	1
937	1361	1363	1
938	335	370	1
939	2231	2256	1
940	815	827	1
941	2023	2042	1
942	38	83	1
943	2392	2406	1
944	941	963	1
945	463	471	1
946	1318	1340	1
947	1222	1236	1
948	733	756	1
949	1006	1071	1
950	1840	1844	1
951	2020	2022	1
952	1795	1807	1
953	249	276	1
954	2073	2079	1
955	1601	1694	1
956	1453	1463	1
957	1445	1587	1
958	1681	1711	1
959	1645	1677	1
960	665	684	1
961	853	889	1
962	859	867	1
963	793	810	1
964	1690	1716	1
965	516	541	1
966	2229	2237	1
967	1251	1262	1
968	526	535	1
969	187	190	1
970	850	860	1
971	1584	1623	1
972	84	106	1
973	1277	1292	1
974	1105	1138	1
975	259	264	1
976	810	813	1
977	1243	1256	1
978	1352	1410	1
979	1028	1080	1
980	283	322	1
981	1523	1529	1
982	1011	1024	1
983	422	458	1
984	1159	1186	1
985	2080	2095	1
986	385	389	1
987	711	817	1
988	1779	1817	1
989	129	152	1
990	477	479	1
991	378	419	1
992	793	814	1
993	1464	1466	1
994	2375	2379	1
995	980	984	1
996	1970	2015	1
997	912	947	1
998	993	997	1
999	1247	1263	1
1000	2253	2278	1
1001	1615	1643	1
1002	2359	2387	1
1003	2005	2053	1
1004	1988	1991	1
1005	60	116	1
1006	601	611	1
1007	1202	1236	1
1008	2200	2241	1
1009	1591	1608	1
1010	1965	1985	1
1011	1159	1182	1
1012	1935	1960	1
1013	688	693	1
1014	608	668	1
1015	1623	1625	1
1016	1952	1986	1
1017	1715	1738	1
1018	907	921	1
1019	1235	1238	1
1020	2037	2043	1
1021	1544	1561	1
1022	2256	2271	1
1023	1856	1888	1
1024	1619	1631	1
1025	1589	1591	1
1026	314	328	1
1027	479	481	1
1028	697	703	1
1029	1507	1547	1
1030	1802	1854	1
1031	1184	1192	1
1032	1817	1861	1
1033	1181	1190	1
1034	1276	1287	1
1035	1116	1122	1
1036	979	1001	1
1037	621	675	1
1038	638	647	1
1039	1575	1611	1
1040	728	798	1
1041	1598	1622	1
1042	322	334	1
1043	925	937	1
1044	1452	1455	1
1045	517	522	1
1046	1680	1693	1
1047	404	453	1
1048	116	133	1
1049	367	381	1
1050	2225	2228	1
1051	1133	1157	1
1052	691	747	1
1053	754	794	1
1054	1539	1564	1
1055	1902	1957	1
1056	373	415	1
1057	2214	2216	1
1058	1982	1984	1
1059	2206	2210	1
1060	938	979	1
1061	359	367	1
1062	726	762	1
1063	1953	1978	1
1064	1017	1090	1
1065	1492	1499	1
1066	626	628	1
1067	510	513	1
1068	2085	2098	1
1069	129	152	1
1070	1075	1081	1
1071	960	978	1
1072	2064	2077	1
1073	439	452	1
1074	1303	1305	1
1075	993	1019	1
1076	37	45	1
1077	498	523	1
1078	391	399	1
1079	231	280	1
1080	1861	1881	1
1081	612	626	1
1082	880	891	1
1083	215	221	1
1084	908	924	1
1085	625	638	1
1086	2100	2103	1
1087	2354	2363	1
1088	453	468	1
1089	594	675	1
1090	64	108	1
1091	1716	1731	1
1092	1420	1423	1
1093	1169	1181	1
1094	698	702	1
1095	951	961	1
1096	1429	1432	1
1097	393	401	1
1098	898	946	1
1099	789	796	1
1100	703	708	1
1101	2059	2091	1
1102	94	145	1
1103	1151	1175	1
1104	2350	2357	1
1105	1118	1134	1
1106	973	998	1
1107	602	640	1
1108	465	467	1
1109	1723	1730	1
1110	2289	2296	1
1111	1512	1517	1
1112	1859	1887	1
1113	1158	1201	1
1114	670	711	1
1115	1988	1991	1
1116	2213	2233	1
1117	1838	1847	1
1118	1502	1557	1
1119	506	508	1
1120	1234	1246	1
1121	1397	1399	1
1122	1056	1071	1
1123	2396	2412	1
1124	992	999	1
1125	1403	1467	1
1126	1002	1014	1
1127	30	45	1
1128	731	765	1
1129	739	770	1
1130	2160	2162	1
1131	99	106	1
1132	1414	1449	1
1133	1848	1853	1
1134	1165	1170	1
1135	8	86	1
1136	1600	1604	1
1137	168	181	1
1138	887	907	1
1139	449	502	1
1140	1126	1161	1
1141	1717	1750	1
1142	259	278	1
1143	60	93	1
1144	1681	1686	1
1145	511	517	1
1146	2123	2135	1
1147	1032	1042	1
1148	1199	1210	1
1149	1871	1877	1
1150	355	357	1
1151	2180	2187	1
1152	2304	2331	1
1153	1792	1826	1
1154	1336	1342	1
1155	1887	1901	1
1156	1924	1944	1
1157	554	556	1
1158	575	605	1
1159	894	900	1
1160	1085	1113	1
1161	915	917	1
1162	2076	2111	1
1163	819	829	1
1164	727	731	1
1165	944	947	1
1166	284	289	1
1167	147	170	1
1168	1835	1876	1
1169	1020	1025	1
1170	237	253	1
1171	948	960	1
1172	1590	1603	1
1173	705	721	1
1174	2296	2302	1
1175	437	440	1
1176	2068	2077	1
1177	525	535	1
1178	2128	2187	1
1179	662	681	1
1180	315	334	1
1181	1490	1505	1
1182	377	394	1
1183	1987	1993	1
1184	1147	1154	1
1185	1500	1535	1
1186	2116	2138	1
1187	934	1019	1
1188	2282	2291	1
1189	1386	1393	1
1190	489	495	1
1191	1681	1697	1
1192	1921	1956	1
1193	463	479	1
1194	811	839	1
1195	68	75	1
1196	791	794	1
1197	335	353	1
1198	2093	2136	1
1199	339	359	1
1200	292	301	1
1201	1181	1208	1
1202	996	1043	1
1203	70	102	1
1204	499	574	1
1205	824	832	1
1206	294	307	1
1207	1362	1404	1
1208	47	56	1
1209	463	482	1
1210	2214	2236	1
1211	1112	1119	1
1212	2256	2266	1
1213	1883	1904	1
1214	671	681	1
1215	1100	1127	1
1216	1613	1621	1
1217	733	756	1
1218	250	257	1
1219	2048	2071	1
1220	502	518	1
1221	64	139	1
1222	383	428	1
1223	1239	1241	1
1224	1629	1638	1
1225	1716	1733	1
1226	1953	1963	1
1227	1868	1925	1
1228	1241	1281	1
1229	1148	1177	1
1230	1800	1807	1
1231	347	360	1
1232	2055	2068	1
1233	441	475	1
1234	1981	1989	1
1235	776	779	1
1236	143	161	1
1237	2374	2433	1
1238	907	916	1
1239	84	185	1
1240	650	685	1
1241	2154	2172	1
1242	316	337	1
1243	877	898	1
1244	2345	2352	1
1245	199	221	1
1246	1095	1130	1
1247	1558	1574	1
1248	88	112	1
1249	1246	1254	1
1250	1843	1889	1
1251	863	867	1
1252	1139	1163	1
1253	206	209	1
1254	1479	1490	1
1255	1143	1146	1
1256	1485	1547	1
1257	2107	2120	1
1258	2129	2160	1
1259	2352	2376	1
1260	1406	1438	1
1261	491	495	1
1262	2393	2495	1
1263	1460	1462	1
1264	630	669	1
1265	1575	1577	1
1266	1339	1355	1
1267	1248	1287	1
1268	2283	2288	1
1269	1698	1700	1
1270	1307	1359	1
1271	2212	2231	1
1272	2321	2361	1
1273	1668	1706	1
1274	1269	1284	1
1275	2222	2288	1
1276	2069	2080	1
1277	1178	1180	1
1278	1498	1532	1
1279	1572	1590	1
1280	1250	1256	1
1281	1943	1988	1
1282	397	431	1
1283	1331	1333	1
1284	2362	2369	1
1285	382	418	1
1286	474	497	1
1287	138	146	1
1288	1780	1797	1
1289	2265	2273	1
1290	593	597	1
1291	880	925	1
1292	620	641	1
1293	1408	1413	1
1294	498	519	1
1295	559	604	1
1296	421	506	1
1297	201	219	1
1298	1115	1161	1
1299	217	229	1
1300	262	268	1
1301	1710	1761	1
1302	1765	1792	1
1303	1004	1019	1
1304	203	238	1
1305	207	213	1
1306	1015	1033	1
1307	394	435	1
1308	1097	1105	1
1309	1466	1472	1
1310	1149	1152	1
1311	1501	1508	1
1312	672	707	1
1313	1054	1068	1
1314	2185	2188	1
1315	1897	1904	1
1316	1573	1593	1
1317	831	838	1
1318	721	746	1
1319	1655	1676	1
1320	96	110	1
1321	356	399	1
1322	97	112	1
1323	2396	2419	1
1324	1891	1903	1
1325	1559	1563	1
1326	1338	1341	1
1327	1828	1900	1
1328	1471	1478	1
1329	1713	1730	1
1330	744	756	1
1331	83	89	1
1332	1315	1317	1
1333	1093	1122	1
1334	1349	1384	1
1335	1179	1201	1
1336	1048	1073	1
1337	1246	1285	1
1338	964	982	1
1339	725	733	1
1340	703	728	1
1341	1858	1896	1
1342	1321	1327	1
1343	535	542	1
1344	1758	1773	1
1345	2300	2352	1
1346	1731	1747	1
1347	1841	1847	1
1348	285	355	1
1349	1855	1858	1
1350	594	603	1
1351	1285	1287	1
1352	986	992	1
1353	529	579	1
1354	1826	1842	1
1355	1812	1831	1
1356	715	725	1
1357	1604	1626	1
1358	2184	2191	1
1359	1532	1551	1
1360	1050	1072	1
1361	486	503	1
1362	1178	1187	1
1363	1813	1839	1
1364	612	633	1
1365	722	736	1
1366	2140	2175	1
1367	605	620	1
1368	640	678	1
1369	955	982	1
1370	341	385	1
1371	101	109	1
1372	1576	1582	1
1373	1890	1961	1
1374	1255	1271	1
1375	22	29	1
1376	1149	1151	1
1377	925	941	1
1378	779	783	1
1379	58	60	1
1380	1166	1213	1
1381	1979	1985	1
1382	1034	1051	1
1383	2116	2118	1
1384	2150	2166	1
1385	2257	2266	1
1386	1411	1423	1
1387	1539	1566	1
1388	1590	1645	1
1389	2303	2315	1
1390	1907	1914	1
1391	772	785	1
1392	417	428	1
1393	185	207	1
1394	801	807	1
1395	1687	1718	1
1396	465	471	1
1397	342	366	1
1398	1149	1176	1
1399	1100	1139	1
1400	1007	1039	1
1401	2218	2220	1
1402	271	320	1
1403	1378	1405	1
1404	568	595	1
1405	1031	1050	1
1406	1058	1061	1
1407	2036	2045	1
1408	819	827	1
1409	1252	1256	1
1410	1875	2073	1
1411	685	714	1
1412	1294	1354	1
1413	2059	2073	1
1414	1008	1041	1
1415	1199	1231	1
1416	155	186	1
1417	1337	1351	1
1418	1073	1090	1
1419	2360	2367	1
1420	1475	1493	1
1421	414	428	1
1422	933	972	1
1423	1049	1058	1
1424	525	535	1
1425	1456	1462	1
1426	1265	1309	1
1427	1631	1635	1
1428	1493	1554	1
1429	490	492	1
1430	1871	1909	1
1431	1442	1468	1
1432	1485	1584	1
1433	2297	2365	1
1434	1453	1465	1
1435	678	692	1
1436	787	789	1
1437	1125	1127	1
1438	537	569	1
1439	1282	1334	1
1440	2292	2319	1
1441	2153	2197	1
1442	708	725	1
1443	1539	1549	1
1444	1480	1496	1
1445	6	75	1
1446	1619	1626	1
1447	1038	1047	1
1448	769	778	1
1449	365	398	1
1450	79	87	1
1451	1047	1073	1
1452	1246	1250	1
1453	2112	2117	1
1454	1347	1375	1
1455	2186	2205	1
1456	2043	2055	1
1457	1780	1803	1
1458	377	411	1
1459	224	234	1
1460	1127	1170	1
1461	1396	1416	1
1462	2179	2203	1
1463	327	348	1
1464	468	478	1
1465	1249	1308	1
1466	1733	1735	1
1467	1341	1458	1
1468	1230	1237	1
1469	584	613	1
1470	658	676	1
1471	2376	2400	1
1472	1671	1730	1
1473	2055	2085	1
1474	1327	1368	1
1475	1548	1611	1
1476	2379	2398	1
1477	1572	1576	1
1478	874	882	1
1479	1252	1270	1
1480	1943	1970	1
1481	1898	1902	1
1482	1631	1726	1
1483	99	124	1
1484	1007	1048	1
1485	1572	1576	1
1486	288	327	1
1487	841	848	1
1488	2145	2158	1
1489	1616	1625	1
1490	266	275	1
1491	548	559	1
1492	2393	2396	1
1493	504	510	1
1494	312	334	1
1495	1048	1079	1
1496	1799	1801	1
1497	2054	2057	1
1498	1155	1186	1
1499	2265	2318	1
1500	1543	1576	1
1501	1134	1151	1
1502	1017	1036	1
1503	332	366	1
1504	1671	1681	1
1505	607	670	1
1506	963	970	1
1507	947	952	1
1508	895	909	1
1509	1521	1524	1
1510	812	827	1
1511	1791	1797	1
1512	486	525	1
1513	1012	1038	1
1514	784	809	1
1515	1555	1567	1
1516	2113	2122	1
1517	1909	1920	1
1518	1019	1026	1
1519	1326	1332	1
1520	2278	2297	1
1521	559	571	1
1522	1981	2001	1
1523	694	708	1
1524	475	496	1
1525	232	298	1
1526	1440	1447	1
1527	1908	1962	1
1528	667	673	1
1529	2183	2201	1
1530	86	121	1
1531	1958	1989	1
1532	1675	1680	1
1533	516	532	1
1534	1830	1842	1
1535	1420	1441	1
1536	1980	2001	1
1537	776	815	1
1538	1012	1065	1
1539	1766	1795	1
1540	303	308	1
1541	81	142	1
1542	621	623	1
1543	2343	2362	1
1544	1354	1391	1
1545	1251	1318	1
1546	1974	1984	1
1547	293	296	1
1548	760	782	1
1549	1757	1771	1
1550	878	918	1
1551	159	180	1
1552	2156	2158	1
1553	1457	1498	1
1554	1311	1318	1
1555	1835	1847	1
1556	978	987	1
1557	174	225	1
1558	2050	2057	1
1559	1027	1030	1
1560	1548	1600	1
1561	323	330	1
1562	1102	1110	1
1563	573	641	1
1564	2130	2138	1
1565	1550	1556	1
1566	1012	1035	1
1567	2142	2175	1
1568	1405	1418	1
1569	2240	2258	1
1570	2191	2217	1
1571	1282	1291	1
1572	434	440	1
1573	200	226	1
1574	1892	1902	1
1575	1451	1455	1
1576	1972	2001	1
1577	568	627	1
1578	943	959	1
1579	1835	1846	1
1580	2213	2276	1
1581	897	903	1
1582	1936	1949	1
1583	1171	1241	1
1584	1249	1257	1
1585	1171	1193	1
1586	2356	2365	1
1587	196	207	1
1588	59	82	1
1589	1477	1500	1
1590	544	560	1
1591	1507	1529	1
1592	1682	1686	1
1593	1305	1309	1
1594	1200	1217	1
1595	1837	1840	1
1596	2317	2324	1
1597	98	108	1
1598	2323	2326	1
1599	1285	1292	1
1600	522	545	1
1601	488	496	1
1602	1903	1930	1
1603	2062	2096	1
1604	1109	1117	1
1605	549	556	1
1606	1984	1998	1
1607	2222	2230	1
1608	2151	2167	1
1609	1041	1044	1
1610	23	37	1
1611	1224	1242	1
1612	1724	1729	1
1613	1290	1306	1
1614	1439	1470	1
1615	2156	2189	1
1616	1877	1879	1
1617	1684	1700	1
1618	1801	1831	1
1619	1802	1809	1
1620	1262	1339	1
1621	849	860	1
1622	1286	1296	1
1623	1746	1761	1
1624	72	114	1
1625	1037	1053	1
1626	1861	1917	1
1627	1146	1176	1
1628	367	401	1
1629	1273	1322	1
1630	58	71	1
1631	2235	2241	1
1632	168	196	1
1633	1623	1653	1
1634	1444	1558	1
1635	2374	2384	1
1636	2186	2208	1
1637	565	567	1
1638	1404	1450	1
1639	934	936	1
1640	1789	1814	1
1641	1739	1746	1
1642	1798	1805	1
1643	2237	2247	1
1644	1327	1396	1
1645	1144	1162	1
1646	1157	1179	1
1647	143	202	1
1648	2143	2167	1
1649	955	985	1
1650	988	1022	1
1651	2138	2140	1
1652	1500	1534	1
1653	162	180	1
1654	1798	1800	1
1655	1276	1293	1
1656	1829	1860	1
1657	1296	1301	1
1658	1115	1119	1
1659	292	303	1
1660	1053	1060	1
1661	1418	1423	1
1662	381	393	1
1663	1863	1877	1
1664	513	556	1
1665	1228	1243	1
1666	1458	1465	1
1667	2143	2154	1
1668	594	596	1
1669	101	124	1
1670	378	389	1
1671	2028	2039	1
1672	1503	1531	1
1673	1215	1219	1
1674	2012	2015	1
1675	84	102	1
1676	753	776	1
1677	415	458	1
1678	832	834	1
1679	650	666	1
1680	285	296	1
1681	1523	1541	1
1682	2103	2111	1
1683	1625	1678	1
1684	1927	1974	1
1685	1762	1773	1
1686	688	717	1
1687	368	384	1
1688	1159	1188	1
1689	1368	1405	1
1690	1447	1456	1
1691	257	267	1
1692	2113	2132	1
1693	1416	1423	1
1694	1206	1236	1
1695	29	58	1
1696	1580	1593	1
1697	1417	1436	1
1698	73	87	1
1699	1229	1278	1
1700	701	717	1
1701	719	769	1
1702	2364	2402	1
1703	1545	1562	1
1704	909	920	1
1705	1382	1386	1
1706	648	712	1
1707	462	466	1
1708	865	869	1
1709	7	13	1
1710	547	556	1
1711	1044	1051	1
1712	2371	2378	1
1713	599	604	1
1714	665	677	1
1715	537	540	1
1716	780	787	1
1717	715	719	1
1718	882	896	1
1719	725	745	1
1720	1233	1236	1
1721	492	503	1
1722	2300	2324	1
1723	2181	2185	1
1724	2248	2252	1
1725	510	527	1
1726	1252	1293	1
1727	34	56	1
1728	2042	2095	1
1729	429	434	1
1730	901	905	1
1731	1638	1647	1
1732	1817	1825	1
1733	1284	1308	1
1734	282	294	1
1735	1648	1659	1
1736	2209	2288	1
1737	1594	1597	1
1738	355	358	1
1739	1477	1487	1
1740	851	934	1
1741	1690	1723	1
1742	2141	2163	1
1743	290	295	1
1744	1082	1144	1
1745	1379	1437	1
1746	624	657	1
1747	257	272	1
1748	546	550	1
1749	373	387	1
1750	1361	1377	1
1751	2253	2274	1
1752	371	404	1
1753	65	93	1
1754	1703	1713	1
1755	1395	1398	1
1756	2005	2012	1
1757	576	586	1
1758	1844	1846	1
1759	361	414	1
1760	665	671	1
1761	327	339	1
1762	149	170	1
1763	839	849	1
1764	373	390	1
1765	1711	1726	1
1766	1336	1338	1
1767	476	502	1
1768	2227	2244	1
1769	1193	1199	1
1770	1368	1398	1
1771	726	794	1
1772	2256	2262	1
1773	128	145	1
1774	994	997	1
1775	2153	2164	1
1776	101	121	1
1777	1944	1976	1
1778	742	780	1
1779	1131	1135	1
1780	1283	1382	1
1781	1789	1817	1
1782	1943	1987	1
1783	1204	1219	1
1784	2074	2138	1
1785	1012	1024	1
1786	2322	2327	1
1787	2007	2012	1
1788	374	412	1
1789	1561	1566	1
1790	2360	2373	1
1791	570	601	1
1792	422	424	1
1793	1750	1759	1
1794	1417	1456	1
1795	1255	1271	1
1796	1867	1889	1
1797	1858	1862	1
1798	2156	2158	1
1799	1116	1126	1
1800	2372	2406	1
1801	94	128	1
1802	2380	2402	1
1803	1372	1382	1
1804	1240	1263	1
1805	862	893	1
1806	763	803	1
1807	1585	1600	1
1808	621	654	1
1809	623	688	1
1810	1457	1464	1
1811	1587	1597	1
1812	1518	1537	1
1813	1433	1437	1
1814	1597	1605	1
1815	2189	2211	1
1816	1364	1378	1
1817	1696	1703	1
1818	656	680	1
1819	865	884	1
1820	2311	2335	1
1821	614	628	1
1822	1266	1278	1
1823	1386	1414	1
1824	2189	2216	1
1825	1070	1080	1
1826	2130	2147	1
1827	266	281	1
1828	919	949	1
1829	651	657	1
1830	284	292	1
1831	2019	2033	1
1832	1599	1619	1
1833	490	494	1
1834	782	823	1
1835	203	205	1
1836	700	710	1
1837	668	689	1
1838	11	28	1
1839	1182	1204	1
1840	793	823	1
1841	1259	1271	1
1842	111	150	1
1843	1873	1886	1
1844	1809	1814	1
1845	1403	1470	1
1846	1964	1991	1
1847	460	496	1
1848	798	800	1
1849	950	970	1
1850	941	972	1
1851	914	929	1
1852	764	775	1
1853	1656	1664	1
1854	1803	1816	1
1855	2143	2147	1
1856	411	415	1
1857	1485	1500	1
1858	473	475	1
1859	270	273	1
1860	585	598	1
1861	678	691	1
1862	2098	2120	1
1863	1325	1329	1
1864	1381	1420	1
1865	1603	1616	1
1866	1087	1097	1
1867	2389	2396	1
1868	1582	1597	1
1869	2036	2053	1
1870	1694	1704	1
1871	1886	1903	1
1872	1363	1384	1
1873	1016	1021	1
1874	1459	1465	1
1875	1226	1237	1
1876	1774	1800	1
1877	2398	2405	1
1878	677	680	1
1879	1081	1101	1
1880	806	855	1
1881	1597	1602	1
1882	1466	1474	1
1883	2282	2290	1
1884	839	854	1
1885	246	298	1
1886	39	67	1
1887	173	214	1
1888	794	823	1
1889	540	583	1
1890	75	85	1
1891	2273	2298	1
1892	1725	1739	1
1893	2003	2069	1
1894	2381	2394	1
1895	1469	1515	1
1896	337	369	1
1897	1877	1898	1
1898	416	437	1
1899	1197	1201	1
1900	1166	1168	1
1901	453	455	1
1902	1230	1254	1
1903	1129	1138	1
1904	1946	1952	1
1905	1077	1086	1
1906	2286	2360	1
1907	1300	1374	1
1908	826	829	1
1909	2317	2338	1
1910	569	658	1
1911	1598	1652	1
1912	698	746	1
1913	372	412	1
1914	321	344	1
1915	2012	2028	1
1916	1311	1348	1
1917	277	333	1
1918	1905	1921	1
1919	2325	2338	1
1920	1003	1010	1
1921	1821	1845	1
1922	1020	1028	1
1923	2317	2322	1
1924	191	211	1
1925	534	547	1
1926	1379	1383	1
1927	102	121	1
1928	1011	1089	1
1929	1575	1613	1
1930	1220	1242	1
1931	2363	2424	1
1932	2247	2280	1
1933	1098	1103	1
1934	770	787	1
1935	1837	1844	1
1936	2375	2434	1
1937	1881	1959	1
1938	1434	1438	1
1939	368	387	1
1940	1432	1448	1
1941	436	445	1
1942	1605	1609	1
1943	1092	1114	1
1944	67	83	1
1945	1548	1596	1
1946	2196	2210	1
1947	1253	1257	1
1948	646	683	1
1949	1716	1718	1
1950	1895	1914	1
1951	2356	2358	1
1952	894	896	1
1953	1084	1115	1
1954	934	944	1
1955	306	356	1
1956	2134	2160	1
1957	1629	1663	1
1958	1015	1035	1
1959	799	811	1
1960	1125	1159	1
1961	826	873	1
1962	1097	1147	1
1963	1684	1706	1
1964	2014	2048	1
1965	2390	2392	1
1966	1116	1139	1
1967	430	439	1
1968	1111	1153	1
1969	259	262	1
1970	398	411	1
1971	417	427	1
1972	1742	1782	1
1973	833	868	1
1974	2256	2260	1
1975	8	13	1
1976	506	511	1
1977	1460	1481	1
1978	1044	1049	1
1979	1348	1389	1
1980	2164	2167	1
1981	2020	2052	1
1982	1777	1796	1
1983	551	563	1
1984	2338	2352	1
1985	1864	1884	1
1986	561	567	1
1987	1951	1972	1
1988	536	562	1
1989	1930	1945	1
1990	1606	1616	1
1991	1176	1211	1
1992	833	872	1
1993	2261	2269	1
1994	1224	1230	1
1995	2198	2211	1
1996	715	742	1
1997	379	417	1
1998	585	618	1
1999	1577	1601	1
2000	2020	2055	1
2001	2106	2142	1
2002	1307	1376	1
2003	1484	1486	1
2004	1340	1352	1
2005	1071	1074	1
2006	0	37	1
2007	1157	1163	1
2008	1416	1421	1
2009	687	729	1
2010	2380	2393	1
2011	601	603	1
2012	1519	1526	1
2013	1796	1852	1
2014	1805	1822	1
2015	2050	2152	1
2016	884	912	1
2017	124	128	1
2018	1232	1257	1
2019	688	692	1
2020	1514	1535	1
2021	1739	1741	1
2022	663	695	1
2023	426	439	1
2024	0	4	1
2025	2327	2332	1
2026	534	548	1
2027	1452	1459	1
2028	1374	1446	1
2029	1809	1847	1
2030	697	705	1
2031	573	577	1
2032	1362	1373	1
2033	1260	1280	1
2034	659	673	1
2035	2095	2103	1
2036	1825	1838	1
2037	2107	2117	1
2038	1619	1643	1
2039	315	349	1
2040	868	876	1
2041	619	654	1
2042	688	694	1
2043	48	62	1
2044	1426	1493	1
2045	2206	2209	1
2046	1381	1391	1
2047	1269	1280	1
2048	567	574	1
2049	1035	1041	1
2050	595	620	1
2051	143	160	1
2052	1955	1972	1
2053	1949	1974	1
2054	633	647	1
2055	993	1047	1
2056	2255	2306	1
2057	2006	2008	1
2058	310	318	1
2059	1682	1701	1
2060	1818	1835	1
2061	1013	1017	1
2062	233	267	1
2063	637	648	1
2064	42	89	1
2065	286	310	1
2066	1944	1971	1
2067	683	694	1
2068	1740	1761	1
2069	1424	1435	1
2070	49	68	1
2071	2211	2223	1
2072	2329	2347	1
2073	318	371	1
2074	1422	1434	1
2075	328	339	1
2076	2333	2398	1
2077	158	189	1
2078	1531	1533	1
2079	818	825	1
2080	2238	2254	1
2081	103	115	1
2082	1427	1430	1
2083	2359	2363	1
2084	1730	1733	1
2085	1765	1775	1
2086	2103	2115	1
2087	47	50	1
2088	804	819	1
2089	937	1031	1
2090	1306	1317	1
2091	778	783	1
2092	366	431	1
2093	2165	2168	1
2094	862	868	1
2095	540	564	1
2096	2370	2389	1
2097	2029	2059	1
2098	82	86	1
2099	351	356	1
2100	1468	1473	1
2101	143	171	1
2102	1771	1809	1
2103	220	226	1
2104	1170	1179	1
2105	2157	2196	1
2106	672	696	1
2107	988	1012	1
2108	1264	1270	1
2109	1160	1169	1
2110	158	168	1
2111	1814	1818	1
2112	1757	1779	1
2113	827	861	1
2114	2379	2397	1
2115	1412	1418	1
2116	84	111	1
2117	1142	1203	1
2118	2330	2333	1
2119	592	595	1
2120	2126	2148	1
2121	941	953	1
2122	1579	1607	1
2123	2163	2236	1
2124	1614	1636	1
2125	468	480	1
2126	1959	1971	1
2127	1553	1582	1
2128	841	843	1
2129	307	329	1
2130	933	947	1
2131	101	104	1
2132	147	155	1
2133	1706	1721	1
2134	11	36	1
2135	409	417	1
2136	540	547	1
2137	750	752	1
2138	584	615	1
2139	761	764	1
2140	253	287	1
2141	2093	2097	1
2142	161	173	1
2143	1366	1374	1
2144	1492	1496	1
2145	1484	1492	1
2146	526	539	1
2147	1369	1386	1
2148	495	508	1
2149	2324	2327	1
2150	2154	2181	1
2151	2263	2292	1
2152	1654	1674	1
2153	721	753	1
2154	288	315	1
2155	1734	1738	1
2156	1085	1126	1
2157	139	147	1
2158	1292	1307	1
2159	1454	1461	1
2160	1049	1094	1
2161	23	66	1
2162	39	99	1
2163	1463	1478	1
2164	864	896	1
2165	107	122	1
2166	644	660	1
2167	2111	2142	1
2168	2015	2026	1
2169	2184	2188	1
2170	1661	1690	1
2171	1549	1561	1
2172	2248	2281	1
2173	200	213	1
2174	995	1002	1
2175	68	86	1
2176	477	490	1
2177	2038	2060	1
2178	1863	1869	1
2179	413	426	1
2180	409	442	1
2181	1211	1213	1
2182	1017	1055	1
2183	1455	1482	1
2184	2388	2390	1
2185	2221	2231	1
2186	952	973	1
2187	422	427	1
2188	246	256	1
2189	831	869	1
2190	1583	1585	1
2191	2336	2362	1
2192	843	861	1
2193	331	340	1
2194	650	693	1
2195	233	237	1
2196	1681	1683	1
2197	1051	1073	1
2198	871	882	1
2199	570	577	1
2200	2237	2244	1
2201	398	449	1
2202	1612	1640	1
2203	455	461	1
2204	555	560	1
2205	981	985	1
2206	189	203	1
2207	1934	1969	1
2208	339	371	1
2209	2397	2405	1
2210	1789	1850	1
2211	1281	1359	1
2212	1993	2012	1
2213	979	987	1
2214	2324	2355	1
2215	780	785	1
2216	1086	1099	1
2217	635	661	1
2218	849	853	1
2219	1490	1497	1
2220	1404	1435	1
2221	532	534	1
2222	1141	1167	1
2223	1833	1836	1
2224	2030	2056	1
2225	643	680	1
2226	573	575	1
2227	552	586	1
2228	402	418	1
2229	418	429	1
2230	2239	2245	1
2231	647	655	1
2232	1295	1297	1
2233	1948	1950	1
2234	1569	1577	1
2235	791	800	1
2236	862	868	1
2237	70	80	1
2238	222	269	1
2239	533	579	1
2240	119	147	1
2241	231	234	1
2242	675	713	1
2243	2054	2121	1
2244	543	569	1
2245	2277	2317	1
2246	325	366	1
2247	962	967	1
2248	1619	1646	1
2249	1937	1965	1
2250	750	759	1
2251	1266	1268	1
2252	869	910	1
2253	2379	2391	1
2254	741	800	1
2255	882	901	1
2256	1345	1372	1
2257	11	22	1
2258	1450	1478	1
2259	934	982	1
2260	2325	2357	1
2261	264	302	1
2262	1498	1501	1
2263	612	640	1
2264	1576	1623	1
2265	1952	1959	1
2266	2033	2044	1
2267	1541	1557	1
2268	66	92	1
2269	18	33	1
2270	602	614	1
2271	1198	1241	1
2272	884	893	1
2273	2157	2174	1
2274	2177	2185	1
2275	762	797	1
2276	1602	1606	1
2277	984	1065	1
2278	427	502	1
2279	2180	2198	1
2280	2120	2122	1
2281	1370	1406	1
2282	694	723	1
2283	121	127	1
2284	963	969	1
2285	1481	1484	1
2286	29	33	1
2287	1174	1181	1
2288	674	715	1
2289	931	938	1
2290	1269	1353	1
2291	1690	1694	1
2292	61	117	1
2293	790	797	1
2294	478	518	1
2295	1076	1089	1
2296	54	85	1
2297	1950	1958	1
2298	418	424	1
2299	1093	1122	1
2300	2256	2293	1
2301	1277	1294	1
2302	2184	2195	1
2303	1092	1112	1
2304	2029	2062	1
2305	1871	1918	1
2306	517	529	1
2307	270	285	1
2308	1036	1038	1
2309	1973	2036	1
2310	2357	2380	1
2311	670	693	1
2312	1684	1708	1
2313	1796	1832	1
2314	2253	2256	1
2315	836	839	1
2316	610	617	1
2317	1979	2093	1
2318	413	423	1
2319	1191	1253	1
2320	2303	2366	1
2321	858	860	1
2322	1992	1996	1
2323	1994	2000	1
2324	349	360	1
2325	429	462	1
2326	93	106	1
2327	1908	1921	1
2328	673	680	1
2329	729	732	1
2330	736	748	1
2331	606	614	1
2332	2066	2081	1
2333	1465	1506	1
2334	1355	1370	1
2335	561	606	1
2336	1005	1010	1
2337	316	357	1
2338	1530	1559	1
2339	372	380	1
2340	245	249	1
2341	1807	1819	1
2342	1054	1078	1
2343	1343	1373	1
2344	743	774	1
2345	1298	1302	1
2346	1435	1453	1
2347	22	31	1
2348	630	672	1
2349	1382	1441	1
2350	1428	1478	1
2351	1466	1468	1
2352	918	968	1
2353	1931	1933	1
2354	283	319	1
2355	575	583	1
2356	15	27	1
2357	1397	1406	1
2358	2164	2179	1
2359	1793	1797	1
2360	424	471	1
2361	1767	1779	1
2362	1075	1097	1
2363	2293	2320	1
2364	59	68	1
2365	1279	1288	1
2366	351	387	1
2367	109	112	1
2368	1177	1217	1
2369	254	293	1
2370	810	815	1
2371	529	556	1
2372	369	427	1
2373	752	786	1
2374	279	283	1
2375	491	500	1
2376	1882	1926	1
2377	1983	2031	1
2378	263	319	1
2379	274	312	1
2380	2129	2161	1
2381	138	169	1
2382	1856	1909	1
2383	510	548	1
2384	830	889	1
2385	1141	1149	1
2386	926	928	1
2387	2209	2223	1
2388	1246	1252	1
2389	1795	1812	1
2390	473	488	1
2391	554	601	1
2392	1547	1573	1
2393	830	869	1
2394	932	964	1
2395	1519	1588	1
2396	1952	1961	1
2397	1661	1663	1
2398	1971	1993	1
2399	1566	1580	1
