532	100	0	0
0	1	25	50
1	1	5	67
2	1	19	27
3	1	2	87
4	1	18	76
5	1	2	60
6	1	9	76
7	1	3	84
8	1	23	14
9	1	6	81
10	1	7	48
11	1	12	25
12	1	17	57
13	1	4	26
14	1	3	73
15	2	4	14
16	2	22	30
17	3	5	34
18	3	11	87
19	4	13	63
20	4	8	65
21	5	10	72
22	5	8	25
23	6	15	27
24	7	19	10
25	8	41	45
26	8	11	34
27	9	10	88
28	10	29	19
29	10	23	31
30	11	13	78
31	11	12	71
32	12	20	13
33	12	14	86
34	13	18	39
35	13	17	59
36	14	15	45
37	15	24	71
38	15	16	57
39	16	31	67
40	17	24	97
41	17	20	56
42	18	42	74
43	18	36	52
44	19	33	45
45	19	38	25
46	20	21	100
47	20	26	89
48	21	22	81
49	22	31	12
50	22	58	25
51	23	25	51
52	23	29	98
53	24	26	21
54	24	27	34
55	25	37	73
56	25	35	76
57	26	28	16
58	26	27	41
59	27	38	85
60	27	40	58
61	28	49	55
62	29	32	17
63	29	30	23
64	30	33	54
65	31	45	16
66	31	32	12
67	32	34	66
68	32	44	44
69	33	43	70
70	33	39	56
71	34	37	13
72	35	43	60
73	36	68	45
74	37	56	13
75	37	46	30
76	38	54	59
77	38	41	18
78	39	49	20
79	40	54	60
80	41	42	40
81	41	45	37
82	42	46	18
83	42	50	31
84	43	44	98
85	43	48	13
86	44	47	16
87	44	60	61
88	45	47	82
89	45	51	88
90	46	48	11
91	46	59	33
92	47	50	10
93	47	53	95
94	48	71	26
95	48	52	93
96	49	61	80
97	49	52	26
98	50	59	65
99	50	51	11
100	51	70	28
101	51	61	65
102	52	57	56
103	52	53	65
104	53	58	95
105	53	65	21
106	54	95	71
107	54	55	57
108	55	56	59
109	56	62	39
110	56	72	86
111	57	64	63
112	58	63	72
113	58	60	64
114	59	77	20
115	59	66	83
116	60	62	13
117	60	66	72
118	61	99	41
119	61	65	47
120	62	71	24
121	62	69	32
122	63	78	71
123	64	67	18
124	65	83	17
125	65	70	74
126	66	77	81
127	66	76	30
128	67	82	16
129	68	73	73
130	69	74	37
131	70	75	82
132	70	73	45
133	71	91	89
134	71	72	45
135	72	74	77
136	72	84	35
137	73	75	48
138	73	92	95
139	74	79	30
140	74	76	89
141	75	80	95
142	75	86	100
143	76	78	53
144	76	85	22
145	77	90	86
146	77	92	48
147	78	81	32
148	78	79	76
149	79	83	21
150	79	97	90
151	80	86	57
152	81	82	92
153	82	84	20
154	82	93	68
155	83	94	44
156	83	89	44
157	84	87	98
158	84	95	76
159	85	88	56
160	86	91	49
161	86	89	60
162	87	96	64
163	88	90	75
164	89	101	65
165	89	103	57
166	90	104	15
167	90	103	94
168	91	111	63
169	91	112	10
170	92	94	24
171	92	98	38
172	93	96	35
173	94	100	24
174	94	110	54
175	95	114	66
176	95	98	72
177	96	136	65
178	96	97	49
179	97	101	40
180	97	99	78
181	98	106	65
182	98	100	57
183	99	116	42
184	99	102	26
185	100	108	20
186	100	115	29
187	101	104	14
188	101	132	53
189	102	120	100
190	103	105	95
191	103	110	42
192	104	106	97
193	104	118	28
194	105	112	70
195	106	109	96
196	106	107	38
197	107	113	94
198	108	113	30
199	109	121	60
200	110	111	86
201	110	116	58
202	111	115	78
203	111	114	76
204	112	119	33
205	112	128	30
206	113	126	21
207	113	117	57
208	114	138	50
209	114	126	70
210	115	121	46
211	115	123	16
212	116	123	69
213	116	117	42
214	117	118	26
215	117	125	53
216	118	120	14
217	118	128	88
218	119	149	81
219	120	148	97
220	120	125	98
221	121	127	94
222	121	122	33
223	122	124	29
224	123	134	75
225	123	127	54
226	124	136	96
227	125	129	39
228	125	133	25
229	126	135	17
230	126	140	81
231	127	131	27
232	127	134	40
233	128	130	78
234	128	139	91
235	129	131	52
236	130	137	42
237	131	133	40
238	131	139	75
239	132	135	68
240	133	143	54
241	133	144	72
242	134	144	78
243	134	154	64
244	135	147	96
245	135	137	59
246	136	138	63
247	136	142	31
248	137	150	63
249	137	149	27
250	138	140	70
251	138	146	23
252	139	159	51
253	139	156	11
254	140	141	39
255	140	141	46
256	141	145	74
257	141	143	22
258	142	148	76
259	143	155	84
260	143	157	84
261	144	167	49
262	144	146	57
263	145	150	31
264	146	152	95
265	146	147	40
266	147	187	14
267	147	153	45
268	148	151	34
269	148	174	72
270	149	162	18
271	149	159	42
272	150	163	80
273	150	158	39
274	151	168	79
275	152	160	68
276	153	176	28
277	154	155	54
278	155	158	61
279	155	156	20
280	156	157	79
281	156	162	76
282	157	161	25
283	157	161	61
284	158	160	43
285	158	198	51
286	159	172	18
287	159	180	52
288	160	174	24
289	160	168	83
290	161	165	36
291	161	163	51
292	162	171	69
293	162	164	97
294	163	164	33
295	163	165	10
296	164	180	81
297	164	166	10
298	165	166	55
299	165	169	52
300	166	175	50
301	166	170	59
302	167	178	13
303	168	170	19
304	168	200	58
305	169	179	43
306	170	172	84
307	170	171	24
308	171	173	20
309	171	185	25
310	172	185	13
311	172	173	61
312	173	182	83
313	173	178	21
314	174	175	64
315	174	176	23
316	175	177	49
317	175	188	44
318	176	197	50
319	176	177	83
320	177	186	100
321	177	181	29
322	178	179	15
323	178	184	14
324	179	215	53
325	179	195	96
326	180	209	89
327	180	191	30
328	181	183	11
329	182	186	51
330	183	221	51
331	184	194	78
332	185	191	53
333	185	193	93
334	186	188	45
335	186	189	48
336	187	203	84
337	188	190	59
338	188	189	21
339	189	192	39
340	189	194	23
341	190	206	10
342	191	202	83
343	191	193	98
344	192	196	84
345	193	197	33
346	193	195	41
347	194	196	86
348	194	202	20
349	195	200	24
350	195	205	18
351	196	199	98
352	196	211	51
353	197	201	13
354	197	207	40
355	198	207	65
356	199	211	74
357	200	206	69
358	200	205	25
359	201	204	23
360	202	204	78
361	202	217	38
362	203	223	50
363	204	210	15
364	204	214	10
365	205	208	34
366	205	209	13
367	206	229	80
368	206	218	66
369	207	213	51
370	207	208	17
371	208	214	86
372	208	212	92
373	209	216	25
374	209	210	60
375	210	235	96
376	210	221	77
377	211	227	66
378	211	219	67
379	212	213	63
380	213	233	23
381	213	240	85
382	214	216	100
383	214	233	41
384	215	218	50
385	216	225	99
386	216	219	44
387	217	223	20
388	218	238	89
389	218	220	25
390	219	236	97
391	219	226	30
392	220	222	88
393	221	227	49
394	221	228	73
395	222	249	54
396	223	225	67
397	223	224	63
398	224	230	83
399	225	230	63
400	225	229	21
401	226	239	86
402	227	232	14
403	227	231	80
404	228	231	96
405	229	232	72
406	229	281	39
407	230	235	92
408	230	237	70
409	231	258	16
410	231	241	88
411	232	238	41
412	232	250	98
413	233	234	64
414	233	234	86
415	234	241	46
416	234	240	22
417	235	244	75
418	235	247	61
419	236	245	56
420	237	256	76
421	238	250	85
422	238	242	21
423	239	246	14
424	240	254	69
425	240	242	43
426	241	244	59
427	241	254	89
428	242	243	83
429	242	248	26
430	243	276	54
431	244	248	32
432	244	255	33
433	245	253	46
434	246	251	42
435	247	257	19
436	248	249	99
437	248	252	94
438	249	255	83
439	249	251	26
440	250	253	76
441	250	252	36
442	251	257	48
443	251	262	22
444	252	272	24
445	252	256	80
446	253	266	59
447	253	273	66
448	254	259	64
449	254	261	14
450	255	261	31
451	255	263	78
452	256	264	84
453	256	268	77
454	257	283	43
455	257	258	92
456	258	262	19
457	258	270	99
458	259	260	38
459	260	272	31
460	261	281	29
461	261	265	27
462	262	294	93
463	262	266	35
464	263	265	37
465	264	271	96
466	265	267	26
467	265	278	77
468	266	270	52
469	266	267	19
470	267	268	90
471	267	269	33
472	268	271	11
473	268	278	90
474	269	286	50
475	270	274	84
476	270	273	48
477	271	282	60
478	271	284	88
479	272	283	43
480	272	275	92
481	273	276	68
482	273	279	72
483	274	298	82
484	275	277	59
485	276	282	24
486	276	277	73
487	277	280	46
488	277	286	29
489	278	288	84
490	278	290	42
491	279	280	53
492	280	285	54
493	280	287	95
494	281	293	91
495	281	289	23
496	282	284	24
497	282	288	10
498	283	291	19
499	283	287	74
500	284	285	93
501	284	295	37
502	285	289	47
503	285	291	78
504	286	290	61
505	286	292	65
506	287	301	55
507	287	296	40
508	288	296	31
509	288	304	15
510	289	302	73
511	289	306	23
512	290	295	22
513	290	293	22
514	291	308	34
515	291	292	66
516	292	305	75
517	292	321	34
518	293	307	82
519	293	294	91
520	294	298	32
521	294	312	68
522	295	309	97
523	295	304	68
524	296	297	98
525	296	299	54
526	297	299	32
527	298	331	27
528	298	313	14
529	299	300	37
530	299	312	30
531	300	301	87
