1919	100	0	0
0	1	5	23
1	1	3	76
2	1	2	42
3	1	4	57
4	1	7	70
5	1	9	64
6	1	2	18
7	1	5	75
8	1	3	29
9	1	7	84
10	1	2	56
11	1	6	25
12	1	15	30
13	1	3	29
14	1	2	83
15	1	10	44
16	1	2	25
17	1	3	21
18	1	9	93
19	1	4	25
20	1	8	41
21	1	2	30
22	1	2	17
23	1	5	44
24	1	2	79
25	1	3	28
26	1	14	79
27	1	2	48
28	1	6	83
29	1	3	15
30	2	4	14
31	2	31	67
32	2	6	90
33	2	4	54
34	2	12	20
35	2	4	95
36	2	6	73
37	2	5	99
38	2	18	37
39	3	11	30
40	3	10	47
41	3	7	80
42	3	12	57
43	3	11	31
44	3	8	88
45	4	5	75
46	4	6	47
47	4	8	77
48	4	7	24
49	4	6	65
50	5	11	74
51	5	8	97
52	5	6	46
53	5	6	91
54	5	15	56
55	6	7	81
56	6	8	73
57	6	10	99
58	6	7	52
59	6	13	52
60	6	7	83
61	6	10	21
62	6	14	42
63	7	8	69
64	7	9	86
65	7	17	53
66	7	19	96
67	7	9	85
68	7	9	23
69	7	13	30
70	8	10	61
71	8	9	80
72	8	13	25
73	8	9	43
74	8	9	44
75	8	13	24
76	9	10	92
77	9	12	13
78	9	10	46
79	9	19	95
80	9	10	34
81	9	18	46
82	9	13	36
83	9	12	20
84	10	22	21
85	10	11	65
86	10	16	85
87	10	14	26
88	10	17	73
89	10	17	88
90	10	15	31
91	10	19	59
92	11	12	98
93	11	16	79
94	11	19	54
95	11	13	18
96	12	24	93
97	12	15	88
98	12	14	35
99	12	15	81
100	12	13	59
101	13	16	80
102	13	14	76
103	13	18	34
104	13	14	40
105	13	21	76
106	13	16	40
107	13	23	30
108	14	15	97
109	14	16	79
110	14	19	66
111	14	15	98
112	14	16	51
113	14	18	67
114	15	23	84
115	15	17	99
116	15	16	99
117	15	16	12
118	15	16	98
119	15	17	54
120	15	20	67
121	16	17	25
122	16	18	32
123	16	17	97
124	16	17	86
125	16	18	76
126	16	18	27
127	16	20	74
128	16	17	19
129	16	21	75
130	17	19	30
131	17	20	14
132	17	20	40
133	17	18	49
134	17	23	62
135	17	18	61
136	17	31	16
137	17	30	100
138	17	35	72
139	18	19	92
140	18	26	40
141	18	21	71
142	18	23	82
143	18	19	66
144	18	22	89
145	18	41	43
146	18	22	82
147	18	19	85
148	19	20	59
149	19	24	80
150	19	22	70
151	19	28	55
152	19	21	72
153	19	36	99
154	19	21	77
155	19	20	30
156	19	22	94
157	20	23	70
158	20	27	29
159	20	26	45
160	20	24	54
161	20	22	30
162	20	22	27
163	21	22	22
164	21	24	15
165	21	23	86
166	21	25	71
167	21	23	61
168	22	28	44
169	22	27	37
170	22	30	72
171	22	24	55
172	22	23	77
173	22	37	25
174	22	23	71
175	22	24	83
176	23	24	52
177	23	27	92
178	23	33	37
179	23	32	19
180	23	26	41
181	23	24	65
182	23	29	55
183	23	24	31
184	23	26	74
185	24	27	41
186	24	26	15
187	24	37	67
188	24	36	79
189	24	25	16
190	24	31	49
191	24	25	17
192	24	27	14
193	24	28	58
194	25	27	36
195	25	36	42
196	25	26	35
197	26	27	57
198	26	54	18
199	26	28	30
200	26	27	33
201	26	33	88
202	26	28	68
203	27	31	55
204	27	32	60
205	27	28	21
206	27	29	15
207	27	36	60
208	27	35	39
209	27	29	40
210	27	32	68
211	28	29	39
212	28	30	90
213	28	29	17
214	28	31	53
215	28	34	53
216	28	30	91
217	29	35	58
218	29	31	43
219	29	33	65
220	29	31	81
221	29	34	72
222	30	31	46
223	30	32	78
224	30	33	80
225	30	40	75
226	31	36	95
227	31	37	16
228	31	43	54
229	31	33	27
230	31	38	44
231	31	33	41
232	31	46	75
233	31	34	75
234	32	34	74
235	32	33	40
236	32	33	47
237	32	33	21
238	33	34	66
239	33	35	58
240	33	40	36
241	33	41	71
242	33	36	26
243	33	35	78
244	33	38	65
245	33	34	94
246	33	42	33
247	34	35	23
248	34	39	20
249	34	38	70
250	34	40	19
251	34	39	60
252	34	37	58
253	35	39	25
254	35	36	17
255	35	37	24
256	35	36	77
257	35	41	13
258	35	38	49
259	36	37	77
260	36	43	26
261	36	40	53
262	36	43	41
263	36	41	81
264	36	44	78
265	36	39	11
266	36	40	34
267	37	45	33
268	37	46	74
269	37	41	72
270	37	38	32
271	37	38	81
272	37	40	58
273	38	43	26
274	38	39	13
275	38	39	77
276	38	45	20
277	38	40	66
278	38	40	71
279	39	49	29
280	39	42	49
281	39	41	77
282	39	46	39
283	39	41	82
284	39	42	65
285	40	42	18
286	40	42	19
287	40	42	28
288	40	41	96
289	40	44	62
290	40	44	85
291	40	49	77
292	40	41	87
293	41	43	11
294	41	42	76
295	41	45	59
296	41	43	42
297	41	47	13
298	41	43	54
299	41	46	74
300	41	43	21
301	41	47	68
302	42	45	66
303	42	50	28
304	42	48	92
305	42	50	98
306	42	44	61
307	42	52	85
308	42	43	94
309	43	52	93
310	43	44	39
311	43	45	49
312	43	47	93
313	43	49	16
314	43	47	46
315	43	51	83
316	43	46	43
317	43	48	22
318	44	53	34
319	44	51	90
320	44	53	44
321	44	47	53
322	44	45	63
323	45	48	52
324	45	52	18
325	45	47	56
326	45	46	48
327	45	47	60
328	45	57	66
329	46	50	79
330	46	47	79
331	46	56	18
332	46	47	100
333	46	48	50
334	46	49	58
335	47	51	63
336	47	49	70
337	47	49	29
338	47	49	16
339	47	60	34
340	47	49	52
341	47	60	48
342	47	53	25
343	47	55	79
344	48	56	52
345	48	51	78
346	48	50	68
347	48	60	95
348	49	54	56
349	49	55	93
350	49	55	45
351	49	55	12
352	49	52	19
353	49	55	87
354	49	51	88
355	49	51	32
356	50	52	45
357	50	54	55
358	50	59	15
359	50	51	59
360	51	52	61
361	51	53	46
362	51	58	32
363	51	52	89
364	51	56	93
365	51	52	92
366	51	61	85
367	52	55	94
368	52	65	63
369	52	56	13
370	52	68	76
371	52	54	55
372	52	61	40
373	52	53	85
374	52	53	85
375	53	58	21
376	53	57	30
377	53	54	91
378	53	64	31
379	53	56	68
380	53	54	46
381	54	65	22
382	54	59	25
383	54	55	52
384	54	57	20
385	54	57	85
386	54	57	96
387	55	56	55
388	55	61	31
389	55	61	73
390	55	56	51
391	55	67	51
392	55	64	23
393	55	56	10
394	56	71	31
395	56	59	42
396	56	64	52
397	56	61	62
398	56	65	23
399	56	60	11
400	56	57	93
401	56	59	56
402	57	59	88
403	57	60	97
404	57	64	14
405	57	58	78
406	57	75	27
407	57	58	46
408	58	59	17
409	58	68	65
410	58	62	47
411	58	61	27
412	59	76	67
413	59	61	40
414	59	60	47
415	59	62	27
416	59	61	47
417	59	62	64
418	60	61	17
419	60	75	77
420	60	66	22
421	60	62	69
422	60	64	49
423	60	62	36
424	61	63	39
425	61	75	88
426	61	67	100
427	61	67	92
428	61	62	100
429	61	80	11
430	61	63	38
431	61	62	85
432	61	62	48
433	62	71	86
434	62	69	67
435	62	63	94
436	62	66	22
437	62	66	80
438	62	66	95
439	62	73	49
440	62	63	27
441	63	66	20
442	63	68	59
443	63	65	14
444	63	73	79
445	64	76	36
446	64	77	93
447	64	67	13
448	64	68	15
449	64	69	29
450	65	66	67
451	65	66	27
452	65	67	69
453	65	73	24
454	66	68	66
455	66	67	82
456	66	68	39
457	66	76	13
458	66	82	82
459	66	75	94
460	66	71	25
461	67	73	12
462	67	74	15
463	67	72	25
464	67	70	43
465	67	68	20
466	67	68	49
467	68	80	10
468	68	72	10
469	68	70	58
470	68	70	83
471	68	80	26
472	68	69	51
473	68	72	61
474	68	81	87
475	69	77	69
476	69	70	28
477	69	73	58
478	70	72	47
479	70	74	91
480	70	71	97
481	70	73	97
482	71	76	78
483	71	73	36
484	71	74	37
485	71	73	78
486	72	76	94
487	72	77	91
488	72	73	92
489	72	85	77
490	73	75	93
491	73	76	90
492	73	79	56
493	73	79	24
494	73	76	23
495	73	75	12
496	73	75	63
497	73	75	57
498	73	75	51
499	74	84	35
500	74	79	28
501	74	85	79
502	75	77	68
503	75	84	53
504	75	83	10
505	75	81	95
506	75	80	65
507	75	87	36
508	75	78	55
509	75	76	71
510	75	76	72
511	76	84	73
512	76	77	27
513	76	78	90
514	76	78	77
515	76	78	50
516	76	90	61
517	76	77	15
518	76	85	14
519	76	91	58
520	77	82	38
521	77	79	95
522	77	81	69
523	77	78	16
524	77	81	47
525	77	81	14
526	78	80	50
527	78	81	26
528	78	80	26
529	78	85	32
530	78	86	17
531	79	85	43
532	79	81	44
533	79	84	20
534	79	84	33
535	80	85	28
536	80	89	71
537	80	82	62
538	80	81	14
539	80	81	52
540	80	85	24
541	81	84	57
542	81	89	43
543	81	83	32
544	81	86	86
545	81	83	25
546	81	83	93
547	81	92	17
548	81	89	96
549	81	94	75
550	82	86	79
551	82	88	63
552	82	84	46
553	83	90	93
554	83	84	23
555	83	84	97
556	83	88	55
557	84	93	42
558	84	92	68
559	84	92	68
560	84	91	18
561	84	88	47
562	84	87	46
563	84	91	67
564	84	85	93
565	84	89	17
566	85	93	32
567	85	90	36
568	85	91	71
569	85	86	57
570	85	87	51
571	85	101	48
572	85	89	77
573	85	87	54
574	86	90	49
575	86	94	54
576	86	90	90
577	86	91	89
578	87	91	61
579	87	88	56
580	87	88	11
581	87	88	49
582	88	103	77
583	88	94	95
584	88	100	30
585	88	93	86
586	88	96	83
587	88	89	97
588	89	96	31
589	89	90	79
590	89	92	50
591	89	93	34
592	89	91	44
593	89	94	16
594	90	91	83
595	90	92	47
596	90	100	38
597	90	99	50
598	90	97	57
599	90	91	65
600	91	93	93
601	91	92	89
602	91	92	21
603	91	94	76
604	91	92	77
605	91	101	46
606	91	105	57
607	91	92	45
608	91	93	30
609	92	96	35
610	92	95	78
611	92	105	34
612	92	95	27
613	92	98	85
614	92	94	94
615	92	100	53
616	92	97	83
617	92	104	74
618	93	97	81
619	93	95	39
620	93	98	25
621	93	95	88
622	93	101	73
623	93	95	82
624	94	111	18
625	94	104	43
626	94	95	53
627	94	110	23
628	94	95	33
629	94	95	83
630	95	98	77
631	95	101	100
632	95	96	42
633	95	99	86
634	95	97	35
635	95	98	66
636	95	105	74
637	95	97	86
638	96	97	48
639	96	106	74
640	96	97	12
641	96	106	49
642	97	105	13
643	97	103	61
644	97	102	22
645	97	100	58
646	97	98	94
647	97	101	15
648	97	100	30
649	98	102	81
650	98	102	52
651	98	102	61
652	98	99	81
653	98	103	41
654	99	105	29
655	99	103	42
656	99	102	29
657	100	104	59
658	100	102	76
659	100	107	19
660	100	104	10
661	100	103	73
662	101	108	77
663	101	103	55
664	101	103	26
665	101	104	64
666	101	104	36
667	102	104	56
668	102	113	15
669	102	108	50
670	102	103	95
671	102	106	49
672	102	103	28
673	103	108	49
674	103	104	45
675	103	106	86
676	103	105	34
677	103	105	26
678	103	114	70
679	103	104	64
680	103	109	45
681	103	106	25
682	104	106	11
683	104	114	13
684	104	106	55
685	104	106	73
686	104	109	68
687	104	107	73
688	104	106	80
689	104	105	75
690	104	109	92
691	105	114	84
692	105	108	41
693	105	114	97
694	105	119	36
695	105	111	90
696	105	110	31
697	105	111	27
698	105	109	26
699	106	107	89
700	106	109	50
701	106	115	83
702	106	107	81
703	106	107	45
704	106	107	92
705	106	118	48
706	106	112	34
707	106	108	62
708	107	112	15
709	107	111	45
710	107	110	78
711	107	109	11
712	107	111	45
713	107	108	12
714	108	114	69
715	108	124	23
716	108	116	17
717	108	109	82
718	108	109	83
719	108	109	79
720	109	110	80
721	109	111	98
722	109	118	23
723	109	114	67
724	109	110	64
725	109	112	15
726	109	118	26
727	109	116	11
728	109	111	75
729	110	114	82
730	110	111	51
731	110	121	14
732	110	120	34
733	110	125	70
734	111	113	72
735	111	113	54
736	111	128	96
737	111	126	72
738	111	112	93
739	111	120	13
740	111	112	20
741	111	122	89
742	112	113	13
743	112	118	23
744	112	115	31
745	112	113	50
746	112	115	82
747	113	116	26
748	113	117	89
749	113	116	14
750	113	116	52
751	113	117	44
752	114	119	30
753	114	117	49
754	114	124	73
755	114	123	99
756	114	131	38
757	114	115	84
758	114	117	20
759	115	118	92
760	115	120	47
761	115	124	60
762	115	120	36
763	116	122	49
764	116	118	17
765	116	119	63
766	116	121	57
767	116	117	69
768	117	123	55
769	117	120	34
770	117	121	59
771	117	122	75
772	117	127	93
773	118	127	25
774	118	123	37
775	118	120	95
776	118	136	93
777	118	130	64
778	118	121	69
779	119	126	74
780	119	121	42
781	119	124	31
782	120	142	46
783	120	124	55
784	120	121	22
785	120	124	41
786	120	128	98
787	120	127	22
788	121	131	15
789	121	122	66
790	121	122	83
791	121	124	41
792	121	125	60
793	121	125	67
794	122	127	94
795	122	125	50
796	122	135	45
797	122	131	32
798	122	123	10
799	123	130	73
800	123	124	60
801	123	126	34
802	123	129	52
803	124	129	97
804	124	126	15
805	124	127	10
806	124	137	28
807	124	126	34
808	124	130	49
809	124	125	71
810	124	132	54
811	125	133	10
812	125	126	23
813	125	134	11
814	125	137	45
815	125	126	14
816	126	133	59
817	126	128	77
818	126	129	14
819	126	131	59
820	126	132	44
821	126	139	46
822	126	127	20
823	127	128	34
824	127	132	13
825	127	132	25
826	127	128	74
827	127	128	44
828	127	128	78
829	128	129	36
830	128	146	87
831	128	130	59
832	128	135	18
833	128	134	85
834	128	133	90
835	128	129	32
836	129	131	86
837	129	130	100
838	129	131	66
839	129	130	11
840	129	134	89
841	130	137	70
842	130	135	54
843	130	133	53
844	130	131	69
845	130	132	94
846	130	132	22
847	131	133	82
848	131	137	55
849	131	134	90
850	131	132	47
851	131	135	67
852	131	134	71
853	131	133	55
854	132	134	88
855	132	136	59
856	132	141	87
857	132	138	31
858	132	134	82
859	132	146	78
860	132	135	69
861	133	138	35
862	133	136	97
863	133	143	25
864	133	143	19
865	133	134	31
866	133	147	22
867	134	137	79
868	134	137	13
869	134	142	79
870	134	138	38
871	134	135	16
872	134	137	25
873	134	138	85
874	134	135	11
875	135	141	63
876	135	138	61
877	135	137	73
878	135	139	46
879	135	140	69
880	135	137	90
881	135	144	82
882	136	142	24
883	136	141	78
884	136	147	55
885	137	139	81
886	137	151	67
887	137	151	10
888	137	139	21
889	137	138	16
890	137	138	59
891	137	158	89
892	137	138	62
893	137	139	92
894	138	145	95
895	138	144	48
896	138	143	78
897	138	141	49
898	138	139	54
899	138	139	16
900	138	145	97
901	138	140	95
902	139	141	98
903	139	150	36
904	139	140	43
905	139	140	41
906	139	149	35
907	139	142	68
908	139	141	35
909	140	144	97
910	140	142	16
911	140	142	70
912	140	142	87
913	141	144	68
914	141	142	62
915	141	144	41
916	141	144	55
917	141	144	89
918	141	142	39
919	142	145	75
920	142	155	81
921	142	143	78
922	142	144	26
923	142	143	24
924	142	144	20
925	142	145	90
926	142	148	66
927	142	152	19
928	143	149	88
929	143	148	76
930	143	149	20
931	143	147	57
932	143	149	36
933	144	152	32
934	144	155	41
935	144	151	63
936	144	145	56
937	144	150	31
938	144	154	64
939	144	150	10
940	144	146	32
941	144	153	35
942	145	148	77
943	145	171	62
944	145	147	49
945	145	146	59
946	145	146	13
947	146	154	80
948	146	152	98
949	146	150	33
950	146	148	74
951	146	151	47
952	147	156	96
953	147	152	47
954	147	150	100
955	147	148	100
956	148	153	82
957	148	159	84
958	148	154	88
959	148	166	24
960	148	154	55
961	149	153	23
962	149	157	44
963	149	154	56
964	149	165	47
965	150	152	37
966	150	161	47
967	150	160	91
968	150	151	69
969	150	158	75
970	151	156	28
971	151	152	17
972	151	153	20
973	151	156	43
974	151	161	44
975	152	164	31
976	152	153	59
977	152	153	78
978	152	156	71
979	152	157	44
980	152	153	63
981	153	168	78
982	153	159	57
983	153	155	16
984	153	161	50
985	153	155	31
986	153	155	28
987	153	158	76
988	154	174	98
989	154	157	31
990	154	161	30
991	154	155	52
992	154	161	85
993	155	160	91
994	155	157	58
995	155	159	45
996	155	156	95
997	155	158	60
998	155	162	67
999	156	162	20
1000	156	159	68
1001	156	158	94
1002	156	158	40
1003	156	161	47
1004	157	168	39
1005	157	159	89
1006	157	160	61
1007	157	160	70
1008	158	161	27
1009	158	159	38
1010	158	159	84
1011	158	159	64
1012	158	160	88
1013	158	159	93
1014	159	172	56
1015	159	162	57
1016	159	163	54
1017	159	170	41
1018	159	162	25
1019	159	169	84
1020	159	167	42
1021	159	165	86
1022	159	161	70
1023	160	162	97
1024	160	162	70
1025	160	164	18
1026	160	164	78
1027	160	162	61
1028	161	166	31
1029	161	168	91
1030	161	162	100
1031	161	162	11
1032	161	163	67
1033	161	164	10
1034	161	176	36
1035	161	167	23
1036	162	166	50
1037	162	167	38
1038	162	165	20
1039	162	163	76
1040	162	164	53
1041	162	166	44
1042	162	163	74
1043	162	164	89
1044	162	184	30
1045	163	168	38
1046	163	167	48
1047	163	170	69
1048	163	177	10
1049	164	165	93
1050	164	165	96
1051	164	169	74
1052	164	170	44
1053	164	167	41
1054	164	171	86
1055	165	166	59
1056	165	167	18
1057	165	166	80
1058	165	172	45
1059	165	171	52
1060	166	167	11
1061	166	171	89
1062	166	170	31
1063	166	168	63
1064	166	170	69
1065	166	167	15
1066	167	168	47
1067	167	168	92
1068	167	168	93
1069	167	169	52
1070	167	168	88
1071	167	172	39
1072	167	170	41
1073	167	170	24
1074	168	171	72
1075	168	169	53
1076	168	175	36
1077	168	169	81
1078	168	171	20
1079	168	171	43
1080	168	172	95
1081	168	170	100
1082	168	169	18
1083	169	170	64
1084	169	171	53
1085	169	174	41
1086	169	172	65
1087	169	176	13
1088	169	180	26
1089	170	171	41
1090	170	174	75
1091	170	178	46
1092	170	175	69
1093	170	172	27
1094	170	176	99
1095	170	179	73
1096	170	177	63
1097	170	172	32
1098	171	173	85
1099	171	182	94
1100	171	180	39
1101	171	173	10
1102	171	175	57
1103	171	172	32
1104	171	176	87
1105	171	192	69
1106	171	172	90
1107	172	173	93
1108	172	187	52
1109	172	184	79
1110	172	175	28
1111	172	177	69
1112	172	175	52
1113	172	173	86
1114	172	174	68
1115	172	175	19
1116	173	174	34
1117	173	177	54
1118	173	177	66
1119	173	174	42
1120	174	180	93
1121	174	181	66
1122	174	180	92
1123	174	176	92
1124	174	185	79
1125	174	183	37
1126	175	184	22
1127	175	176	39
1128	175	182	67
1129	175	177	80
1130	175	176	89
1131	175	179	68
1132	176	178	26
1133	176	181	49
1134	176	180	87
1135	176	183	46
1136	176	178	14
1137	176	180	22
1138	176	187	70
1139	177	178	54
1140	177	182	37
1141	177	186	12
1142	177	180	61
1143	177	187	32
1144	177	179	51
1145	178	187	48
1146	178	179	97
1147	178	184	48
1148	178	198	36
1149	179	181	50
1150	179	180	77
1151	179	188	48
1152	179	182	36
1153	180	181	12
1154	180	189	45
1155	180	186	26
1156	180	184	82
1157	180	190	10
1158	180	182	48
1159	180	185	23
1160	180	183	71
1161	181	188	65
1162	181	183	78
1163	181	184	53
1164	181	194	98
1165	182	186	50
1166	182	184	69
1167	182	190	86
1168	182	187	85
1169	182	185	66
1170	183	184	38
1171	183	186	64
1172	183	188	43
1173	183	189	19
1174	184	187	10
1175	184	185	21
1176	184	191	18
1177	184	191	17
1178	184	187	35
1179	184	187	15
1180	184	186	98
1181	184	188	71
1182	185	186	67
1183	185	186	22
1184	185	186	37
1185	185	195	61
1186	186	189	33
1187	186	192	80
1188	186	188	36
1189	186	192	95
1190	186	191	71
1191	186	189	33
1192	186	192	78
1193	186	190	13
1194	187	188	84
1195	187	191	81
1196	187	191	31
1197	187	189	73
1198	187	191	73
1199	187	190	35
1200	187	189	46
1201	187	190	46
1202	188	190	12
1203	188	194	74
1204	188	189	20
1205	188	196	78
1206	188	189	28
1207	188	194	27
1208	189	198	22
1209	189	191	88
1210	189	195	98
1211	189	190	41
1212	189	196	86
1213	189	193	13
1214	189	192	23
1215	189	190	40
1216	190	198	11
1217	190	195	37
1218	190	197	89
1219	190	193	100
1220	190	207	74
1221	190	192	75
1222	190	193	54
1223	190	193	55
1224	191	197	93
1225	191	210	29
1226	191	192	41
1227	191	192	90
1228	191	193	49
1229	191	192	83
1230	191	194	72
1231	192	193	73
1232	192	193	63
1233	192	194	58
1234	192	193	20
1235	192	193	23
1236	192	195	21
1237	192	199	57
1238	192	194	91
1239	192	200	33
1240	193	196	89
1241	193	194	96
1242	193	194	16
1243	193	194	79
1244	193	200	56
1245	193	201	18
1246	193	196	12
1247	193	195	92
1248	193	195	56
1249	194	197	62
1250	194	206	54
1251	194	198	33
1252	194	199	70
1253	194	199	99
1254	194	202	83
1255	194	201	72
1256	194	195	19
1257	194	195	25
1258	195	198	57
1259	195	197	39
1260	195	198	20
1261	195	201	50
1262	195	198	44
1263	195	209	92
1264	195	200	54
1265	195	201	24
1266	196	200	84
1267	196	203	45
1268	196	197	87
1269	196	200	23
1270	197	198	94
1271	197	202	39
1272	197	210	25
1273	197	199	44
1274	197	198	23
1275	198	203	59
1276	198	223	41
1277	198	202	56
1278	198	200	14
1279	198	203	81
1280	198	200	64
1281	198	203	44
1282	198	200	35
1283	198	200	99
1284	199	202	57
1285	199	201	39
1286	199	203	39
1287	199	201	79
1288	200	203	53
1289	200	201	22
1290	200	206	67
1291	200	213	47
1292	200	203	78
1293	200	205	29
1294	200	202	71
1295	200	202	88
1296	200	202	20
1297	201	209	49
1298	201	213	44
1299	201	204	70
1300	201	205	90
1301	201	202	19
1302	201	204	12
1303	201	204	27
1304	202	206	10
1305	202	206	47
1306	202	205	22
1307	202	203	35
1308	202	209	12
1309	202	207	86
1310	202	207	97
1311	202	203	88
1312	203	220	51
1313	203	204	90
1314	203	217	72
1315	203	208	48
1316	203	206	100
1317	203	204	48
1318	203	205	73
1319	203	207	68
1320	203	213	88
1321	204	215	30
1322	204	211	95
1323	204	213	56
1324	204	214	98
1325	204	207	88
1326	205	212	22
1327	205	209	54
1328	205	211	55
1329	205	207	53
1330	206	227	22
1331	206	207	57
1332	206	218	62
1333	206	218	31
1334	206	207	14
1335	207	208	79
1336	207	212	58
1337	207	208	18
1338	207	220	63
1339	207	213	26
1340	207	209	95
1341	207	209	87
1342	207	208	58
1343	208	210	100
1344	208	210	23
1345	208	210	32
1346	208	212	91
1347	209	216	23
1348	209	211	52
1349	209	216	95
1350	209	211	91
1351	209	222	24
1352	209	210	49
1353	210	218	63
1354	210	212	84
1355	210	211	20
1356	210	211	32
1357	210	213	86
1358	210	217	79
1359	211	212	68
1360	211	213	65
1361	211	217	51
1362	211	212	38
1363	211	213	28
1364	211	215	72
1365	212	217	15
1366	212	213	60
1367	212	218	95
1368	212	218	69
1369	212	214	65
1370	212	217	69
1371	213	216	71
1372	213	221	70
1373	213	230	18
1374	213	223	63
1375	213	217	15
1376	213	214	54
1377	213	214	67
1378	213	215	16
1379	213	225	57
1380	214	216	57
1381	214	215	51
1382	214	215	63
1383	214	222	31
1384	215	219	21
1385	215	223	41
1386	215	217	41
1387	215	220	56
1388	215	217	11
1389	216	233	97
1390	216	219	22
1391	216	217	23
1392	216	221	55
1393	217	221	55
1394	217	228	26
1395	217	231	34
1396	217	222	55
1397	217	219	34
1398	217	219	60
1399	217	219	67
1400	217	218	47
1401	217	218	24
1402	218	223	56
1403	218	221	32
1404	218	225	70
1405	218	219	33
1406	218	224	76
1407	218	225	100
1408	218	224	68
1409	219	225	20
1410	219	220	69
1411	219	221	85
1412	219	220	61
1413	219	221	76
1414	219	232	52
1415	220	221	84
1416	220	226	99
1417	220	223	68
1418	220	221	92
1419	220	221	17
1420	221	227	95
1421	221	222	80
1422	221	222	13
1423	221	229	97
1424	221	223	23
1425	221	228	71
1426	221	231	96
1427	221	224	96
1428	221	225	71
1429	222	229	53
1430	222	237	67
1431	222	229	76
1432	222	224	84
1433	222	223	79
1434	223	229	62
1435	223	224	30
1436	223	225	50
1437	223	227	90
1438	223	229	90
1439	223	235	73
1440	223	231	65
1441	224	227	89
1442	224	229	76
1443	224	227	58
1444	224	232	26
1445	224	225	34
1446	225	231	51
1447	225	230	73
1448	225	230	14
1449	225	228	63
1450	225	227	78
1451	225	226	37
1452	225	226	43
1453	226	250	94
1454	226	229	40
1455	226	228	93
1456	227	230	71
1457	227	239	35
1458	227	231	98
1459	227	230	82
1460	227	235	78
1461	227	232	34
1462	228	229	65
1463	228	230	15
1464	228	233	100
1465	228	234	68
1466	229	232	11
1467	229	230	100
1468	229	233	69
1469	229	230	78
1470	229	242	84
1471	229	236	100
1472	229	231	43
1473	229	235	15
1474	230	233	78
1475	230	239	12
1476	230	236	97
1477	230	234	84
1478	230	235	25
1479	230	244	78
1480	230	233	36
1481	230	234	49
1482	231	232	19
1483	231	237	54
1484	231	236	90
1485	231	233	22
1486	231	233	76
1487	231	233	14
1488	232	236	100
1489	232	235	38
1490	232	234	52
1491	232	233	14
1492	232	236	14
1493	233	241	51
1494	233	234	38
1495	233	237	70
1496	233	236	79
1497	233	238	88
1498	233	234	25
1499	233	238	99
1500	233	238	73
1501	233	237	45
1502	234	235	26
1503	234	239	82
1504	234	237	100
1505	234	235	78
1506	234	244	82
1507	234	237	68
1508	235	244	37
1509	235	246	97
1510	235	242	51
1511	235	238	97
1512	235	239	76
1513	235	239	26
1514	235	246	36
1515	236	248	16
1516	236	237	10
1517	236	238	97
1518	236	241	16
1519	236	242	18
1520	236	258	20
1521	237	241	15
1522	237	244	73
1523	237	240	26
1524	237	238	36
1525	237	238	48
1526	237	240	49
1527	237	246	31
1528	238	243	41
1529	238	241	70
1530	238	252	29
1531	238	243	63
1532	238	240	21
1533	238	246	55
1534	238	242	78
1535	239	252	12
1536	239	244	45
1537	239	240	28
1538	239	244	37
1539	239	241	90
1540	240	243	81
1541	240	241	35
1542	240	243	18
1543	240	252	26
1544	241	245	41
1545	241	250	10
1546	241	246	65
1547	241	243	53
1548	241	242	37
1549	241	245	11
1550	242	246	92
1551	242	247	10
1552	242	253	22
1553	242	262	55
1554	242	245	99
1555	243	248	56
1556	243	247	96
1557	243	248	17
1558	243	244	72
1559	243	244	82
1560	244	246	62
1561	244	245	21
1562	244	251	52
1563	244	246	22
1564	244	249	42
1565	244	247	74
1566	244	245	43
1567	244	246	63
1568	245	248	76
1569	245	247	47
1570	245	249	50
1571	245	247	10
1572	245	247	93
1573	246	248	59
1574	246	250	77
1575	246	247	39
1576	246	247	33
1577	246	260	26
1578	246	254	31
1579	246	263	98
1580	246	249	30
1581	246	247	14
1582	247	248	31
1583	247	250	66
1584	247	254	93
1585	247	250	81
1586	247	248	54
1587	247	259	63
1588	247	253	47
1589	247	251	86
1590	247	254	11
1591	248	256	36
1592	248	251	62
1593	248	250	52
1594	248	252	29
1595	248	250	11
1596	248	257	13
1597	248	266	73
1598	249	251	82
1599	249	259	38
1600	249	253	92
1601	250	254	73
1602	250	259	47
1603	250	251	54
1604	250	254	25
1605	250	251	39
1606	250	253	35
1607	250	257	31
1608	251	252	41
1609	251	252	73
1610	251	254	50
1611	251	256	22
1612	251	266	39
1613	251	258	63
1614	252	254	74
1615	252	253	97
1616	252	253	72
1617	252	258	30
1618	252	254	65
1619	252	258	61
1620	253	254	41
1621	253	256	53
1622	253	255	99
1623	253	256	46
1624	253	255	41
1625	253	257	73
1626	254	256	79
1627	254	255	70
1628	254	258	70
1629	254	256	12
1630	254	258	80
1631	254	258	18
1632	254	263	92
1633	254	257	100
1634	254	260	67
1635	255	258	73
1636	255	257	23
1637	255	256	36
1638	256	259	52
1639	256	259	92
1640	256	263	75
1641	256	260	68
1642	256	277	56
1643	256	262	25
1644	256	265	15
1645	257	269	45
1646	257	259	25
1647	257	260	82
1648	257	263	39
1649	257	262	81
1650	258	260	58
1651	258	259	18
1652	258	261	26
1653	258	261	72
1654	258	261	57
1655	258	259	25
1656	258	259	94
1657	258	265	12
1658	259	260	29
1659	259	260	50
1660	259	263	73
1661	259	262	43
1662	259	270	17
1663	259	260	96
1664	259	260	91
1665	259	268	65
1666	259	262	35
1667	260	261	18
1668	260	262	40
1669	260	267	12
1670	260	264	100
1671	260	263	19
1672	260	265	50
1673	260	262	43
1674	260	262	75
1675	260	261	60
1676	261	269	10
1677	261	270	98
1678	261	264	30
1679	261	263	97
1680	261	263	83
1681	262	264	74
1682	262	266	52
1683	262	265	38
1684	262	266	57
1685	262	264	92
1686	262	264	34
1687	262	263	50
1688	262	267	31
1689	263	274	67
1690	263	266	98
1691	263	268	83
1692	263	264	76
1693	263	273	50
1694	263	266	52
1695	263	275	64
1696	263	280	73
1697	263	281	68
1698	264	265	66
1699	264	265	89
1700	264	272	23
1701	264	270	29
1702	264	266	73
1703	264	273	76
1704	265	273	44
1705	265	266	90
1706	265	267	40
1707	265	270	69
1708	265	270	70
1709	265	266	17
1710	266	271	85
1711	266	272	60
1712	266	270	41
1713	266	269	20
1714	266	270	79
1715	266	267	88
1716	266	269	75
1717	266	277	99
1718	266	272	17
1719	267	268	25
1720	267	271	47
1721	267	269	60
1722	267	270	31
1723	268	273	13
1724	268	271	23
1725	268	273	79
1726	269	272	72
1727	269	279	99
1728	269	270	60
1729	269	275	23
1730	269	271	11
1731	270	282	65
1732	270	271	23
1733	270	277	56
1734	270	278	44
1735	270	272	77
1736	270	272	78
1737	270	288	42
1738	270	276	60
1739	270	272	89
1740	271	276	59
1741	271	273	40
1742	271	274	64
1743	271	275	35
1744	271	273	79
1745	272	279	18
1746	272	273	76
1747	272	278	91
1748	272	273	50
1749	272	289	44
1750	272	276	73
1751	272	274	29
1752	273	279	42
1753	273	275	16
1754	273	281	38
1755	273	277	62
1756	273	281	65
1757	273	275	15
1758	273	276	56
1759	273	284	16
1760	273	275	35
1761	274	275	47
1762	274	275	59
1763	274	277	67
1764	275	289	95
1765	275	279	55
1766	275	278	71
1767	275	277	95
1768	275	278	39
1769	275	278	89
1770	275	281	82
1771	275	276	71
1772	276	277	24
1773	276	281	38
1774	276	282	44
1775	276	283	21
1776	276	278	16
1777	277	282	85
1778	277	278	59
1779	277	286	98
1780	277	283	32
1781	277	278	93
1782	277	285	88
1783	277	278	47
1784	278	284	21
1785	278	281	28
1786	278	280	53
1787	278	280	90
1788	278	283	57
1789	278	283	93
1790	278	279	72
1791	278	284	74
1792	278	280	13
1793	279	285	53
1794	279	307	69
1795	279	288	42
1796	279	286	10
1797	279	280	87
1798	280	286	46
1799	280	281	42
1800	280	283	41
1801	280	283	73
1802	280	286	29
1803	281	291	35
1804	281	284	17
1805	281	290	74
1806	281	282	98
1807	281	282	98
1808	281	285	51
1809	281	283	56
1810	282	287	49
1811	282	285	47
1812	282	283	49
1813	282	283	17
1814	282	308	40
1815	283	292	68
1816	283	289	81
1817	283	284	23
1818	283	296	97
1819	283	294	36
1820	283	284	50
1821	283	285	98
1822	283	284	15
1823	283	284	74
1824	284	287	77
1825	284	286	50
1826	284	288	54
1827	284	285	21
1828	284	285	87
1829	284	286	40
1830	284	285	36
1831	284	285	76
1832	285	287	68
1833	285	292	87
1834	285	288	12
1835	285	289	38
1836	285	307	70
1837	285	287	18
1838	285	287	15
1839	285	291	74
1840	285	298	80
1841	286	288	24
1842	286	288	77
1843	286	288	71
1844	286	288	75
1845	286	294	64
1846	286	298	95
1847	287	290	94
1848	287	290	38
1849	287	288	13
1850	287	290	14
1851	287	289	21
1852	288	291	95
1853	288	292	92
1854	288	293	37
1855	288	291	16
1856	288	303	51
1857	288	294	59
1858	288	293	43
1859	288	291	48
1860	288	294	88
1861	289	292	41
1862	289	297	31
1863	289	298	17
1864	289	295	37
1865	289	291	52
1866	290	306	68
1867	290	296	93
1868	290	304	62
1869	290	294	34
1870	291	292	49
1871	291	294	22
1872	291	302	17
1873	291	293	96
1874	291	296	80
1875	291	294	10
1876	292	303	56
1877	292	293	19
1878	292	300	47
1879	292	293	14
1880	292	303	73
1881	293	297	12
1882	293	301	97
1883	293	294	89
1884	293	294	49
1885	293	302	43
1886	294	302	33
1887	294	295	66
1888	294	295	25
1889	294	297	90
1890	294	298	63
1891	294	295	56
1892	294	308	84
1893	294	305	68
1894	294	303	97
1895	295	296	30
1896	295	296	48
1897	295	296	79
1898	295	301	37
1899	296	302	67
1900	296	300	40
1901	296	299	73
1902	296	320	95
1903	296	299	40
1904	296	302	49
1905	297	299	25
1906	297	302	75
1907	297	304	97
1908	298	310	41
1909	298	303	27
1910	298	302	58
1911	298	305	94
1912	299	300	99
1913	299	310	26
1914	299	300	15
1915	300	304	95
1916	300	301	52
1917	300	301	94
1918	300	302	74
