1182	100	0	0
0	1	4	79
1	1	2	77
2	1	8	83
3	1	6	12
4	1	7	14
5	1	2	35
6	1	3	84
7	1	27	27
8	1	12	72
9	1	13	80
10	1	19	17
11	1	14	44
12	1	20	14
13	1	15	39
14	1	9	93
15	1	13	59
16	1	10	30
17	1	12	62
18	1	25	68
19	1	5	19
20	1	6	95
21	1	4	75
22	1	2	47
23	1	15	92
24	1	3	10
25	2	45	32
26	2	22	60
27	2	11	91
28	3	9	41
29	3	4	10
30	4	11	99
31	4	23	19
32	4	5	29
33	5	14	31
34	5	41	74
35	6	19	80
36	6	7	19
37	7	8	13
38	7	16	69
39	8	20	12
40	8	10	41
41	9	33	86
42	9	27	44
43	10	16	92
44	10	11	76
45	11	12	61
46	11	28	55
47	11	37	13
48	12	21	28
49	12	22	52
50	12	32	63
51	13	17	99
52	13	41	74
53	14	23	30
54	14	16	70
55	15	19	65
56	15	20	37
57	16	18	37
58	16	17	12
59	16	52	57
60	17	18	44
61	17	30	80
62	18	24	61
63	18	21	59
64	19	31	19
65	19	26	19
66	19	35	100
67	20	22	90
68	20	21	17
69	20	33	21
70	21	31	85
71	21	29	98
72	21	24	83
73	22	25	91
74	22	35	58
75	22	54	22
76	23	64	88
77	23	33	88
78	24	31	97
79	24	29	20
80	25	26	89
81	25	38	55
82	26	30	24
83	26	27	22
84	27	34	88
85	27	38	16
86	27	28	77
87	28	43	64
88	28	49	21
89	29	39	10
90	29	72	19
91	30	88	55
92	30	47	82
93	31	46	38
94	31	32	28
95	31	45	43
96	32	34	83
97	32	37	21
98	33	36	29
99	33	36	49
100	33	39	79
101	34	40	64
102	34	44	43
103	35	40	50
104	35	57	56
105	36	61	15
106	36	48	16
107	37	56	38
108	37	62	33
109	38	53	73
110	38	42	48
111	39	44	33
112	39	51	42
113	40	60	63
114	40	42	80
115	41	49	88
116	41	46	93
117	42	43	62
118	42	47	74
119	43	66	56
120	43	55	73
121	44	57	14
122	44	45	30
123	45	48	82
124	45	58	34
125	45	64	12
126	46	51	76
127	46	50	18
128	47	55	46
129	47	58	13
130	48	50	74
131	48	54	60
132	49	50	74
133	49	60	100
134	50	52	28
135	50	77	19
136	50	66	64
137	51	59	96
138	51	53	45
139	52	72	41
140	52	63	52
141	53	75	45
142	53	70	78
143	54	61	25
144	54	57	88
145	55	56	61
146	55	67	14
147	56	62	20
148	56	74	77
149	57	59	23
150	57	68	47
151	57	65	93
152	58	82	32
153	58	109	33
154	59	73	93
155	59	73	65
156	60	76	58
157	60	65	25
158	61	63	24
159	61	64	33
160	62	74	19
161	62	83	78
162	63	75	13
163	63	67	30
164	64	65	82
165	64	66	60
166	64	90	27
167	65	73	66
168	65	70	23
169	65	83	55
170	66	68	12
171	66	69	41
172	66	72	46
173	67	84	23
174	67	76	98
175	68	69	40
176	68	87	65
177	69	86	34
178	69	71	29
179	70	71	10
180	70	75	97
181	71	107	13
182	71	93	78
183	72	81	42
184	72	80	91
185	72	85	56
186	73	86	60
187	73	90	93
188	73	80	32
189	74	78	22
190	74	79	40
191	75	84	67
192	75	77	23
193	75	78	24
194	76	79	60
195	76	111	68
196	77	92	70
197	77	101	66
198	78	99	48
199	78	90	46
200	79	105	52
201	79	81	56
202	80	86	43
203	80	85	56
204	81	82	63
205	81	102	43
206	82	89	95
207	82	87	52
208	83	108	82
209	83	91	59
210	84	100	91
211	84	95	69
212	85	107	38
213	85	88	65
214	86	98	85
215	86	91	48
216	86	92	97
217	87	98	74
218	87	102	66
219	88	92	85
220	88	89	16
221	89	104	35
222	89	94	40
223	90	97	63
224	90	107	71
225	90	109	91
226	91	96	75
227	91	93	77
228	92	96	93
229	92	95	58
230	92	96	88
231	93	99	29
232	93	94	84
233	94	97	77
234	94	127	87
235	95	97	81
236	95	101	80
237	96	125	50
238	96	109	72
239	96	123	96
240	97	105	59
241	97	110	20
242	97	106	56
243	98	111	18
244	98	119	58
245	99	100	22
246	99	115	58
247	100	106	76
248	100	103	67
249	101	103	59
250	101	119	72
251	102	112	56
252	102	104	87
253	103	105	84
254	103	108	20
255	104	113	76
256	104	113	11
257	105	113	14
258	105	115	14
259	105	106	81
260	106	108	44
261	106	114	61
262	106	125	39
263	107	121	51
264	107	110	32
265	107	133	18
266	108	117	98
267	108	110	41
268	108	149	71
269	109	139	65
270	109	116	26
271	109	117	54
272	110	111	31
273	110	122	87
274	110	112	54
275	111	124	43
276	111	140	27
277	111	112	17
278	112	123	83
279	112	114	88
280	112	115	10
281	113	126	94
282	113	120	99
283	113	129	90
284	114	119	22
285	114	116	28
286	115	118	61
287	115	139	79
288	115	126	37
289	116	124	31
290	116	117	11
291	117	118	65
292	117	134	78
293	117	121	19
294	118	120	87
295	118	136	82
296	119	130	20
297	119	148	46
298	119	122	31
299	120	148	24
300	120	123	12
301	121	157	32
302	121	138	39
303	122	134	62
304	122	129	93
305	123	128	76
306	123	144	26
307	123	151	63
308	124	131	18
309	124	135	65
310	125	128	65
311	125	127	34
312	126	144	40
313	126	142	69
314	127	133	24
315	127	132	27
316	128	147	74
317	128	145	68
318	129	130	67
319	129	136	22
320	130	141	72
321	130	131	44
322	131	141	98
323	131	132	55
324	132	135	71
325	132	150	58
326	133	140	42
327	133	142	76
328	134	138	59
329	134	135	60
330	135	145	98
331	135	137	45
332	135	143	58
333	136	137	62
334	136	146	11
335	137	185	91
336	137	147	88
337	138	152	41
338	138	147	34
339	139	143	89
340	139	140	93
341	140	154	27
342	140	156	91
343	140	142	74
344	141	160	90
345	141	153	57
346	142	148	65
347	142	146	43
348	142	152	35
349	143	149	54
350	143	146	37
351	144	157	59
352	144	161	52
353	145	173	27
354	145	154	44
355	146	167	58
356	146	151	86
357	146	155	16
358	147	195	91
359	147	161	95
360	147	150	74
361	148	153	31
362	148	169	66
363	148	167	100
364	149	156	87
365	149	186	17
366	150	159	40
367	150	153	96
368	151	162	30
369	151	164	72
370	152	155	100
371	152	158	41
372	153	159	50
373	153	154	10
374	153	182	60
375	154	176	68
376	154	160	86
377	154	158	49
378	155	161	76
379	155	190	62
380	156	182	58
381	156	157	31
382	157	166	57
383	157	165	47
384	157	163	83
385	158	162	71
386	158	162	86
387	159	167	70
388	159	164	99
389	160	176	18
390	160	175	35
391	161	173	100
392	161	180	94
393	161	165	38
394	162	181	84
395	162	163	31
396	162	171	73
397	163	194	100
398	163	168	27
399	164	178	41
400	164	166	34
401	165	170	57
402	165	166	92
403	166	170	89
404	166	168	27
405	166	177	56
406	167	169	71
407	167	172	76
408	167	217	34
409	168	173	26
410	168	191	11
411	169	170	85
412	169	171	19
413	170	174	97
414	170	179	28
415	170	171	53
416	171	177	85
417	171	172	66
418	171	175	70
419	172	200	96
420	172	174	91
421	173	190	91
422	173	186	60
423	173	177	53
424	174	176	35
425	174	181	69
426	175	179	87
427	175	212	17
428	176	189	83
429	176	192	73
430	176	188	53
431	177	183	70
432	177	183	22
433	177	178	71
434	178	180	54
435	178	203	76
436	179	188	14
437	179	184	97
438	180	184	17
439	180	193	48
440	181	192	59
441	181	196	68
442	182	191	95
443	182	218	35
444	183	200	88
445	183	187	23
446	184	185	43
447	184	190	31
448	185	189	90
449	185	187	80
450	186	193	33
451	186	197	66
452	187	218	21
453	187	219	80
454	188	201	67
455	188	195	90
456	189	193	99
457	189	205	23
458	190	192	27
459	190	203	72
460	190	191	82
461	191	222	55
462	191	194	34
463	191	210	56
464	192	198	19
465	192	214	100
466	192	198	19
467	193	205	99
468	193	194	70
469	193	198	78
470	194	197	81
471	194	211	46
472	194	196	85
473	195	199	53
474	195	200	91
475	196	210	96
476	196	206	40
477	197	226	15
478	197	202	93
479	198	201	32
480	198	199	17
481	198	213	12
482	199	210	28
483	199	201	70
484	200	208	51
485	200	204	29
486	200	214	53
487	201	207	91
488	201	209	37
489	201	202	50
490	202	234	43
491	202	204	12
492	203	213	56
493	203	206	66
494	204	227	44
495	204	232	43
496	205	213	39
497	205	207	44
498	206	208	33
499	206	212	67
500	207	220	72
501	207	209	20
502	208	252	79
503	208	219	35
504	209	235	30
505	209	215	75
506	210	211	43
507	210	235	93
508	210	215	46
509	211	229	18
510	211	242	91
511	212	225	25
512	212	227	63
513	213	222	20
514	213	216	10
515	213	243	26
516	214	217	66
517	214	216	46
518	215	221	16
519	215	224	100
520	216	256	52
521	216	218	59
522	217	225	80
523	217	221	27
524	218	226	59
525	218	230	60
526	218	223	91
527	219	220	95
528	219	223	98
529	220	250	57
530	220	227	45
531	221	228	76
532	221	224	88
533	222	228	51
534	222	229	96
535	223	224	60
536	223	238	15
537	224	230	20
538	224	244	87
539	224	230	43
540	225	233	65
541	225	232	57
542	226	236	19
543	226	231	54
544	227	231	74
545	227	233	10
546	227	234	90
547	228	239	26
548	228	258	39
549	229	232	70
550	229	234	37
551	230	245	80
552	230	242	59
553	230	236	27
554	231	236	96
555	231	238	36
556	232	240	62
557	232	241	64
558	232	243	66
559	233	251	74
560	233	240	43
561	234	264	38
562	234	241	100
563	234	237	52
564	235	267	92
565	235	239	11
566	236	240	32
567	236	263	79
568	236	237	58
569	237	254	56
570	237	248	76
571	238	244	27
572	238	246	74
573	239	246	76
574	239	260	70
575	240	249	81
576	240	258	63
577	240	252	50
578	241	249	56
579	241	244	88
580	242	279	20
581	242	245	50
582	243	250	25
583	243	253	89
584	244	247	88
585	244	251	27
586	244	247	27
587	245	258	49
588	245	246	45
589	246	248	15
590	246	247	67
591	246	256	29
592	247	270	65
593	247	249	57
594	247	267	57
595	248	254	84
596	248	253	55
597	249	301	35
598	249	255	70
599	249	272	63
600	250	251	75
601	250	266	70
602	251	260	62
603	251	268	64
604	251	260	42
605	252	262	99
606	252	255	45
607	253	265	73
608	253	259	51
609	254	257	31
610	254	271	28
611	255	257	29
612	255	257	88
613	256	265	98
614	256	273	65
615	257	276	86
616	257	261	56
617	257	263	53
618	258	272	20
619	258	275	69
620	258	259	69
621	259	262	24
622	259	261	85
623	260	266	27
624	260	309	87
625	260	274	22
626	261	282	37
627	261	275	97
628	262	268	40
629	262	269	45
630	263	264	26
631	263	270	59
632	264	273	99
633	264	265	49
634	265	278	65
635	265	285	75
636	265	267	46
637	266	278	64
638	266	283	30
639	267	268	85
640	267	293	61
641	267	269	36
642	268	288	60
643	268	277	43
644	268	276	29
645	269	273	65
646	269	297	68
647	270	271	28
648	270	286	88
649	271	305	80
650	271	287	13
651	272	276	13
652	272	274	23
653	273	279	45
654	273	291	21
655	273	285	17
656	274	281	50
657	274	284	87
658	275	287	95
659	275	283	88
660	276	277	27
661	276	284	86
662	276	278	69
663	277	280	31
664	277	300	45
665	278	287	77
666	278	280	63
667	278	304	48
668	279	301	53
669	279	281	93
670	280	284	33
671	280	281	75
672	281	285	94
673	281	302	38
674	281	282	89
675	282	290	36
676	282	299	97
677	283	293	72
678	283	291	21
679	284	292	63
680	284	290	95
681	284	299	93
682	285	286	61
683	285	313	76
684	285	296	50
685	286	289	97
686	286	292	63
687	287	289	60
688	287	288	58
689	287	291	51
690	288	317	89
691	288	292	74
692	289	305	65
693	289	294	90
694	290	309	21
695	290	295	36
696	291	294	30
697	291	294	33
698	291	304	74
699	292	313	12
700	292	312	27
701	292	298	40
702	293	318	48
703	293	303	89
704	294	300	100
705	294	295	31
706	294	297	69
707	295	298	29
708	295	296	69
709	296	306	51
710	296	299	16
711	297	304	66
712	297	320	13
713	298	310	82
714	298	303	93
715	299	310	75
716	299	303	32
717	299	301	34
718	300	336	20
719	300	328	20
720	301	306	37
721	301	302	93
722	301	315	49
723	302	314	53
724	302	307	47
725	303	308	82
726	303	307	60
727	303	310	26
728	304	315	69
729	304	320	93
730	304	317	54
731	305	306	53
732	305	311	41
733	306	309	20
734	306	316	58
735	306	311	11
736	307	308	81
737	307	322	93
738	308	316	45
739	308	320	28
740	309	321	99
741	309	319	41
742	309	312	47
743	310	345	87
744	310	324	48
745	310	335	34
746	311	356	82
747	311	323	22
748	312	324	45
749	312	314	66
750	313	322	66
751	313	331	42
752	314	315	92
753	314	330	97
754	315	323	21
755	315	335	41
756	315	318	40
757	316	324	95
758	316	318	84
759	317	319	60
760	317	327	96
761	318	331	62
762	318	321	52
763	318	334	85
764	319	337	66
765	319	325	61
766	320	325	67
767	320	338	62
768	320	340	60
769	321	325	21
770	321	326	56
771	322	337	29
772	322	330	88
773	323	343	67
774	323	329	17
775	324	327	83
776	324	342	23
777	324	328	12
778	325	328	56
779	325	353	99
780	325	326	55
781	326	346	40
782	326	340	16
783	327	330	90
784	327	331	64
785	328	329	56
786	328	341	55
787	328	332	35
788	329	332	13
789	329	339	80
790	330	334	88
791	330	339	99
792	330	333	26
793	331	341	99
794	331	344	15
795	331	368	26
796	332	333	77
797	332	338	22
798	333	380	73
799	333	344	26
800	334	338	56
801	334	345	68
802	335	336	52
803	335	353	46
804	336	359	84
805	336	364	73
806	337	361	12
807	337	381	12
808	338	346	60
809	338	342	12
810	338	342	64
811	339	340	46
812	339	341	38
813	340	352	74
814	340	363	53
815	340	355	35
816	341	347	68
817	341	360	30
818	341	350	96
819	342	343	52
820	342	347	23
821	342	349	44
822	343	350	77
823	343	354	10
824	344	347	75
825	344	349	99
826	345	399	76
827	345	348	75
828	346	352	46
829	346	357	13
830	347	348	71
831	347	351	56
832	347	354	85
833	348	351	38
834	348	371	74
835	349	365	82
836	349	361	62
837	350	353	86
838	350	359	32
839	351	356	31
840	351	362	72
841	352	360	99
842	352	360	50
843	353	364	51
844	353	358	50
845	353	355	22
846	354	357	76
847	354	358	23
848	355	375	27
849	355	386	21
850	356	359	86
851	356	369	98
852	357	390	57
853	357	373	38
854	358	372	37
855	358	380	37
856	359	367	68
857	359	375	48
858	359	372	84
859	360	363	41
860	360	374	29
861	360	398	66
862	361	362	52
863	361	363	12
864	362	370	82
865	362	367	17
866	363	366	73
867	363	397	61
868	363	368	93
869	364	365	43
870	364	371	74
871	365	378	96
872	365	366	91
873	366	377	83
874	366	373	54
875	367	424	29
876	367	369	68
877	368	369	94
878	368	370	85
879	369	375	97
880	369	428	46
881	369	379	95
882	370	378	79
883	370	379	74
884	371	374	79
885	371	376	78
886	372	379	65
887	372	376	37
888	373	386	22
889	373	422	16
890	374	384	96
891	374	382	31
892	375	390	99
893	375	377	28
894	375	402	11
895	376	383	32
896	376	391	62
897	377	387	67
898	377	383	88
899	378	387	77
900	378	387	46
901	379	381	61
902	379	408	38
903	379	382	68
904	380	392	38
905	380	383	39
906	381	401	30
907	381	411	87
908	382	388	74
909	382	386	46
910	383	385	69
911	383	390	43
912	383	384	52
913	384	399	50
914	384	385	16
915	385	416	100
916	385	394	53
917	386	395	24
918	386	389	48
919	386	392	65
920	387	389	58
921	387	396	86
922	387	388	51
923	388	393	54
924	388	395	46
925	389	404	21
926	389	394	39
927	390	391	98
928	390	403	45
929	390	397	85
930	391	417	79
931	391	413	39
932	392	393	92
933	392	400	92
934	393	409	11
935	393	405	11
936	394	416	29
937	394	398	43
938	395	411	16
939	395	396	37
940	396	407	28
941	396	408	95
942	397	409	29
943	397	402	100
944	398	412	73
945	398	401	66
946	399	405	41
947	399	400	78
948	400	417	68
949	400	419	73
950	401	409	100
951	401	404	95
952	402	403	95
953	402	406	57
954	403	432	82
955	403	404	25
956	404	408	24
957	404	406	81
958	404	412	47
959	405	407	66
960	405	423	44
961	406	413	65
962	406	407	70
963	407	414	56
964	407	415	99
965	407	410	64
966	408	412	76
967	408	420	74
968	408	420	75
969	409	417	69
970	409	422	58
971	409	410	71
972	410	414	93
973	410	470	79
974	411	430	54
975	411	415	37
976	412	422	36
977	412	435	23
978	412	418	88
979	413	423	22
980	413	425	68
981	414	419	87
982	414	418	99
983	415	424	79
984	415	435	65
985	416	447	11
986	416	457	54
987	417	418	45
988	417	431	100
989	417	425	42
990	418	432	18
991	418	421	77
992	418	421	72
993	419	423	69
994	419	430	28
995	420	431	44
996	420	428	55
997	421	427	96
998	421	437	64
999	422	430	15
1000	422	436	10
1001	422	436	20
1002	423	424	22
1003	423	429	18
1004	423	427	57
1005	424	426	34
1006	424	426	37
1007	424	428	95
1008	425	427	35
1009	425	465	94
1010	426	454	29
1011	426	439	31
1012	427	433	53
1013	427	434	87
1014	427	456	59
1015	428	440	68
1016	428	438	68
1017	428	429	11
1018	429	450	99
1019	429	444	14
1020	430	449	62
1021	430	442	39
1022	430	434	47
1023	431	433	11
1024	431	453	77
1025	432	464	92
1026	432	434	75
1027	433	439	90
1028	433	441	11
1029	434	441	47
1030	434	437	41
1031	434	442	91
1032	435	440	45
1033	435	487	69
1034	436	455	17
1035	436	439	68
1036	437	438	73
1037	437	438	80
1038	438	452	82
1039	438	444	49
1040	438	443	14
1041	439	445	85
1042	439	451	77
1043	439	446	11
1044	440	442	67
1045	440	443	11
1046	441	445	57
1047	441	447	31
1048	442	468	43
1049	442	463	49
1050	442	450	73
1051	443	447	48
1052	443	450	60
1053	444	446	97
1054	444	457	33
1055	445	448	10
1056	445	453	60
1057	446	448	16
1058	446	448	72
1059	447	461	34
1060	447	451	31
1061	447	449	30
1062	448	449	11
1063	448	471	69
1064	448	456	13
1065	449	452	94
1066	449	473	18
1067	449	455	44
1068	450	480	29
1069	450	452	62
1070	450	500	83
1071	451	466	50
1072	451	462	76
1073	452	459	60
1074	452	460	97
1075	452	468	70
1076	453	459	92
1077	453	454	79
1078	454	460	92
1079	454	458	17
1080	455	457	100
1081	455	479	15
1082	456	465	10
1083	456	461	62
1084	457	462	79
1085	457	504	61
1086	457	458	70
1087	458	467	28
1088	458	476	46
1089	459	464	22
1090	459	472	59
1091	460	474	53
1092	460	480	98
1093	461	463	77
1094	461	495	65
1095	462	466	90
1096	462	484	17
1097	463	496	85
1098	463	466	52
1099	464	479	44
1100	464	478	71
1101	465	472	16
1102	465	469	38
1103	466	467	64
1104	466	474	57
1105	466	475	99
1106	467	468	47
1107	467	469	24
1108	468	483	98
1109	468	492	38
1110	468	478	66
1111	469	520	72
1112	469	470	61
1113	470	471	74
1114	470	471	56
1115	471	498	50
1116	471	473	80
1117	471	476	54
1118	472	475	58
1119	472	483	33
1120	473	489	53
1121	473	477	77
1122	474	489	86
1123	474	493	63
1124	475	485	85
1125	475	482	27
1126	476	477	10
1127	476	484	35
1128	477	485	81
1129	477	505	37
1130	478	481	76
1131	478	497	72
1132	479	481	86
1133	479	491	53
1134	480	523	30
1135	480	482	35
1136	481	486	75
1137	481	498	11
1138	482	524	45
1139	482	494	71
1140	483	486	60
1141	483	488	16
1142	484	487	76
1143	484	490	78
1144	485	501	53
1145	485	486	40
1146	486	497	62
1147	486	491	35
1148	486	489	33
1149	487	488	14
1150	487	491	84
1151	488	490	77
1152	488	490	96
1153	489	494	89
1154	489	502	93
1155	489	495	75
1156	490	493	59
1157	490	506	20
1158	490	492	26
1159	491	510	46
1160	491	504	44
1161	491	499	97
1162	492	529	28
1163	492	519	53
1164	493	496	53
1165	493	499	28
1166	494	508	64
1167	494	516	27
1168	495	496	42
1169	495	500	54
1170	496	513	43
1171	496	519	34
1172	496	503	38
1173	497	530	50
1174	497	503	10
1175	498	499	80
1176	498	556	81
1177	499	528	63
1178	499	515	74
1179	499	502	10
1180	500	510	20
1181	500	501	63
