1000	100	0	0
0	0	181	33
1	0	182	33
2	0	188	33
3	0	188	33
4	0	188	33
5	0	188	33
6	0	188	33
7	0	188	33
8	0	188	33
9	0	200	33
10	0	200	33
11	0	200	33
12	0	211	33
13	0	215	33
14	0	215	33
15	0	215	33
16	0	215	33
17	0	215	66
18	0	215	33
19	0	215	66
20	0	215	33
21	0	215	33
22	0	215	33
23	0	215	33
24	0	223	66
25	0	232	33
26	0	242	33
27	0	253	33
28	0	254	33
29	0	254	33
30	0	254	33
31	0	254	33
32	0	254	33
33	0	254	33
34	0	255	33
35	0	258	33
36	0	260	33
37	0	268	33
38	0	268	33
39	0	268	33
40	0	269	33
41	0	269	33
42	0	269	33
43	0	269	33
44	0	272	33
45	0	295	66
46	0	326	33
47	0	372	33
48	0	382	33
49	0	385	33
50	0	419	33
51	0	419	33
52	0	420	33
53	0	420	33
54	0	420	33
55	0	420	33
56	0	485	33
57	0	509	33
58	0	509	33
59	0	511	33
60	0	513	66
61	0	513	66
62	0	513	66
63	0	515	66
64	0	520	66
65	0	520	66
66	0	520	66
67	0	525	66
68	0	527	66
69	0	527	66
70	0	528	66
71	0	528	33
72	0	528	66
73	0	528	33
74	0	528	66
75	0	531	66
76	0	533	33
77	0	534	33
78	0	534	33
79	0	534	33
80	0	538	33
81	0	538	33
82	0	540	33
83	0	540	33
84	0	550	33
85	0	550	33
86	0	550	33
87	0	550	33
88	0	550	33
89	0	550	33
90	0	550	33
91	0	552	33
92	0	552	33
93	0	552	33
94	0	552	33
95	0	552	33
96	0	552	33
97	0	555	33
98	0	555	33
99	0	576	33
100	0	576	33
101	0	576	66
102	0	577	33
103	0	577	33
104	0	577	33
105	0	577	33
106	0	579	33
107	0	579	33
108	0	580	33
109	0	580	33
110	0	580	33
111	0	580	33
112	0	580	33
113	0	580	33
114	0	580	33
115	0	580	33
116	0	580	33
117	0	580	33
118	0	580	33
119	0	580	33
120	0	612	33
121	0	615	33
122	0	622	33
123	0	637	33
124	0	638	33
125	0	640	33
126	0	640	33
127	0	640	33
128	0	640	33
129	0	700	33
130	0	755	33
131	0	755	33
132	0	755	33
133	0	755	33
134	0	755	33
135	0	755	33
136	0	755	33
137	0	755	33
138	0	755	33
139	0	781	33
140	0	850	30
141	0	1009	33
142	0	1013	66
143	0	1043	33
144	0	1076	66
145	0	1141	33
146	0	1142	33
147	0	1142	33
148	0	1144	33
149	0	1273	33
150	0	1336	66
151	0	1418	66
152	7	323	33
153	19	374	33
154	44	352	30
155	74	860	25
156	121	359	66
157	121	878	33
158	122	1381	66
159	125	516	66
160	125	937	33
161	127	331	66
162	127	367	66
163	127	516	66
164	131	516	66
165	173	717	30
166	186	510	66
167	204	868	33
168	207	456	66
169	210	689	25
170	217	857	66
171	218	1037	66
172	222	409	33
173	222	495	33
174	223	1043	66
175	224	616	33
176	260	530	66
177	261	1111	33
178	261	1141	33
179	261	1142	33
180	267	1157	66
181	282	764	33
182	282	1142	33
183	283	1157	33
184	313	1141	66
185	331	541	66
186	338	1470	33
187	377	690	30
188	377	1158	33
189	377	1365	33
190	415	736	33
191	415	786	33
192	424	1159	33
193	427	1156	33
194	427	1157	33
195	427	1157	33
196	434	1324	33
197	451	1161	33
198	458	1144	33
199	461	744	33
200	538	719	33
201	541	1670	33
202	572	764	33
203	579	766	66
204	587	1157	33
205	589	1142	66
206	590	1541	66
207	609	1575	33
208	614	1157	33
209	614	1157	33
210	614	1157	33
211	614	1158	33
212	623	973	33
213	627	1380	33
214	666	1292	33
215	666	1623	33
216	696	1834	33
217	723	1030	33
218	807	1086	33
219	816	1901	33
220	821	1901	33
221	857	1052	66
222	900	1310	33
223	900	1561	33
224	911	2026	66
225	1006	2224	66
226	1039	1299	66
227	1040	1312	66
228	1045	1315	66
229	1048	1703	33
230	1115	1323	66
231	1115	1324	66
232	1140	2523	33
233	1141	1673	66
234	1142	1801	33
235	1152	1456	30
236	1156	1568	33
237	1158	1875	66
238	1165	1407	30
239	1178	1901	33
240	1178	1901	33
241	1180	1901	33
242	1181	1904	33
243	1191	2119	33
244	1222	2377	66
245	1228	2166	50
246	1242	2479	66
247	1267	1472	33
248	1276	1484	50
249	1306	2711	33
250	1322	2063	66
251	1322	2063	66
252	1335	2271	66
253	1336	2270	66
254	1347	2257	33
255	1353	2272	66
256	1501	1903	33
257	1502	1903	33
258	1621	2069	25
259	1653	2913	66
260	1684	2718	33
261	1695	1937	33
262	1719	2025	30
263	1726	2225	33
264	1726	2504	33
265	1738	1995	33
266	1738	2041	33
267	1757	1994	33
268	1766	2088	33
269	1824	2244	66
270	1827	2343	33
271	1827	2356	33
272	1834	2182	33
273	1840	2134	33
274	1840	2823	33
275	1857	2039	33
276	1879	2327	33
277	1879	2327	33
278	1918	2225	33
279	1920	2254	33
280	1945	2411	66
281	1950	2346	33
282	1966	2337	66
283	2007	3441	33
284	2041	2221	33
285	2046	3014	33
286	2097	3123	33
287	2131	3066	66
288	2171	2849	33
289	2184	2492	30
290	2185	2469	66
291	2185	2495	66
292	2196	2988	50
293	2203	3095	33
294	2220	2581	33
295	2235	3414	66
296	2292	3350	33
297	2311	2942	50
298	2340	2560	66
299	2354	2590	33
300	2363	2677	33
301	2405	2683	33
302	2421	3572	66
303	2422	3447	66
304	2439	3579	66
305	2462	3857	33
306	2469	3867	33
307	2522	3849	66
308	2555	3044	66
309	2597	3210	66
310	2598	2804	66
311	2650	3568	66
312	2655	2902	33
313	2661	2984	33
314	2750	2937	25
315	2787	2984	33
316	2790	2984	33
317	2797	3606	66
318	2806	3207	33
319	2824	3783	33
320	2825	3202	33
321	2883	3352	66
322	2883	3352	66
323	2888	3198	30
324	2950	3349	66
325	2950	3349	66
326	2974	3179	66
327	2981	3733	33
328	2989	3292	33
329	2989	3780	33
330	2998	3857	66
331	2998	3858	66
332	3004	3436	33
333	3005	3907	33
334	3008	3213	33
335	3008	3596	33
336	3010	3370	33
337	3010	3663	33
338	3042	3475	33
339	3042	3589	33
340	3058	3319	66
341	3127	3332	33
342	3163	3741	25
343	3188	3368	50
344	3244	3521	66
345	3319	3537	33
346	3417	3857	33
347	3464	3784	33
348	3464	3797	33
349	3464	3878	33
350	3483	3857	33
351	3513	3906	33
352	3513	3906	33
353	3537	3858	66
354	3537	4809	66
355	3610	3816	33
356	3668	3885	33
357	3707	4175	30
358	3816	4127	30
359	3872	4930	33
360	3882	4082	33
361	3887	4810	33
362	3962	5383	33
363	4008	4553	66
364	4010	5449	33
365	4010	5449	33
366	4014	5134	66
367	4031	5383	33
368	4059	4387	33
369	4079	4504	33
370	4090	4396	33
371	4195	4634	66
372	4227	4854	33
373	4259	5155	33
374	4276	4630	33
375	4276	4641	33
376	4348	4639	33
377	4381	4921	66
378	4459	4814	33
379	4471	4784	33
380	4475	5759	33
381	4501	4688	66
382	4545	5269	33
383	4556	5325	33
384	4603	4786	66
385	4626	5101	33
386	4680	5206	33
387	4680	5206	33
388	4711	5068	33
389	4715	5312	33
390	4820	5350	66
391	4971	5580	33
392	5052	5384	33
393	5090	5340	66
394	5092	5401	30
395	5099	5340	66
396	5099	5340	66
397	5103	5340	66
398	5103	5340	66
399	5136	5334	66
400	5157	5471	33
401	5179	5618	30
402	5223	6122	33
403	5229	5465	33
404	5255	5546	66
405	5297	5999	66
406	5300	5764	33
407	5304	5968	33
408	5348	5873	33
409	5385	5905	33
410	5395	5983	33
411	5395	5988	33
412	5420	5732	30
413	5452	6410	33
414	5498	5810	30
415	5515	6129	33
416	5516	5941	33
417	5516	6437	33
418	5516	6922	33
419	5519	6956	33
420	5520	6956	33
421	5520	6956	33
422	5520	6956	33
423	5520	6956	33
424	5520	6956	33
425	5520	6956	33
426	5520	6957	33
427	5520	6957	33
428	5526	6957	33
429	5552	5802	33
430	5554	5802	33
431	5554	5802	33
432	5554	5802	33
433	5554	5802	33
434	5554	5802	33
435	5554	5802	33
436	5555	5802	33
437	5555	5802	33
438	5555	5802	33
439	5557	5804	33
440	5558	5802	33
441	5558	5802	33
442	5558	5802	33
443	5558	5802	33
444	5558	5804	33
445	5558	5804	33
446	5558	5804	33
447	5559	5802	33
448	5559	5802	33
449	5559	5804	33
450	5559	5804	33
451	5563	5802	33
452	5563	5802	33
453	5563	5802	33
454	5590	5802	33
455	5594	5801	66
456	5594	5801	66
457	5594	5801	66
458	5600	5801	66
459	5600	5862	25
460	5603	5802	33
461	5603	5802	33
462	5616	5801	66
463	5618	5801	66
464	5618	5801	66
465	5677	5985	30
466	5695	5918	66
467	5767	5959	33
468	5773	6405	33
469	5777	6476	66
470	5777	6476	66
471	5814	6121	30
472	5822	6017	66
473	5882	7142	66
474	5884	6279	66
475	5896	6316	33
476	5897	6922	33
477	5911	6248	33
478	5911	6278	66
479	5912	6279	66
480	5913	6278	66
481	5914	6279	66
482	5925	6278	66
483	5930	6278	66
484	5936	6129	66
485	5963	6411	33
486	6009	6549	66
487	6013	6568	66
488	6171	7420	50
489	6187	6418	33
490	6241	6580	66
491	6241	6679	33
492	6271	6559	33
493	6271	6593	33
494	6275	6469	66
495	6300	6548	66
496	6300	7701	30
497	6303	6671	33
498	6331	6518	33
499	6353	7791	33
500	6353	7791	33
501	6353	7791	33
502	6353	7791	33
503	6353	7791	33
504	6353	7791	33
505	6402	6651	66
506	6412	7365	33
507	6412	7380	33
508	6438	6791	33
509	6438	6796	33
510	6441	7084	33
511	6441	7158	33
512	6442	6924	33
513	6442	6924	33
514	6443	6922	33
515	6443	6928	33
516	6446	6921	33
517	6446	7882	33
518	6447	7882	33
519	6451	6878	33
520	6481	6876	33
521	6481	6916	33
522	6481	6922	33
523	6481	6922	33
524	6485	6934	33
525	6533	7955	33
526	6548	6971	33
527	6568	6787	33
528	6568	7120	33
529	6573	7274	33
530	6594	6801	66
531	6606	6849	33
532	6606	6933	33
533	6656	6853	66
534	6666	6909	25
535	6666	6968	66
536	6667	6967	66
537	6667	6982	66
538	6668	6967	66
539	6668	6982	66
540	6668	6982	66
541	6671	6881	33
542	6673	7814	33
543	6675	7325	33
544	6679	6982	66
545	6688	6983	66
546	6690	6964	66
547	6697	6983	66
548	6711	6916	33
549	6711	6922	33
550	6712	6982	66
551	6713	6933	33
552	6728	6965	66
553	6734	6985	66
554	6755	6965	66
555	6755	6965	66
556	6765	6986	66
557	6766	6985	66
558	6766	6985	66
559	6767	6986	66
560	6771	8024	66
561	6776	6986	66
562	6782	6985	66
563	6782	6985	66
564	6785	6977	66
565	6809	7804	66
566	6857	7135	33
567	6862	7763	66
568	6875	7390	33
569	6876	7116	66
570	6965	8354	33
571	6994	7822	33
572	7006	8215	66
573	7038	7564	33
574	7058	7952	66
575	7114	7576	33
576	7132	7344	66
577	7163	8146	33
578	7249	8070	66
579	7261	7528	33
580	7312	7552	66
581	7323	7607	33
582	7368	7554	33
583	7441	7794	25
584	7516	8654	66
585	7539	8060	50
586	7539	8060	50
587	7658	8092	33
588	7677	7866	33
589	7743	7968	40
590	7795	8012	33
591	7811	8673	33
592	7812	9172	33
593	7832	8181	33
594	7886	8714	33
595	7891	8825	66
596	7907	8211	66
597	7921	8194	33
598	7924	8665	25
599	7982	8820	66
600	7999	8204	66
601	8028	8247	66
602	8035	9123	33
603	8045	8354	66
604	8048	8963	33
605	8054	8838	66
606	8167	8427	66
607	8183	8492	30
608	8212	8548	50
609	8221	8455	66
610	8251	9199	66
611	8270	8584	30
612	8288	9585	33
613	8298	9410	30
614	8326	8698	66
615	8355	8632	33
616	8361	9283	66
617	8395	8591	33
618	8407	9427	33
619	8485	8760	33
620	8499	9756	66
621	8503	8865	66
622	8509	8978	66
623	8516	8963	33
624	8516	8985	33
625	8517	8757	33
626	8517	8944	33
627	8517	8944	33
628	8522	8769	33
629	8522	8975	33
630	8522	9663	33
631	8528	8975	33
632	8554	8865	30
633	8556	9137	30
634	8611	9520	33
635	8630	8826	66
636	8673	8882	66
637	8757	9566	33
638	8852	10114	33
639	9116	10097	33
640	9185	9498	30
641	9221	9558	33
642	9222	9558	33
643	9223	9560	33
644	9256	10008	66
645	9257	10083	33
646	9269	10076	33
647	9269	10136	33
648	9284	9518	33
649	9303	10631	33
650	9338	10178	33
651	9364	10088	33
652	9376	10386	33
653	9387	9973	33
654	9392	10160	33
655	9440	9667	66
656	9481	9667	66
657	9541	9780	66
658	9543	9945	33
659	9545	9859	30
660	9546	9819	66
661	9576	9829	66
662	9577	9852	66
663	9647	10141	33
664	9662	10205	33
665	9678	9904	66
666	9766	10042	25
667	9788	10096	30
668	9834	10124	66
669	9864	10087	66
670	9977	10258	33
671	9977	10301	33
672	9978	10290	33
673	9978	10301	33
674	9979	10322	33
675	10027	11012	33
676	10040	10325	33
677	10051	10261	66
678	10058	10273	66
679	10079	10527	66
680	10094	10351	66
681	10095	10346	66
682	10135	10331	66
683	10187	10469	33
684	10201	10667	33
685	10216	11189	33
686	10227	11402	66
687	10248	10940	25
688	10248	11368	33
689	10292	10765	33
690	10316	11739	33
691	10321	10524	66
692	10383	10789	66
693	10403	10661	66
694	10407	11014	30
695	10494	10926	66
696	10505	10721	66
697	10562	10742	33
698	10604	12041	66
699	10621	10851	33
700	10650	10906	66
701	10696	10893	50
702	10741	11377	66
703	10745	11058	30
704	10804	11095	33
705	10813	12206	33
706	10816	11387	66
707	10844	11145	30
708	10855	11526	33
709	10878	11132	66
710	10887	12316	33
711	10955	11884	33
712	10973	11847	66
713	10979	11324	33
714	10983	11940	33
715	11044	11721	66
716	11099	11519	66
717	11128	11336	66
718	11128	11336	66
719	11175	11502	33
720	11182	11370	33
721	11182	11376	33
722	11182	12344	66
723	11183	11370	33
724	11183	11376	33
725	11184	11370	33
726	11221	11465	33
727	11225	11597	66
728	11263	11516	66
729	11286	11469	66
730	11290	11669	33
731	11303	11542	66
732	11304	11493	25
733	11309	11549	33
734	11311	11854	33
735	11388	12339	33
736	11391	11890	33
737	11392	12341	33
738	11416	12815	66
739	11476	12339	33
740	11522	11867	25
741	11531	12847	33
742	11564	11786	66
743	11581	11980	33
744	11594	12030	66
745	11641	12091	33
746	11655	11875	66
747	11688	12391	25
748	11716	12245	25
749	11741	12269	66
750	11860	12117	66
751	11947	12177	25
752	11957	12137	66
753	12007	12189	66
754	12048	12447	30
755	12049	12859	33
756	12124	13105	33
757	12127	13118	33
758	12138	12599	33
759	12146	13433	33
760	12182	12543	33
761	12185	12812	66
762	12241	12739	66
763	12241	12739	66
764	12249	12580	25
765	12259	12505	33
766	12272	13022	30
767	12301	13140	66
768	12302	12604	66
769	12302	12812	66
770	12318	12511	33
771	12325	12675	33
772	12325	12675	33
773	12325	12675	33
774	12343	13664	66
775	12365	12725	66
776	12436	12711	66
777	12475	13292	33
778	12496	12982	33
779	12532	13446	25
780	12561	13028	66
781	12571	12801	66
782	12591	13000	66
783	12604	12910	33
784	12650	12859	33
785	12660	13036	33
786	12663	12963	33
787	12712	12930	25
788	12723	12970	33
789	12730	12929	33
790	12862	13052	66
791	12917	13242	66
792	13081	13570	33
793	13132	13888	30
794	13285	13677	33
795	13341	13539	33
796	13561	13788	33
797	13593	13961	66
798	13631	14082	33
799	13709	14260	33
800	13763	14178	66
801	13804	14194	33
802	13925	14109	66
803	13968	14813	33
804	14195	14385	66
805	14206	14720	33
806	14212	14802	33
807	14231	14940	33
808	14468	15061	25
809	14523	14984	33
810	14644	15096	25
811	14652	14928	33
812	14777	15432	30
813	14889	15312	33
814	15070	15545	33
815	15209	15472	66
816	15360	15565	33
817	15392	16331	66
818	15606	16402	33
819	15616	15872	66
820	15648	16251	30
821	15661	15895	66
822	15796	16274	33
823	15853	16378	33
824	15857	16112	33
825	15881	16225	33
826	15917	16354	33
827	15937	16803	33
828	15941	16225	33
829	16092	16649	33
830	16126	16674	66
831	16156	16374	33
832	16164	17116	33
833	16216	16615	66
834	16309	16490	33
835	16312	16496	33
836	16316	16496	33
837	16442	16651	33
838	16447	17471	33
839	16454	16799	33
840	16464	16821	33
841	16504	17886	66
842	16550	16825	66
843	16564	16871	66
844	16564	17825	66
845	16616	16898	33
846	16626	16989	66
847	16766	17275	33
848	16830	18140	50
849	16836	17055	33
850	16900	17475	33
851	16921	17296	66
852	16984	17302	66
853	17000	17334	33
854	17022	17228	66
855	17102	17293	66
856	17187	17601	33
857	17206	17450	66
858	17249	17447	33
859	17267	17821	33
860	17298	17585	66
861	17341	17697	66
862	17482	17676	66
863	17526	18608	33
864	17531	17809	25
865	17601	18171	33
866	17606	18167	33
867	17771	17974	33
868	17813	18112	33
869	17850	18554	33
870	17883	18127	33
871	17884	18175	50
872	17906	18654	33
873	17906	19019	33
874	17941	18151	33
875	17944	19265	66
876	17960	18245	33
877	17980	18300	33
878	18002	18407	66
879	18034	18752	33
880	18050	18439	66
881	18066	18650	33
882	18087	18659	66
883	18091	18782	50
884	18109	18354	66
885	18120	18522	66
886	18136	18328	25
887	18185	18424	33
888	18187	18396	66
889	18287	19694	33
890	18289	19340	66
891	18333	19378	66
892	18347	18904	66
893	18380	18568	33
894	18409	18678	33
895	18458	18881	33
896	18462	18669	33
897	18462	18669	33
898	18544	18839	66
899	18605	19068	33
900	18650	18902	25
901	18661	18846	66
902	18661	18857	33
903	18661	19919	33
904	18744	19014	33
905	18790	19487	33
906	18790	19487	33
907	18832	20160	66
908	18852	19299	33
909	18852	20160	33
910	18866	20160	33
911	18866	20160	33
912	18871	19080	50
913	18887	19591	25
914	18893	19487	33
915	18946	20160	33
916	18947	20160	33
917	18947	20160	33
918	18947	20160	33
919	18947	20160	33
920	18947	20160	33
921	18947	20160	33
922	18947	20160	33
923	18947	20160	33
924	18947	20160	33
925	18947	20160	33
926	18947	20160	33
927	18948	20160	33
928	18948	20160	33
929	18948	20160	33
930	18974	19207	33
931	18981	19650	50
932	19021	19602	33
933	19048	19362	33
934	19057	19904	66
935	19078	19286	66
936	19085	20160	33
937	19105	19323	66
938	19112	20160	33
939	19140	20160	33
940	19177	20160	33
941	19191	20160	33
942	19291	20160	33
943	19385	19790	33
944	19400	19697	33
945	19431	19865	66
946	19441	19915	66
947	19464	20160	33
948	19465	20160	33
949	19476	20160	33
950	19483	20160	33
951	19511	19720	66
952	19523	20160	33
953	19524	19809	33
954	19524	20160	33
955	19524	20160	33
956	19524	20160	33
957	19524	20160	33
958	19532	20160	33
959	19574	20160	33
960	19624	20160	66
961	19625	19907	66
962	19627	20160	33
963	19658	19879	66
964	19681	19943	33
965	19710	20160	66
966	19786	20000	66
967	19806	20097	66
968	19806	20160	66
969	19807	20035	66
970	19807	20097	66
971	19807	20160	33
972	19808	20160	66
973	19809	20160	66
974	19809	20160	66
975	19809	20160	66
976	19809	20160	66
977	19809	20160	66
978	19809	20160	66
979	19810	20160	66
980	19810	20160	66
981	19810	20160	66
982	19810	20160	66
983	19810	20160	66
984	19810	20160	66
985	19810	20160	66
986	19811	20122	33
987	19824	20046	25
988	19829	20160	33
989	19829	20160	33
990	19834	20160	30
991	19911	20160	66
992	19915	20160	33
993	19916	20160	66
994	19922	20160	66
995	19922	20160	66
996	19922	20160	66
997	19933	20160	33
998	19945	20129	66
999	19963	20160	66
