1000	100	0	0
0	0	69	33
1	0	86	66
2	0	86	66
3	0	96	33
4	0	96	33
5	0	96	33
6	0	97	33
7	0	97	33
8	0	102	33
9	0	130	33
10	0	130	33
11	0	133	66
12	0	133	66
13	0	133	66
14	0	133	66
15	0	139	33
16	0	143	61
17	0	152	33
18	0	155	61
19	0	165	33
20	0	188	33
21	0	188	33
22	0	188	33
23	0	188	33
24	0	188	33
25	0	188	33
26	0	188	33
27	0	188	33
28	0	200	33
29	0	215	66
30	0	215	66
31	0	215	33
32	0	253	33
33	0	253	66
34	0	253	33
35	0	253	33
36	0	254	33
37	0	254	33
38	0	258	66
39	0	268	33
40	0	268	25
41	0	268	33
42	0	269	33
43	0	280	33
44	0	280	33
45	0	307	33
46	0	308	33
47	0	338	33
48	0	420	33
49	0	420	33
50	0	420	33
51	0	420	33
52	0	425	33
53	0	506	33
54	0	511	33
55	0	516	66
56	0	527	33
57	0	528	66
58	0	531	66
59	0	537	33
60	0	538	33
61	0	538	33
62	0	550	33
63	0	550	33
64	0	550	33
65	0	550	33
66	0	552	33
67	0	576	66
68	0	576	66
69	0	577	33
70	0	577	33
71	0	580	33
72	0	580	33
73	0	580	33
74	0	580	33
75	0	580	33
76	0	615	33
77	0	615	33
78	0	636	33
79	0	637	33
80	0	640	33
81	0	640	33
82	0	640	33
83	0	755	33
84	0	755	33
85	0	755	33
86	0	755	33
87	0	755	33
88	0	1076	66
89	0	1106	33
90	0	1108	66
91	0	1140	33
92	0	1142	33
93	0	1157	33
94	0	1158	33
95	0	1168	30
96	0	1247	33
97	0	1321	33
98	1	380	33
99	13	95	66
100	18	101	66
101	23	372	33
102	61	223	66
103	121	215	66
104	122	1381	66
105	125	516	66
106	127	516	66
107	127	516	66
108	137	221	66
109	181	264	33
110	193	259	33
111	204	379	66
112	204	897	33
113	206	1142	66
114	216	1142	66
115	230	457	66
116	254	316	33
117	255	367	33
118	261	1142	33
119	282	1142	33
120	284	1157	33
121	284	1158	33
122	316	386	66
123	361	447	66
124	377	1157	33
125	378	761	33
126	407	498	33
127	415	490	66
128	415	586	33
129	415	691	33
130	422	1096	33
131	427	1157	33
132	427	1157	33
133	447	1157	33
134	451	1141	33
135	458	1043	33
136	460	591	33
137	495	620	33
138	518	1141	66
139	528	657	33
140	538	667	33
141	556	778	61
142	600	702	33
143	600	702	33
144	614	1157	33
145	623	721	33
146	637	767	33
147	641	1736	33
148	661	742	33
149	738	847	25
150	755	816	66
151	759	917	66
152	819	1901	33
153	845	925	66
154	849	1005	33
155	852	1026	66
156	854	1001	66
157	899	1026	66
158	900	965	33
159	906	1032	33
160	911	986	33
161	964	1064	66
162	966	1141	33
163	979	1222	30
164	991	1065	66
165	1013	1080	33
166	1051	1226	66
167	1068	1887	33
168	1127	1199	33
169	1127	1203	66
170	1150	1292	66
171	1152	1276	33
172	1155	1225	33
173	1156	1247	33
174	1156	1276	33
175	1159	1518	33
176	1201	1294	66
177	1222	1988	66
178	1222	2494	66
179	1222	2495	66
180	1224	2029	33
181	1231	1482	33
182	1242	1396	66
183	1242	2478	66
184	1260	1354	66
185	1260	1496	66
186	1271	2055	66
187	1298	1371	33
188	1299	1359	33
189	1299	1473	33
190	1313	1862	66
191	1322	2060	66
192	1322	2062	66
193	1352	2272	66
194	1352	2272	66
195	1352	2272	66
196	1354	1580	66
197	1392	1627	66
198	1446	1522	66
199	1474	2823	66
200	1489	2250	33
201	1494	1829	33
202	1501	1908	33
203	1506	1721	25
204	1533	1654	33
205	1562	1685	33
206	1562	1696	33
207	1593	1655	50
208	1642	1707	33
209	1664	1879	66
210	1681	1839	66
211	1684	2162	33
212	1684	2498	33
213	1695	1839	66
214	1757	1994	33
215	1765	1826	33
216	1775	1841	33
217	1801	1862	33
218	1810	2221	33
219	1816	2163	33
220	1820	2148	33
221	1828	2707	33
222	1832	1892	66
223	1835	2798	33
224	1856	1998	33
225	1862	2005	66
226	1897	1968	66
227	1933	2017	33
228	1948	2052	66
229	1950	2112	33
230	1993	2074	66
231	1996	2056	66
232	2048	2714	33
233	2056	2120	25
234	2075	2494	66
235	2075	3116	66
236	2090	2346	33
237	2104	2942	66
238	2111	2355	33
239	2150	2236	33
240	2152	2221	33
241	2162	2257	66
242	2171	2849	33
243	2222	2324	66
244	2232	2637	33
245	2278	2384	33
246	2281	2449	66
247	2282	2524	33
248	2319	2394	33
249	2330	2410	66
250	2342	2413	33
251	2356	2425	66
252	2410	2486	33
253	2429	2508	33
254	2433	2542	33
255	2470	3071	66
256	2471	2615	33
257	2490	2599	66
258	2510	2654	33
259	2517	3080	33
260	2522	2784	33
261	2543	2616	33
262	2606	2705	33
263	2650	3449	66
264	2680	3445	66
265	2680	3445	66
266	2686	2768	33
267	2686	2781	33
268	2717	2813	66
269	2760	2889	66
270	2760	3057	66
271	2779	2859	66
272	2781	2950	33
273	2787	2980	33
274	2790	2940	33
275	2790	2950	33
276	2791	2907	66
277	2827	2917	33
278	2954	3741	25
279	2977	3212	33
280	2980	3086	33
281	2998	3781	66
282	3008	3118	33
283	3008	3992	33
284	3016	3405	33
285	3029	3111	33
286	3031	3105	33
287	3039	3136	33
288	3040	3672	33
289	3061	3187	66
290	3091	3179	66
291	3111	3521	25
292	3115	3325	66
293	3120	3234	25
294	3126	4086	33
295	3140	3235	33
296	3188	3590	66
297	3212	3873	33
298	3253	3340	66
299	3254	3378	66
300	3261	4503	33
301	3271	3378	66
302	3290	3383	66
303	3290	3455	66
304	3368	3428	25
305	3372	3472	33
306	3384	3707	33
307	3397	3648	66
308	3427	3978	40
309	3464	3550	33
310	3513	3906	33
311	3615	4312	33
312	3692	3864	66
313	3732	3793	33
314	3770	3857	33
315	3775	4034	33
316	3778	3881	33
317	3790	3863	33
318	3790	3864	33
319	3790	3864	33
320	3794	3953	33
321	3832	3946	33
322	3849	3944	33
323	3866	4327	33
324	3870	4760	66
325	3871	4114	66
326	3875	3967	33
327	3884	3989	33
328	3915	4832	33
329	3960	4067	66
330	3969	4063	25
331	3976	4039	33
332	3985	4067	66
333	3992	4067	66
334	4010	5449	33
335	4036	4119	66
336	4037	4170	33
337	4080	4153	66
338	4105	4231	66
339	4111	4184	66
340	4148	4245	66
341	4195	4634	66
342	4251	4503	33
343	4254	4451	33
344	4262	4641	33
345	4264	4332	66
346	4326	4388	66
347	4381	4630	33
348	4441	4523	66
349	4484	5392	33
350	4499	4800	30
351	4544	4637	33
352	4545	5285	33
353	4561	4663	66
354	4611	4769	33
355	4657	4724	66
356	4711	4951	66
357	4721	5046	33
358	4747	5966	33
359	4816	5222	25
360	4849	4932	33
361	4850	4932	33
362	4850	4958	33
363	4866	4933	66
364	4927	5033	25
365	4940	5048	33
366	4985	5066	66
367	5017	5083	33
368	5042	6183	30
369	5074	5139	66
370	5103	5340	66
371	5105	5320	25
372	5108	5320	25
373	5118	5278	66
374	5135	5333	66
375	5136	5215	66
376	5148	5334	66
377	5148	5334	66
378	5194	5255	66
379	5197	5337	66
380	5202	5334	66
381	5209	5337	66
382	5219	5337	66
383	5219	5337	66
384	5237	5446	66
385	5297	5998	66
386	5300	5437	33
387	5302	5370	33
388	5306	5435	33
389	5311	5400	33
390	5316	5428	33
391	5316	5437	33
392	5328	5413	66
393	5359	5671	30
394	5390	5707	33
395	5440	6288	30
396	5447	5887	33
397	5520	6957	33
398	5520	6957	33
399	5526	6957	33
400	5536	5717	33
401	5552	5657	33
402	5553	5802	33
403	5553	5802	33
404	5554	5802	33
405	5554	5802	33
406	5554	5802	33
407	5554	5802	33
408	5559	5804	33
409	5559	5805	33
410	5563	5802	33
411	5574	5649	66
412	5581	5738	33
413	5603	5802	33
414	5612	5802	33
415	5616	5801	66
416	5616	5801	66
417	5686	5802	33
418	5692	6063	33
419	5732	6476	66
420	5750	6476	66
421	5776	5848	66
422	5881	6210	33
423	5882	7141	66
424	5895	6316	33
425	5897	5983	33
426	5897	7158	33
427	5941	6131	66
428	6011	6129	25
429	6051	6127	66
430	6124	6291	33
431	6210	6626	30
432	6213	6580	66
433	6226	6323	66
434	6242	6551	66
435	6256	6322	33
436	6315	6419	33
437	6331	6438	25
438	6334	6439	25
439	6350	6656	33
440	6352	7791	33
441	6353	7791	33
442	6408	6570	66
443	6435	6750	33
444	6443	7882	33
445	6444	6510	33
446	6445	7882	33
447	6446	6918	33
448	6448	6541	33
449	6451	6541	33
450	6451	6616	66
451	6456	6767	30
452	6484	7505	66
453	6485	6556	33
454	6519	7323	33
455	6550	6757	33
456	6560	6653	33
457	6609	7484	66
458	6624	6717	66
459	6639	6982	66
460	6640	6953	33
461	6656	6968	66
462	6666	6983	66
463	6674	6764	66
464	6681	6759	33
465	6711	6827	33
466	6717	6785	33
467	6718	6983	66
468	6731	6965	66
469	6749	7158	33
470	6762	7584	33
471	6766	6985	66
472	6766	6985	66
473	6779	6874	33
474	6842	7219	33
475	6887	6983	33
476	6910	6974	66
477	6920	6982	66
478	6922	7011	33
479	6924	7013	33
480	6961	7060	66
481	6961	7195	66
482	6982	7445	33
483	7035	7257	66
484	7037	7165	33
485	7085	7186	33
486	7086	7190	33
487	7087	7177	33
488	7171	7244	66
489	7201	7287	66
490	7203	7289	25
491	7237	7530	30
492	7239	7346	40
493	7259	7324	33
494	7358	7498	66
495	7368	7473	33
496	7381	7494	33
497	7440	7614	50
498	7538	7623	50
499	7655	7945	33
500	7689	7820	33
501	7735	8013	50
502	7801	7874	33
503	7811	8493	33
504	7866	8218	33
505	7921	8035	66
506	7975	8993	33
507	7979	8125	33
508	7997	8072	66
509	7999	8067	66
510	8014	8103	33
511	8034	8161	33
512	8042	8249	66
513	8047	8132	66
514	8048	8963	33
515	8056	8703	25
516	8107	8206	33
517	8108	8206	33
518	8116	8380	66
519	8120	8189	33
520	8121	8194	33
521	8121	8195	33
522	8122	8192	33
523	8161	8225	66
524	8191	9016	33
525	8221	8890	66
526	8260	8643	33
527	8282	8349	66
528	8286	8356	33
529	8289	8351	33
530	8311	8399	33
531	8355	8425	33
532	8358	8422	33
533	8377	8484	25
534	8411	8666	33
535	8416	8498	66
536	8427	8496	33
537	8428	8499	33
538	8456	8635	66
539	8463	8626	33
540	8516	9555	33
541	8518	8975	33
542	8521	8963	33
543	8527	8959	33
544	8568	8637	66
545	8582	8714	66
546	8595	8736	50
547	8641	8761	66
548	8701	8798	66
549	8703	8816	33
550	8771	8864	66
551	8773	8874	50
552	8775	8896	33
553	8786	9124	33
554	8803	8866	66
555	8831	9017	66
556	8863	9458	33
557	8908	9041	66
558	8910	8972	66
559	8934	9030	33
560	9098	9168	50
561	9134	9502	25
562	9149	9569	30
563	9186	9395	33
564	9228	9419	33
565	9228	9432	33
566	9229	9408	33
567	9256	10098	33
568	9268	10352	66
569	9269	9830	33
570	9287	9362	66
571	9298	9626	33
572	9301	9603	66
573	9390	9542	66
574	9421	10260	66
575	9424	9905	66
576	9458	9519	66
577	9493	9796	33
578	9544	9643	33
579	9552	9654	33
580	9559	9629	33
581	9570	9640	66
582	9576	9850	66
583	9577	9849	66
584	9600	11013	33
585	9649	9741	66
586	9674	9754	33
587	9675	9755	33
588	9675	9790	33
589	9678	9759	66
590	9712	9831	66
591	9785	9867	66
592	9802	9883	33
593	9817	9903	33
594	9841	9912	33
595	9891	10024	66
596	9903	10209	50
597	9913	10132	33
598	9969	10060	66
599	9977	10311	33
600	9977	10322	33
601	9980	10290	33
602	9985	10091	33
603	10040	10142	66
604	10067	10206	33
605	10142	10220	33
606	10208	10667	33
607	10247	10692	66
608	10248	10940	25
609	10248	10940	25
610	10261	10334	33
611	10297	10366	33
612	10334	10452	66
613	10372	10680	30
614	10373	10466	33
615	10380	10530	33
616	10381	10832	25
617	10382	10468	66
618	10396	10495	66
619	10411	10483	66
620	10415	10769	30
621	10451	10549	33
622	10501	10588	33
623	10560	10625	25
624	10562	10672	33
625	10625	10744	66
626	10636	10815	25
627	10691	10819	33
628	10731	10863	25
629	10773	10840	33
630	10773	10869	33
631	10777	10852	33
632	10777	10859	33
633	10787	10852	33
634	10788	10855	33
635	10813	12234	33
636	10864	11345	66
637	10889	11613	66
638	10900	11222	33
639	10926	11964	33
640	10973	11847	66
641	10987	11819	33
642	11017	11113	33
643	11035	11133	33
644	11039	11133	33
645	11045	11110	66
646	11061	11266	33
647	11070	11646	33
648	11081	11240	66
649	11083	11171	66
650	11127	11281	33
651	11127	11411	66
652	11160	11275	33
653	11163	11238	33
654	11169	12097	66
655	11178	11315	66
656	11182	11380	33
657	11194	11323	66
658	11216	11284	33
659	11221	11290	66
660	11223	12662	30
661	11247	12223	66
662	11251	11342	66
663	11270	11375	33
664	11290	11719	33
665	11300	11364	66
666	11311	11440	33
667	11367	12707	25
668	11383	12339	33
669	11387	11466	33
670	11388	11966	33
671	11404	11472	33
672	11420	11515	66
673	11456	11517	33
674	11476	12339	33
675	11507	11571	33
676	11542	11657	33
677	11581	12121	66
678	11830	11905	50
679	11982	12069	66
680	11987	12222	66
681	12001	12084	33
682	12017	12193	33
683	12017	12276	66
684	12061	12189	66
685	12124	12800	33
686	12124	13105	33
687	12146	12574	33
688	12146	12806	33
689	12181	12252	66
690	12185	12812	66
691	12220	12330	33
692	12242	12425	66
693	12242	12499	66
694	12301	12604	66
695	12325	12677	33
696	12394	12477	66
697	12423	12518	33
698	12424	12537	66
699	12476	12760	33
700	12483	12704	33
701	12487	12723	66
702	12500	12572	33
703	12500	12603	33
704	12500	12624	33
705	12513	12575	66
706	12581	12770	33
707	12605	12783	33
708	12612	12968	33
709	12618	12764	66
710	12642	12704	66
711	12649	12812	33
712	12664	12746	66
713	12707	12904	25
714	12729	12805	33
715	12729	12805	33
716	12753	12833	33
717	12754	12844	33
718	12756	12856	33
719	12756	13105	30
720	12763	12843	33
721	12789	12911	66
722	12826	12898	33
723	12868	12998	33
724	12947	13050	50
725	12961	13046	33
726	12966	13063	33
727	13005	13153	66
728	13099	13167	33
729	13157	13246	33
730	13158	13245	66
731	13207	13698	25
732	13264	13365	66
733	13325	13706	66
734	13352	13413	66
735	13415	13477	66
736	13427	13800	33
737	13436	13541	33
738	13436	13544	33
739	13442	13503	33
740	13442	13533	33
741	13444	13513	33
742	13509	13576	25
743	13561	13675	33
744	13577	13638	33
745	13618	13678	33
746	13619	13686	33
747	13619	13704	33
748	13620	13686	33
749	13636	13699	66
750	13692	13858	66
751	13724	13798	33
752	13724	13809	33
753	13725	13808	33
754	13725	13818	33
755	13741	13819	33
756	13741	13835	66
757	13744	13927	33
758	13780	14396	33
759	13861	13929	33
760	13876	13952	33
761	13877	13964	33
762	13887	14033	25
763	13927	14000	33
764	13933	14006	66
765	13936	14150	25
766	14041	14141	66
767	14063	14134	66
768	14101	14179	33
769	14101	14484	66
770	14164	14283	66
771	14202	14325	33
772	14233	14342	33
773	14236	14297	66
774	14253	14314	66
775	14286	14385	33
776	14357	14487	66
777	14378	14449	50
778	14498	14567	50
779	14557	14669	33
780	14584	14644	33
781	14602	14955	33
782	14610	14911	30
783	14686	14805	33
784	14766	15105	33
785	14772	15100	33
786	14855	16038	33
787	14881	14955	33
788	14884	14967	66
789	14941	15034	66
790	14945	15020	66
791	15061	15165	33
792	15061	15284	50
793	15076	15142	33
794	15087	15149	66
795	15181	15254	66
796	15188	15385	33
797	15209	15473	66
798	15210	15325	33
799	15241	15348	33
800	15251	15840	33
801	15274	15364	25
802	15274	15726	33
803	15304	15404	33
804	15305	15379	33
805	15374	15452	33
806	15381	15599	33
807	15383	16376	66
808	15481	15674	66
809	15515	15734	66
810	15530	16196	66
811	15555	15830	66
812	15606	16397	33
813	15661	15758	33
814	15664	15813	33
815	15736	15828	66
816	15791	15901	33
817	15793	15890	33
818	15916	16717	66
819	15965	16051	66
820	16039	16464	33
821	16146	16226	66
822	16165	16418	66
823	16249	16359	33
824	16260	17460	66
825	16261	16500	33
826	16299	16431	66
827	16315	16725	30
828	16360	16491	66
829	16387	16484	33
830	16404	16477	33
831	16435	16543	25
832	16464	17129	33
833	16481	16592	33
834	16572	16741	33
835	16599	16680	30
836	16619	16699	50
837	16623	17830	33
838	16624	16774	66
839	16628	16698	33
840	16633	16931	33
841	16662	16917	50
842	16667	16930	66
843	16695	16857	66
844	16697	16966	25
845	16746	16868	66
846	16747	16969	33
847	16756	16816	66
848	16776	16837	66
849	16809	17403	50
850	16811	16895	33
851	16830	16896	66
852	16857	16923	33
853	16888	17179	33
854	16936	16996	33
855	16955	17087	66
856	16996	17158	66
857	17001	17101	33
858	17096	17263	33
859	17105	17199	66
860	17116	17286	25
861	17119	17229	66
862	17137	17209	50
863	17191	17266	66
864	17227	17303	33
865	17239	17314	66
866	17257	17330	33
867	17296	17687	33
868	17321	17426	33
869	17330	17430	66
870	17333	17429	66
871	17405	17528	33
872	17412	17713	33
873	17430	17796	33
874	17461	17549	33
875	17536	17634	66
876	17585	17663	66
877	17611	17671	66
878	17619	18080	33
879	17658	17819	66
880	17761	17879	33
881	17769	17839	33
882	17771	17847	33
883	17772	17916	33
884	17772	17952	33
885	17783	17861	33
886	17810	18070	33
887	17836	18000	25
888	17838	17981	66
889	17867	17936	33
890	17869	17948	33
891	17881	18052	33
892	17888	18045	66
893	17906	18452	33
894	17933	18017	66
895	17935	18000	66
896	17947	19201	33
897	18002	18408	66
898	18018	18520	66
899	18031	18124	33
900	18040	18107	66
901	18041	18119	33
902	18064	18176	25
903	18097	18281	66
904	18192	18285	33
905	18232	18304	66
906	18270	18354	33
907	18276	18364	33
908	18295	18446	66
909	18295	18446	66
910	18301	18509	33
911	18347	18670	33
912	18368	18477	33
913	18368	19485	33
914	18375	18568	33
915	18380	18451	33
916	18380	18523	33
917	18380	18572	33
918	18392	18528	66
919	18393	18481	66
920	18395	18558	33
921	18452	18630	33
922	18467	18573	33
923	18497	18646	33
924	18511	19196	66
925	18529	18594	33
926	18544	18664	50
927	18570	18730	66
928	18579	18652	66
929	18638	18719	30
930	18712	19402	33
931	18736	18862	33
932	18751	18837	66
933	18787	18953	33
934	18791	18871	66
935	18796	19136	66
936	18840	18905	66
937	18841	19084	66
938	18845	19955	66
939	18846	20160	33
940	18866	20160	33
941	18866	20160	33
942	18905	19068	66
943	18938	19004	66
944	18938	19007	50
945	18947	20160	33
946	18947	20160	33
947	18947	20160	33
948	18948	20160	33
949	18961	19923	33
950	18968	19082	33
951	18976	19076	33
952	18988	19301	33
953	19076	19602	33
954	19085	19219	33
955	19107	20160	33
956	19112	19200	33
957	19151	20160	33
958	19155	19216	66
959	19184	19312	33
960	19194	19296	50
961	19246	19365	33
962	19325	19525	66
963	19354	20160	50
964	19443	20160	33
965	19504	20037	33
966	19524	20025	33
967	19524	20160	33
968	19532	19710	33
969	19545	19774	30
970	19548	19844	66
971	19611	20160	66
972	19659	20160	66
973	19661	19776	33
974	19663	19750	30
975	19681	19750	33
976	19686	19750	66
977	19695	19796	33
978	19726	19894	33
979	19742	20116	33
980	19790	20160	33
981	19801	20097	66
982	19808	20160	66
983	19809	20160	66
984	19810	20160	66
985	19811	19912	33
986	19815	19921	66
987	19862	20160	33
988	19866	19940	33
989	19901	19978	33
990	19916	20160	66
991	19926	20160	66
992	19928	19999	66
993	19943	20011	66
994	19961	20056	30
995	19986	20160	66
996	19991	20160	66
997	19991	20160	66
998	20009	20120	66
999	20065	20160	66
