1000	100	0	0
0	0	365	66
1	0	372	33
2	0	407	66
3	0	407	66
4	0	419	33
5	0	419	33
6	0	419	33
7	0	419	33
8	0	420	33
9	0	420	33
10	0	420	33
11	0	420	33
12	0	423	33
13	0	426	33
14	0	456	33
15	0	457	33
16	0	457	33
17	0	457	33
18	0	458	66
19	0	477	33
20	0	477	33
21	0	485	33
22	0	506	33
23	0	507	33
24	0	507	33
25	0	507	33
26	0	507	33
27	0	507	33
28	0	507	33
29	0	507	33
30	0	507	33
31	0	507	33
32	0	507	33
33	0	507	33
34	0	509	33
35	0	509	33
36	0	509	33
37	0	509	33
38	0	509	33
39	0	509	33
40	0	509	33
41	0	509	33
42	0	511	33
43	0	511	33
44	0	513	66
45	0	514	33
46	0	515	66
47	0	515	66
48	0	516	66
49	0	520	66
50	0	527	33
51	0	528	66
52	0	531	66
53	0	531	66
54	0	531	66
55	0	531	66
56	0	534	33
57	0	538	33
58	0	538	33
59	0	538	33
60	0	538	33
61	0	538	33
62	0	540	33
63	0	542	33
64	0	542	33
65	0	546	66
66	0	550	33
67	0	550	33
68	0	550	33
69	0	550	33
70	0	552	33
71	0	552	33
72	0	552	33
73	0	552	33
74	0	552	33
75	0	552	33
76	0	552	33
77	0	552	33
78	0	552	33
79	0	562	33
80	0	576	66
81	0	576	33
82	0	577	33
83	0	577	33
84	0	577	33
85	0	577	33
86	0	577	33
87	0	577	33
88	0	579	33
89	0	579	33
90	0	579	33
91	0	580	33
92	0	580	33
93	0	580	33
94	0	580	33
95	0	580	33
96	0	580	33
97	0	580	33
98	0	580	33
99	0	580	33
100	0	580	33
101	0	580	33
102	0	580	33
103	0	580	33
104	0	580	33
105	0	580	33
106	0	587	33
107	0	605	33
108	0	612	33
109	0	612	33
110	0	618	33
111	0	618	33
112	0	618	33
113	0	622	33
114	0	622	33
115	0	626	33
116	0	627	33
117	0	632	33
118	0	633	33
119	0	633	33
120	0	640	33
121	0	640	33
122	0	640	33
123	0	640	33
124	0	640	33
125	0	640	33
126	0	640	33
127	0	651	66
128	0	705	33
129	0	743	33
130	0	755	33
131	0	755	33
132	0	755	33
133	0	755	33
134	0	781	33
135	0	788	66
136	0	788	66
137	0	855	66
138	0	887	33
139	0	1020	33
140	0	1091	33
141	0	1101	66
142	0	1108	66
143	0	1141	33
144	0	1141	33
145	0	1141	33
146	0	1141	33
147	0	1156	66
148	0	1157	33
149	0	1242	30
150	0	1310	66
151	0	1321	33
152	0	1390	66
153	0	1390	33
154	0	1418	66
155	0	1418	66
156	58	1147	33
157	122	1381	66
158	125	517	66
159	125	517	66
160	125	937	33
161	130	517	66
162	130	517	66
163	135	510	66
164	137	813	33
165	158	1157	66
166	162	578	33
167	162	1247	33
168	197	727	30
169	200	1145	66
170	214	1142	66
171	215	1160	66
172	216	1563	66
173	217	1156	66
174	222	1147	33
175	245	668	66
176	253	1338	33
177	253	1381	33
178	261	786	33
179	261	1142	33
180	261	1205	33
181	261	1321	33
182	261	1387	33
183	282	1142	33
184	282	1142	33
185	284	1157	33
186	313	1141	66
187	313	1141	66
188	313	1141	66
189	314	1045	66
190	316	1021	66
191	352	1629	66
192	363	749	66
193	377	1157	33
194	377	1158	33
195	387	1202	60
196	415	786	33
197	415	1043	33
198	417	1141	33
199	430	1040	33
200	447	1158	33
201	451	842	33
202	451	1161	33
203	458	1141	33
204	464	1338	33
205	518	1140	66
206	518	1141	66
207	538	1142	33
208	538	1321	33
209	546	1510	25
210	571	1612	33
211	572	1291	33
212	590	1038	66
213	590	1141	66
214	590	1142	66
215	592	1151	66
216	592	1156	66
217	593	1541	66
218	609	1300	33
219	614	1159	33
220	617	1142	33
221	617	1562	33
222	619	1018	33
223	619	1036	33
224	627	1043	33
225	691	1631	66
226	721	2141	33
227	722	1863	30
228	726	1746	66
229	740	1407	30
230	759	1898	33
231	759	1995	66
232	771	1882	33
233	785	2060	66
234	803	1995	33
235	816	1901	33
236	819	1901	33
237	819	1901	33
238	820	1901	33
239	820	1901	33
240	820	1901	33
241	851	1312	33
242	870	1453	33
243	906	1905	33
244	908	1278	30
245	926	2026	66
246	929	1567	33
247	933	1901	33
248	954	1498	33
249	960	1474	25
250	996	1566	30
251	1018	1390	33
252	1019	1390	33
253	1071	2070	66
254	1072	1527	33
255	1090	1628	30
256	1146	2232	33
257	1156	1528	33
258	1156	2099	33
259	1158	2098	33
260	1177	2112	25
261	1180	1901	33
262	1189	2154	66
263	1211	1590	33
264	1211	1603	33
265	1214	1583	33
266	1222	1945	66
267	1222	1998	66
268	1242	2479	66
269	1242	2495	66
270	1283	2057	33
271	1299	1752	33
272	1311	2270	66
273	1312	2270	66
274	1322	2060	66
275	1322	2062	66
276	1322	2062	66
277	1322	2063	66
278	1322	2063	66
279	1327	2270	66
280	1331	2222	66
281	1334	2174	66
282	1334	2174	66
283	1336	2270	66
284	1353	2064	66
285	1353	2272	66
286	1378	2119	33
287	1453	2108	33
288	1474	2823	66
289	1519	2035	66
290	1525	2194	33
291	1612	2062	40
292	1681	2418	66
293	1681	2418	66
294	1712	2753	33
295	1726	2098	33
296	1727	2591	66
297	1727	2591	66
298	1734	2137	50
299	1766	2155	33
300	1810	2504	33
301	1816	2225	33
302	1816	2339	33
303	1816	2339	33
304	1818	2225	33
305	1835	2407	33
306	1857	2471	33
307	1866	2680	33
308	1879	2327	33
309	1888	2504	33
310	1908	2718	33
311	1927	2371	33
312	1945	2411	66
313	2044	3025	33
314	2048	2729	33
315	2058	2426	33
316	2058	2426	33
317	2058	2443	33
318	2077	2586	66
319	2103	2775	30
320	2103	2777	30
321	2205	3163	33
322	2251	2941	50
323	2351	2730	33
324	2400	2964	33
325	2462	3857	33
326	2487	2931	33
327	2488	2931	33
328	2522	2886	33
329	2526	3676	66
330	2549	3630	66
331	2550	3493	66
332	2638	4024	33
333	2644	3449	66
334	2647	3449	66
335	2650	3448	66
336	2651	3448	66
337	2651	3448	66
338	2651	3448	66
339	2680	3444	66
340	2681	3444	66
341	2682	3445	66
342	2684	3444	66
343	2885	3424	66
344	2954	3741	50
345	2977	3662	33
346	2977	3783	33
347	2989	3481	33
348	2989	3872	33
349	2999	3860	33
350	3001	3836	25
351	3004	4382	66
352	3008	3681	33
353	3008	3877	33
354	3030	3405	33
355	3039	3782	33
356	3054	3745	33
357	3125	3761	30
358	3125	3763	66
359	3153	3638	66
360	3160	3610	33
361	3160	3857	33
362	3160	4067	33
363	3161	3872	33
364	3221	4167	66
365	3250	3749	33
366	3254	4414	66
367	3260	3857	33
368	3301	3799	33
369	3346	4034	66
370	3425	4809	33
371	3426	3857	33
372	3427	3857	33
373	3427	4812	33
374	3438	4470	33
375	3453	3901	33
376	3465	3858	33
377	3465	4036	33
378	3513	3906	33
379	3537	4581	33
380	3538	4643	33
381	3609	4447	66
382	3610	5022	33
383	3635	5012	33
384	3663	4144	66
385	3770	4756	33
386	3770	5056	33
387	3775	4522	33
388	3873	4381	33
389	3873	4522	33
390	3882	4350	33
391	3886	4679	33
392	3923	4388	33
393	3924	4321	33
394	3925	4321	33
395	3927	4782	33
396	3929	4522	33
397	3952	4987	33
398	4010	4488	33
399	4010	4910	33
400	4010	5449	33
401	4092	5488	33
402	4092	5488	33
403	4095	5519	33
404	4156	4632	33
405	4195	4634	66
406	4252	4846	33
407	4252	5136	33
408	4315	5488	33
409	4381	4774	66
410	4381	4774	66
411	4502	5726	33
412	4503	5119	33
413	4545	5252	33
414	4564	5241	33
415	4648	5101	33
416	4674	5056	66
417	4706	5422	33
418	4730	5114	33
419	4730	5175	33
420	4736	5453	33
421	4747	5656	33
422	4750	5198	33
423	4750	5881	33
424	4750	5885	33
425	4811	6166	33
426	4812	6005	33
427	4841	5250	33
428	4847	6160	33
429	4876	5285	66
430	5050	5734	33
431	5293	6313	66
432	5296	6297	66
433	5299	5845	33
434	5302	6580	33
435	5305	5701	33
436	5305	5701	33
437	5305	5968	33
438	5305	6008	33
439	5305	6231	33
440	5305	6426	33
441	5305	6485	33
442	5344	6533	66
443	5352	6539	33
444	5353	6534	33
445	5363	6367	66
446	5363	6367	66
447	5368	5873	33
448	5387	5882	33
449	5395	5884	33
450	5439	6510	66
451	5445	6836	33
452	5450	5956	33
453	5452	5983	33
454	5480	6362	33
455	5486	6354	66
456	5487	6257	33
457	5515	5968	33
458	5515	6481	33
459	5516	6197	33
460	5516	6678	33
461	5516	6911	33
462	5516	6911	33
463	5516	6922	33
464	5516	6922	33
465	5516	6931	33
466	5520	6956	33
467	5520	6956	33
468	5520	6956	33
469	5520	6956	33
470	5520	6956	33
471	5520	6956	33
472	5520	6956	33
473	5520	6956	33
474	5520	6956	33
475	5520	6956	33
476	5520	6956	33
477	5520	6956	33
478	5520	6957	33
479	5520	6957	33
480	5581	6502	66
481	5732	6476	66
482	5732	6476	66
483	5734	6475	66
484	5734	6475	66
485	5743	6476	66
486	5744	6475	66
487	5744	6476	66
488	5774	6404	66
489	5777	6476	66
490	5777	6476	66
491	5838	6481	33
492	5868	6586	66
493	5876	6872	33
494	5895	6845	33
495	5896	7158	33
496	5896	7175	33
497	5897	6428	33
498	5897	7160	33
499	5899	6280	66
500	5911	6278	66
501	5911	6278	66
502	5911	6278	66
503	5911	6278	66
504	5911	6278	66
505	5914	6279	66
506	5914	6279	66
507	5997	7414	33
508	6011	6768	33
509	6016	7386	66
510	6036	6570	66
511	6088	6472	33
512	6135	7008	66
513	6171	7110	33
514	6256	7081	66
515	6303	6670	33
516	6306	7319	40
517	6327	6972	33
518	6352	7791	33
519	6352	7791	33
520	6352	7791	33
521	6353	7791	33
522	6353	7791	33
523	6353	7791	33
524	6353	7791	33
525	6353	7791	33
526	6365	7040	66
527	6365	7040	66
528	6379	7406	33
529	6387	6749	33
530	6422	7172	33
531	6424	6802	33
532	6437	6881	33
533	6437	6923	33
534	6441	6922	33
535	6441	6964	33
536	6441	7175	33
537	6441	7175	33
538	6441	7175	33
539	6442	6924	33
540	6442	6924	33
541	6443	6922	33
542	6443	6922	33
543	6443	6969	33
544	6443	7882	33
545	6445	7882	33
546	6445	7882	33
547	6446	7882	33
548	6446	7882	33
549	6446	7884	33
550	6451	7411	66
551	6475	6922	33
552	6475	7158	33
553	6476	6922	33
554	6479	6934	33
555	6481	6911	33
556	6481	6922	33
557	6481	6923	33
558	6484	7350	33
559	6485	6856	33
560	6487	6924	33
561	6542	7233	25
562	6582	7062	30
563	6582	7333	66
564	6600	7088	66
565	6633	7063	66
566	6646	7582	33
567	6653	7532	33
568	6664	7237	33
569	6669	7237	33
570	6692	7171	33
571	6702	7079	33
572	6736	7359	33
573	6743	7175	33
574	6743	7816	33
575	6743	7983	33
576	6749	7922	33
577	6749	7928	33
578	6749	8047	33
579	6763	7310	33
580	6842	7219	33
581	6857	7553	66
582	6857	7554	66
583	6908	8215	66
584	6982	7445	33
585	7013	7477	66
586	7038	7649	40
587	7046	7600	66
588	7088	7930	33
589	7158	7882	33
590	7158	8446	33
591	7175	7882	33
592	7177	7882	33
593	7320	7770	33
594	7322	8581	66
595	7323	7770	33
596	7323	7770	33
597	7332	7793	33
598	7376	8568	33
599	7397	8226	66
600	7397	8226	66
601	7422	7842	66
602	7543	8078	50
603	7561	8644	33
604	7583	8509	33
605	7608	8174	30
606	7650	8031	33
607	7678	8600	33
608	7725	9158	33
609	7802	8790	33
610	7806	8302	66
611	7806	9138	33
612	7832	8207	33
613	7835	8385	33
614	7847	8702	33
615	7877	8849	33
616	7922	8385	66
617	7982	8820	66
618	7993	8513	33
619	8046	8927	66
620	8048	8963	33
621	8058	9073	66
622	8129	8712	66
623	8134	9546	33
624	8157	9277	66
625	8191	9016	33
626	8211	9639	33
627	8252	8830	66
628	8252	8831	66
629	8252	8831	66
630	8259	8681	66
631	8269	9268	66
632	8289	9470	33
633	8298	9410	30
634	8335	8736	66
635	8341	9585	33
636	8359	9630	33
637	8383	9220	66
638	8402	8773	66
639	8402	9477	66
640	8478	9494	66
641	8516	8944	33
642	8516	8948	33
643	8516	8948	33
644	8516	8952	33
645	8517	8944	33
646	8517	8948	33
647	8517	8952	33
648	8522	8948	33
649	8708	9549	66
650	8716	9736	33
651	8779	9203	33
652	8779	9203	33
653	8821	9360	25
654	9005	10085	33
655	9021	10045	33
656	9024	9939	66
657	9197	10621	33
658	9255	9926	33
659	9256	10098	33
660	9257	9926	33
661	9261	9931	33
662	9331	10288	66
663	9334	10084	33
664	9343	10459	33
665	9364	10024	66
666	9375	10747	66
667	9420	10320	33
668	9441	10105	33
669	9449	10055	33
670	9484	9844	66
671	9487	9907	33
672	9487	10287	33
673	9497	10055	33
674	9508	10432	33
675	9541	10275	66
676	9549	10790	33
677	9575	10205	33
678	9601	10949	33
679	9609	10026	33
680	9612	10288	33
681	9646	10073	33
682	9656	10145	66
683	9797	10191	33
684	9980	10494	33
685	10015	10389	33
686	10027	11012	33
687	10231	10619	33
688	10248	11368	33
689	10315	11739	33
690	10319	11611	66
691	10381	10789	66
692	10407	11014	30
693	10408	10889	33
694	10449	11300	66
695	10456	10873	66
696	10509	11576	66
697	10511	11669	33
698	10525	11145	33
699	10610	11262	33
700	10681	12093	33
701	10684	11668	33
702	10736	11777	33
703	10741	11377	66
704	10802	11960	33
705	10810	12025	33
706	10832	11581	30
707	10860	11760	33
708	10861	11700	66
709	10864	11344	66
710	10869	11520	33
711	10876	11415	30
712	10920	11371	25
713	10990	11720	66
714	11045	12080	66
715	11061	11638	66
716	11061	12124	66
717	11074	12044	66
718	11118	11522	66
719	11127	11510	66
720	11128	11668	33
721	11135	11538	30
722	11172	11692	33
723	11223	12662	30
724	11275	11706	33
725	11338	11887	66
726	11383	12380	25
727	11427	11884	33
728	11476	11864	33
729	11476	11890	33
730	11476	11896	33
731	11477	12339	33
732	11507	11967	33
733	11507	12341	33
734	11507	12341	33
735	11802	12551	33
736	11820	12973	33
737	11883	12264	66
738	11896	12266	25
739	11947	12419	25
740	11956	12566	66
741	11957	13025	66
742	12007	12432	33
743	12124	13104	33
744	12127	12800	33
745	12137	12507	33
746	12137	13004	33
747	12150	12608	66
748	12154	12599	33
749	12167	13022	33
750	12170	13082	33
751	12190	12765	33
752	12214	12993	40
753	12241	12738	66
754	12242	12748	66
755	12266	13680	33
756	12325	13427	66
757	12343	12994	66
758	12364	12724	66
759	12420	13457	33
760	12423	12879	33
761	12424	13660	33
762	12425	13660	33
763	12450	12976	66
764	12473	12962	33
765	12475	13358	33
766	12522	13037	33
767	12560	13740	33
768	12606	13222	66
769	12660	13597	33
770	12718	13600	66
771	13033	13820	25
772	13074	13570	33
773	13081	13570	33
774	13081	13570	33
775	13129	13909	33
776	13201	13848	66
777	13222	13604	30
778	13326	14195	33
779	13427	13817	33
780	13532	13916	66
781	13622	14613	33
782	13677	14715	33
783	13817	14234	66
784	13920	14980	66
785	13972	15089	66
786	14101	14484	66
787	14275	14641	30
788	14296	14715	33
789	14298	15613	33
790	14304	14830	33
791	14359	15010	30
792	14594	15414	33
793	14620	16009	30
794	14657	15142	66
795	14777	15308	25
796	14780	15440	30
797	14843	16036	33
798	15065	15545	33
799	15177	16606	33
800	15216	16274	66
801	15302	16449	33
802	15344	16581	66
803	15604	16397	33
804	15661	16128	33
805	15661	16128	33
806	15717	16109	66
807	15717	16110	66
808	15717	16110	66
809	15874	16235	33
810	15895	16323	33
811	15895	16389	33
812	16025	16459	33
813	16107	16629	66
814	16123	16702	66
815	16131	16893	50
816	16141	16601	66
817	16179	16722	33
818	16214	16960	33
819	16214	17051	33
820	16268	16921	66
821	16326	17740	66
822	16336	16701	50
823	16348	16921	33
824	16369	17401	33
825	16403	16799	33
826	16415	17338	33
827	16442	16854	66
828	16447	17826	33
829	16463	17754	33
830	16464	17006	33
831	16464	17768	33
832	16504	17825	66
833	16565	17447	33
834	16571	16933	33
835	16583	17123	66
836	16606	17272	33
837	16607	17351	66
838	16630	17324	66
839	16637	17143	33
840	16643	17548	33
841	16686	17238	33
842	16686	17238	33
843	16686	17254	33
844	16723	17527	33
845	16723	17838	33
846	16746	17460	33
847	16761	17886	66
848	16770	17264	30
849	16774	17370	33
850	16806	17184	66
851	16811	17980	66
852	16825	17368	33
853	16826	17281	33
854	16847	17412	33
855	16861	17347	33
856	16893	17275	33
857	16931	18271	33
858	17075	18422	33
859	17225	17931	66
860	17260	17703	33
861	17296	17687	33
862	17397	18555	66
863	17416	17870	33
864	17430	17796	33
865	17431	17796	33
866	17450	18188	33
867	17525	18320	66
868	17548	18140	50
869	17578	18140	25
870	17595	18171	33
871	17674	18193	33
872	17703	18819	66
873	17711	18173	33
874	17878	18753	40
875	17888	18565	33
876	17892	18571	33
877	17892	19225	33
878	17893	18727	33
879	17914	18857	33
880	17920	18654	30
881	17968	18843	33
882	18002	18407	66
883	18002	18408	66
884	18004	18933	33
885	18048	18785	66
886	18066	18780	33
887	18066	19059	33
888	18087	18658	66
889	18088	18659	66
890	18095	18932	33
891	18097	18475	66
892	18128	18700	33
893	18193	19003	66
894	18249	18662	66
895	18266	18670	33
896	18266	18870	33
897	18270	18784	66
898	18291	19458	33
899	18355	19600	66
900	18413	18785	66
901	18486	18880	33
902	18529	19064	66
903	18541	18918	66
904	18548	19208	33
905	18657	20043	66
906	18723	20160	33
907	18758	19341	30
908	18762	20160	66
909	18790	19487	33
910	18790	19487	33
911	18790	19487	33
912	18790	19487	33
913	18790	19487	33
914	18791	19487	33
915	18797	19233	66
916	18840	20103	66
917	18842	20101	66
918	18859	19377	66
919	18866	20160	33
920	18866	20160	33
921	18866	20160	33
922	18877	20160	66
923	18889	19711	50
924	18893	19487	33
925	18893	19487	33
926	18893	20160	33
927	18906	20160	66
928	18911	19738	33
929	18946	20160	33
930	18946	20160	33
931	18947	19323	33
932	18947	19324	33
933	18947	19355	33
934	18947	20160	33
935	18947	20160	33
936	18947	20160	33
937	18947	20160	33
938	18947	20160	33
939	18947	20160	33
940	18947	20160	33
941	18947	20160	33
942	18947	20160	33
943	18947	20160	33
944	18948	19809	33
945	18948	20160	33
946	18948	20160	33
947	18948	20160	33
948	18953	19316	30
949	19021	20160	33
950	19021	20160	66
951	19022	20160	33
952	19107	20160	33
953	19140	20160	33
954	19151	20160	33
955	19190	20160	33
956	19231	20160	33
957	19261	20160	33
958	19276	19807	33
959	19295	20160	33
960	19321	19928	33
961	19332	20007	33
962	19332	20007	33
963	19348	20102	33
964	19348	20160	33
965	19348	20160	33
966	19387	19790	33
967	19441	19915	66
968	19441	19915	66
969	19446	20160	33
970	19465	20160	33
971	19470	19908	66
972	19482	20160	33
973	19488	20160	33
974	19504	19984	66
975	19507	20037	33
976	19507	20160	33
977	19513	19916	33
978	19524	20039	33
979	19524	20160	33
980	19524	20160	33
981	19524	20160	33
982	19539	20160	66
983	19546	19909	66
984	19573	20160	33
985	19623	20031	33
986	19638	20160	33
987	19673	20160	33
988	19683	20119	66
989	19683	20160	66
990	19687	20160	33
991	19708	20160	66
992	19719	20160	66
993	19724	20160	33
994	19736	20160	33
995	19741	20139	33
996	19755	20160	33
997	19765	20160	66
998	19797	20160	33
999	19798	20160	33
