500	100	0	0
0	0	188	33
1	0	200	33
2	0	200	33
3	0	200	33
4	0	200	33
5	0	215	33
6	0	251	66
7	0	253	33
8	0	253	33
9	0	254	33
10	0	254	33
11	0	254	33
12	0	254	33
13	0	255	33
14	0	267	50
15	0	269	33
16	0	269	33
17	0	280	33
18	0	314	33
19	0	316	66
20	0	318	33
21	0	378	33
22	0	420	33
23	0	451	33
24	0	456	33
25	0	457	33
26	0	477	33
27	0	477	33
28	0	509	33
29	0	511	33
30	0	513	66
31	0	513	66
32	0	514	66
33	0	528	66
34	0	531	66
35	0	531	66
36	0	538	33
37	0	538	33
38	0	550	33
39	0	550	33
40	0	552	33
41	0	552	33
42	0	552	33
43	0	552	33
44	0	552	33
45	0	552	33
46	0	576	66
47	0	576	33
48	0	576	33
49	0	577	33
50	0	577	33
51	0	580	33
52	0	580	33
53	0	580	33
54	0	605	33
55	0	612	33
56	0	618	33
57	0	626	33
58	0	640	33
59	0	641	33
60	0	743	33
61	0	755	33
62	0	755	33
63	0	755	33
64	0	755	33
65	0	755	33
66	0	901	33
67	0	1108	66
68	0	1142	33
69	0	1142	33
70	0	1157	33
71	0	1390	33
72	61	1311	33
73	90	721	33
74	125	516	66
75	129	937	33
76	171	1025	66
77	198	479	33
78	214	484	66
79	214	1142	66
80	252	1141	33
81	253	457	33
82	261	668	33
83	261	1157	66
84	282	1214	33
85	284	1157	33
86	377	1157	33
87	377	1157	33
88	377	1157	33
89	415	625	33
90	415	729	33
91	417	1141	33
92	447	1158	33
93	461	744	33
94	518	1142	66
95	538	779	66
96	572	1645	33
97	589	1142	66
98	597	900	30
99	597	1157	66
100	609	1575	33
101	610	1278	33
102	616	977	33
103	617	1440	33
104	667	1702	33
105	721	1102	66
106	820	1901	33
107	851	1198	33
108	954	1217	33
109	956	1142	33
110	994	1291	33
111	1034	1390	33
112	1078	1502	33
113	1115	1323	66
114	1146	2170	33
115	1159	1676	66
116	1159	2119	33
117	1177	1901	33
118	1211	1482	33
119	1222	1894	66
120	1278	1484	50
121	1299	1497	33
122	1299	1528	33
123	1313	1927	66
124	1318	2270	66
125	1322	2062	66
126	1322	2062	66
127	1327	2270	66
128	1333	2048	33
129	1382	1776	33
130	1382	1783	33
131	1519	1842	66
132	1549	1901	33
133	1636	1998	33
134	1636	2000	33
135	1695	2635	66
136	1726	2131	33
137	1726	2504	33
138	1760	2309	33
139	1765	2087	33
140	1799	2013	33
141	1810	2505	33
142	1827	2058	33
143	1893	2450	66
144	1917	2435	33
145	1933	2140	33
146	1974	2282	30
147	2043	3285	33
148	2160	2941	33
149	2172	3600	33
150	2173	2710	33
151	2192	3555	25
152	2203	3095	33
153	2224	3392	33
154	2225	2405	66
155	2281	2943	33
156	2370	2902	66
157	2390	2633	30
158	2508	3774	33
159	2518	2851	33
160	2597	2791	66
161	2605	2911	33
162	2631	2859	30
163	2640	3786	33
164	2651	3448	66
165	2655	2858	33
166	2680	3445	66
167	2705	2936	66
168	2787	2981	33
169	2793	2974	33
170	2827	3233	40
171	2883	3352	66
172	2903	3131	33
173	2981	3479	33
174	2988	3872	33
175	3004	3213	33
176	3004	3458	33
177	3006	3239	33
178	3008	3623	33
179	3008	3863	33
180	3010	3663	33
181	3039	3301	33
182	3261	3857	33
183	3319	3537	33
184	3426	3695	33
185	3513	3906	33
186	3616	3799	33
187	3778	4031	33
188	3889	5010	66
189	3969	4804	33
190	4234	4503	66
191	4249	5127	33
192	4256	5132	33
193	4335	4702	33
194	4335	4762	33
195	4441	4776	33
196	4455	4738	33
197	4472	4809	33
198	4483	4775	33
199	4485	5908	33
200	4488	5162	33
201	4545	5192	33
202	4680	5206	33
203	4750	5198	33
204	4841	5311	33
205	5001	5310	30
206	5089	5339	66
207	5107	5418	30
208	5119	5340	66
209	5127	5391	66
210	5136	5334	66
211	5146	5334	66
212	5380	5567	33
213	5450	5956	33
214	5477	6233	66
215	5516	6845	33
216	5520	6683	33
217	5520	6956	33
218	5553	5802	33
219	5554	5802	33
220	5554	5802	33
221	5554	5802	33
222	5554	5802	33
223	5554	5802	33
224	5554	5802	33
225	5558	5802	33
226	5558	5802	33
227	5558	5802	33
228	5558	5802	33
229	5558	5804	33
230	5559	5802	33
231	5559	5802	33
232	5563	5802	33
233	5566	5802	33
234	5581	6062	33
235	5590	5802	33
236	5594	5801	66
237	5594	5801	66
238	5600	5801	66
239	5603	5802	33
240	5616	5801	66
241	5700	6011	30
242	5732	6476	66
243	5744	6476	66
244	5750	6476	66
245	5777	6476	66
246	5881	6210	33
247	5881	6946	33
248	5884	6622	33
249	5897	7178	33
250	5899	6280	66
251	5925	6278	66
252	5933	6279	66
253	6059	6279	66
254	6165	6548	33
255	6182	6768	33
256	6331	6612	33
257	6352	7791	33
258	6353	7791	33
259	6386	6765	33
260	6387	7408	33
261	6402	6649	66
262	6403	7674	30
263	6441	7158	33
264	6443	7882	33
265	6446	6922	33
266	6446	7882	33
267	6447	7882	33
268	6461	6825	30
269	6476	6918	33
270	6476	6918	33
271	6487	6682	33
272	6646	7586	33
273	6655	6967	66
274	6712	6966	66
275	6741	6965	66
276	6744	6962	33
277	6781	6985	66
278	6782	6986	66
279	6835	7859	66
280	6842	7219	33
281	6878	7206	66
282	6916	7932	33
283	6921	7155	33
284	6940	7145	33
285	7064	7376	33
286	7175	7384	66
287	7175	7407	33
288	7263	7849	25
289	7273	7586	33
290	7306	7548	33
291	7385	7595	66
292	7385	7595	66
293	7470	7950	33
294	7545	8703	33
295	7582	8762	33
296	7609	7923	30
297	7620	7823	66
298	7647	7945	33
299	7689	7892	33
300	7812	9229	33
301	7865	8218	33
302	7877	8795	33
303	7886	8743	33
304	7906	8094	33
305	7952	8702	30
306	8004	8311	30
307	8058	8244	66
308	8221	8488	33
309	8403	9427	33
310	8509	8959	33
311	8516	8958	33
312	8516	9555	33
313	8527	9472	33
314	8574	9338	33
315	8626	9126	25
316	8761	8946	33
317	8779	9203	33
318	8881	9150	33
319	8969	9449	33
320	9058	9611	33
321	9202	9477	66
322	9222	9563	33
323	9223	9554	33
324	9228	9432	33
325	9260	9931	33
326	9269	10592	33
327	9304	10564	66
328	9361	9812	66
329	9483	9786	33
330	9519	9856	33
331	9565	10000	33
332	9576	9854	66
333	9816	10003	33
334	9977	10269	33
335	9977	10301	33
336	9978	10325	33
337	9978	10969	33
338	10037	10322	33
339	10208	10667	33
340	10403	10671	66
341	10415	10769	30
342	10449	10756	30
343	10508	10721	66
344	10605	10873	66
345	10605	10873	66
346	10674	11957	30
347	10702	11068	33
348	10735	11163	33
349	10750	11766	33
350	10782	12020	66
351	10801	11199	66
352	10834	11184	33
353	10839	11625	66
354	10868	11255	25
355	10874	11598	33
356	10888	11614	66
357	10958	11269	30
358	11021	11275	66
359	11061	11637	66
360	11087	11335	33
361	11129	11636	66
362	11181	11366	33
363	11211	12390	66
364	11218	11684	30
365	11221	11465	33
366	11315	11592	66
367	11342	11762	33
368	11356	11591	33
369	11387	11869	33
370	11388	11633	33
371	11388	11884	33
372	11416	11786	66
373	11455	11772	50
374	11476	11896	33
375	11477	11864	33
376	11477	11884	33
377	11477	12339	33
378	11507	11896	33
379	11692	12398	33
380	11692	12412	33
381	11884	12164	33
382	11944	12131	66
383	11947	12143	25
384	11971	12161	66
385	11999	12221	33
386	12072	12800	33
387	12082	12381	50
388	12201	12452	66
389	12210	12414	40
390	12325	12671	33
391	12325	12675	33
392	12343	13107	25
393	12377	12579	25
394	12383	12624	33
395	12404	12670	66
396	12438	12818	30
397	12582	12769	33
398	12605	13519	33
399	12666	12949	33
400	12696	13820	33
401	12774	12979	66
402	12870	13121	33
403	12913	13278	33
404	12966	13314	25
405	12987	13379	33
406	13021	13418	33
407	13207	13698	25
408	13260	13481	33
409	13335	13884	33
410	13386	13884	33
411	13444	13686	33
412	13681	14160	66
413	13876	14119	66
414	14214	14398	33
415	14641	15100	25
416	14830	15036	33
417	15075	15385	30
418	15264	15506	30
419	15359	15565	33
420	15388	15575	33
421	15391	15575	33
422	15444	15945	66
423	15444	15946	66
424	15615	16426	33
425	15916	16354	33
426	15917	16354	33
427	15990	16309	33
428	15997	17431	66
429	16214	16984	33
430	16216	16454	33
431	16252	16563	66
432	16326	17740	66
433	16348	16921	33
434	16382	16678	50
435	16400	16722	33
436	16463	17448	33
437	16530	17474	66
438	16624	17832	33
439	16746	16973	25
440	16805	17156	66
441	17018	17233	33
442	17077	17291	33
443	17102	17303	66
444	17430	17870	33
445	17450	18250	33
446	17461	18000	25
447	17461	18171	33
448	17491	18331	66
449	17507	17710	50
450	17595	18404	66
451	17711	18173	33
452	17857	18581	30
453	17947	18374	25
454	18097	18475	66
455	18140	19073	33
456	18218	18846	33
457	18315	18572	33
458	18329	18709	33
459	18361	18566	33
460	18463	19487	33
461	18574	19153	33
462	18736	18978	33
463	18756	19075	25
464	18783	19207	25
465	18790	19487	33
466	18796	19136	66
467	18911	19661	33
468	18935	19754	33
469	18947	19806	33
470	18947	20160	33
471	18947	20160	33
472	18948	20160	33
473	18948	20160	33
474	18961	19174	25
475	18968	19269	33
476	19000	20160	50
477	19016	19465	66
478	19199	19656	30
479	19348	19735	33
480	19385	20131	33
481	19431	19721	66
482	19470	19721	66
483	19489	20160	33
484	19500	20160	33
485	19516	20160	33
486	19524	20039	33
487	19524	20160	33
488	19524	20160	33
489	19524	20160	33
490	19524	20160	33
491	19616	19808	33
492	19626	20117	33
493	19627	19807	33
494	19808	20160	66
495	19808	20160	66
496	19824	20046	50
497	19861	20160	33
498	19861	20160	33
499	19919	20160	66
