500	100	0	0
0	0	44	33
1	0	96	33
2	0	166	66
3	0	188	33
4	0	188	33
5	0	200	33
6	0	254	33
7	0	306	33
8	0	419	33
9	0	427	33
10	0	477	33
11	0	506	33
12	0	513	61
13	0	528	33
14	0	531	66
15	0	542	33
16	0	577	33
17	0	577	33
18	0	577	33
19	0	580	33
20	0	580	33
21	0	755	33
22	0	1141	33
23	0	1330	33
24	60	66	33
25	91	131	33
26	121	165	66
27	206	248	66
28	210	216	33
29	230	457	66
30	230	457	66
31	241	438	33
32	282	288	33
33	311	320	66
34	425	431	33
35	451	662	33
36	518	532	66
37	538	1375	33
38	559	638	33
39	591	593	66
40	597	599	66
41	601	702	33
42	617	1328	33
43	619	690	66
44	622	627	33
45	690	1626	66
46	739	778	33
47	778	795	66
48	785	796	33
49	841	844	33
50	958	975	33
51	987	993	33
52	991	997	33
53	1033	1056	33
54	1051	1264	66
55	1060	1084	33
56	1095	1332	33
57	1096	1116	33
58	1118	1206	66
59	1142	1159	33
60	1142	1199	66
61	1156	1236	33
62	1157	1199	66
63	1173	1294	66
64	1211	1639	33
65	1230	1379	25
66	1250	1268	33
67	1378	1462	33
68	1378	2119	33
69	1381	1463	66
70	1441	1442	66
71	1441	1500	66
72	1449	1577	66
73	1527	1557	33
74	1561	1605	33
75	1561	1718	33
76	1582	1609	33
77	1645	1741	33
78	1649	1655	33
79	1666	1725	66
80	1741	1770	33
81	1793	2103	30
82	1803	1816	33
83	1809	1815	33
84	1809	1815	33
85	1842	1845	33
86	1865	1903	33
87	1874	1884	66
88	1887	1892	33
89	1887	1901	33
90	1934	3221	33
91	1950	1956	33
92	1959	1964	33
93	1981	1985	66
94	1996	2164	33
95	2008	2022	33
96	2010	2051	33
97	2011	2028	33
98	2044	2084	66
99	2058	3087	33
100	2131	2134	61
101	2161	2205	66
102	2173	2192	33
103	2319	2383	33
104	2322	2404	33
105	2410	2432	33
106	2420	2505	66
107	2422	2442	33
108	2422	2442	33
109	2469	2474	33
110	2471	2548	33
111	2475	2517	66
112	2498	2530	66
113	2518	2539	33
114	2519	3856	33
115	2639	2640	33
116	2650	3448	66
117	2664	2999	33
118	2686	2794	33
119	2750	2879	66
120	2787	2950	33
121	2790	2929	33
122	2793	2969	33
123	2866	3008	25
124	2882	3060	66
125	2987	3681	33
126	2999	3002	66
127	3038	3043	33
128	3038	3121	33
129	3039	3053	33
130	3109	3114	33
131	3115	3521	25
132	3128	3150	33
133	3185	3279	66
134	3212	3263	33
135	3244	3521	66
136	3303	3343	66
137	3335	3348	33
138	3335	3378	33
139	3341	3347	33
140	3376	3448	33
141	3431	3473	66
142	3440	3709	66
143	3453	3475	33
144	3477	3483	33
145	3492	3533	33
146	3503	3504	33
147	3537	3623	66
148	3563	3665	25
149	3600	3639	66
150	3601	3610	33
151	3602	3617	33
152	3604	3613	33
153	3783	5017	66
154	3802	3822	33
155	3831	3833	33
156	3886	3891	33
157	3938	3943	33
158	3949	3954	33
159	3980	3986	33
160	3995	4043	66
161	4031	4114	66
162	4036	4043	33
163	4036	4108	33
164	4038	4043	33
165	4047	4092	33
166	4171	4176	33
167	4186	4191	33
168	4203	4219	33
169	4426	4432	33
170	4471	4493	50
171	4536	4812	33
172	4539	4540	33
173	4548	4665	66
174	4587	4632	33
175	4640	4646	66
176	4656	4661	33
177	4733	4739	33
178	4747	4752	33
179	4849	4891	33
180	4893	5053	66
181	4973	4978	33
182	5057	5219	66
183	5090	5092	66
184	5098	5166	33
185	5098	5168	33
186	5099	5340	66
187	5100	5339	66
188	5246	5337	66
189	5280	5293	33
190	5281	5546	66
191	5281	5546	66
192	5301	5401	33
193	5301	5529	33
194	5305	6678	33
195	5383	5775	33
196	5407	5469	66
197	5430	5495	33
198	5447	5449	33
199	5450	6448	33
200	5515	6917	33
201	5516	5769	33
202	5520	5521	33
203	5520	6920	33
204	5554	5556	33
205	5554	5802	33
206	5555	5802	33
207	5559	5561	33
208	5559	5561	33
209	5563	5802	33
210	5579	5711	66
211	5616	5617	66
212	5616	5801	66
213	5668	5707	66
214	5681	5739	33
215	5735	5853	66
216	5742	6475	66
217	5750	5836	66
218	5876	5965	66
219	5882	7301	33
220	6115	6151	33
221	6181	6768	33
222	6218	6286	50
223	6296	6634	33
224	6330	6362	33
225	6334	6347	33
226	6353	7791	33
227	6367	7336	33
228	6423	6541	33
229	6438	6439	33
230	6441	6916	33
231	6441	7158	33
232	6446	6485	33
233	6502	6598	66
234	6596	6672	66
235	6596	6672	66
236	6659	7263	33
237	6679	6714	33
238	6686	7680	33
239	6708	7280	66
240	6711	6916	33
241	6720	6798	33
242	6731	6965	66
243	6744	6964	66
244	6877	7261	25
245	6885	6914	66
246	6889	6991	33
247	6916	7932	33
248	6918	6950	33
249	6918	6983	33
250	6922	7014	33
251	7038	7061	33
252	7087	7178	33
253	7087	7200	33
254	7136	7285	66
255	7261	7801	66
256	7301	7317	33
257	7321	7393	66
258	7421	7461	33
259	7427	7433	30
260	7567	7593	33
261	7831	7861	33
262	7856	8218	33
263	7983	8168	33
264	8056	8137	33
265	8065	8090	33
266	8125	8145	33
267	8131	8191	66
268	8161	8216	66
269	8214	8251	66
270	8221	8379	33
271	8246	8257	66
272	8287	8356	33
273	8315	8358	66
274	8325	8337	33
275	8357	8426	33
276	8357	8539	66
277	8358	8403	33
278	8427	8499	33
279	8452	8476	33
280	8477	8544	66
281	8569	8589	33
282	8885	9301	33
283	8970	9054	33
284	9145	9175	33
285	9194	9251	25
286	9205	9225	33
287	9222	9558	33
288	9241	9260	33
289	9265	9310	33
290	9536	9827	66
291	9546	9594	66
292	9559	9575	33
293	9559	9639	33
294	9561	9582	33
295	9565	9585	33
296	9569	9952	25
297	9592	9722	66
298	9594	9619	33
299	9675	9759	33
300	9707	9751	33
301	9923	9960	33
302	9952	9957	30
303	9957	9961	33
304	10015	10155	66
305	10058	10230	33
306	10096	10353	66
307	10146	10490	33
308	10285	10305	33
309	10441	10497	66
310	10451	10549	33
311	10490	10524	33
312	10562	10672	33
313	10574	10641	33
314	10598	10771	66
315	10666	10926	33
316	10705	10730	33
317	10773	10796	33
318	10774	10841	33
319	10786	10855	33
320	10801	10842	50
321	10899	10907	66
322	10929	10960	33
323	10949	10962	33
324	11005	11033	33
325	11017	11133	33
326	11038	11069	33
327	11038	11133	33
328	11062	11130	33
329	11092	11282	66
330	11354	11360	33
331	11358	11514	66
332	11402	11511	33
333	11481	11714	33
334	11525	11560	66
335	11615	11635	33
336	11848	11920	33
337	11907	11909	33
338	12128	12129	66
339	12183	12219	66
340	12315	12400	33
341	12343	12995	66
342	12420	12467	33
343	12505	12525	33
344	12526	12538	33
345	12604	12645	33
346	12644	12932	33
347	12650	12833	33
348	12661	12688	33
349	12666	12677	66
350	12691	12717	66
351	12736	12784	66
352	12745	12755	66
353	12754	12852	33
354	12868	12888	33
355	12915	12979	66
356	13030	13036	33
357	13338	13371	33
358	13357	13428	50
359	13427	13541	33
360	13444	13517	33
361	13561	13603	66
362	13616	13644	33
363	13616	13704	33
364	13684	14466	66
365	13685	13747	66
366	13713	13940	66
367	13746	13843	66
368	13765	13790	33
369	13921	14019	66
370	13924	14272	66
371	14237	14258	33
372	14341	14387	33
373	14425	14455	33
374	14461	14520	33
375	14765	14855	33
376	14880	14913	33
377	14905	14925	33
378	14957	15013	33
379	15033	15218	33
380	15069	15107	33
381	15113	15149	33
382	15128	15220	33
383	15209	15245	33
384	15217	15241	33
385	15364	15405	33
386	15378	15394	33
387	15444	15946	66
388	15547	15567	33
389	15547	15645	33
390	15565	15587	33
391	15565	15588	33
392	15625	15645	33
393	15631	15643	66
394	15639	15654	33
395	15643	15655	33
396	15796	15844	66
397	15814	15844	66
398	15849	15919	33
399	16041	16094	33
400	16209	16264	66
401	16216	16276	66
402	16464	17223	33
403	16465	16501	33
404	16583	16667	30
405	16583	16702	66
406	16616	17832	33
407	16624	16734	66
408	16748	16773	33
409	16757	16841	30
410	16777	16798	33
411	16823	16850	33
412	16824	16846	33
413	16826	16935	25
414	16833	16899	66
415	16924	16947	33
416	16945	16965	33
417	16945	17044	33
418	16955	17404	66
419	16972	16979	33
420	17003	17020	66
421	17006	17032	33
422	17053	17121	33
423	17075	17081	66
424	17221	17266	66
425	17225	17226	66
426	17252	17388	33
427	17253	17350	33
428	17253	17432	33
429	17298	17442	66
430	17407	17428	33
431	17430	17796	33
432	17469	17481	33
433	17494	17495	66
434	17596	17685	66
435	17649	17737	33
436	17671	17988	66
437	17690	17970	33
438	17735	17750	66
439	17772	17847	33
440	17820	17908	33
441	17835	17933	33
442	17905	17974	66
443	18022	18087	33
444	18074	18103	66
445	18186	18196	33
446	18270	18319	33
447	18301	18321	33
448	18377	18400	33
449	18383	18419	33
450	18415	18574	66
451	18493	18544	33
452	18505	18525	33
453	18509	18536	33
454	18571	18600	33
455	18574	18583	33
456	18593	18615	66
457	18628	18656	33
458	18646	18654	66
459	18649	18655	66
460	18712	18784	33
461	18744	18776	33
462	18761	18798	33
463	18771	18877	66
464	18787	18942	33
465	18790	19487	33
466	18799	18801	66
467	18866	20160	33
468	18903	18965	33
469	18916	19215	33
470	18946	19029	66
471	19023	19093	33
472	19034	19046	66
473	19086	19150	33
474	19141	19233	66
475	19190	19291	33
476	19206	19304	66
477	19321	19359	33
478	19341	19374	66
479	19439	19470	33
480	19442	19486	33
481	19491	19500	33
482	19524	20160	33
483	19641	19658	33
484	19661	20160	66
485	19680	19719	66
486	19721	19776	33
487	19726	19755	33
488	19728	19741	66
489	19765	20160	33
490	19795	19949	66
491	19808	20160	66
492	19818	19827	33
493	19854	20046	50
494	19887	19893	33
495	19915	20160	33
496	19917	19984	66
497	19921	20018	66
498	19971	20160	66
499	20067	20160	33
