600	2	0	0
0	256	261	1
1	145	162	1
2	402	434	1
3	505	513	1
4	129	140	1
5	293	351	1
6	63	83	1
7	355	373	1
8	544	552	1
9	459	490	1
10	200	222	1
11	221	228	1
12	29	82	1
13	562	611	1
14	460	471	1
15	159	171	1
16	578	580	1
17	320	333	1
18	460	481	1
19	257	292	1
20	413	418	1
21	212	214	1
22	354	419	1
23	346	409	1
24	530	539	1
25	403	414	1
26	288	302	1
27	446	452	1
28	469	489	1
29	596	611	1
30	199	207	1
31	225	239	1
32	553	562	1
33	117	186	1
34	338	341	1
35	26	147	1
36	307	324	1
37	98	117	1
38	372	381	1
39	197	199	1
40	75	83	1
41	409	452	1
42	150	195	1
43	536	598	1
44	442	455	1
45	571	576	1
46	67	88	1
47	345	407	1
48	506	542	1
49	295	307	1
50	32	48	1
51	575	579	1
52	267	301	1
53	583	598	1
54	242	270	1
55	257	298	1
56	157	162	1
57	71	84	1
58	343	363	1
59	588	619	1
60	593	622	1
61	103	139	1
62	293	295	1
63	351	365	1
64	360	383	1
65	358	373	1
66	66	86	1
67	445	462	1
68	281	284	1
69	375	377	1
70	290	301	1
71	313	325	1
72	85	164	1
73	421	443	1
74	451	465	1
75	21	63	1
76	97	110	1
77	266	281	1
78	317	320	1
79	504	509	1
80	238	249	1
81	415	422	1
82	66	103	1
83	574	584	1
84	196	237	1
85	341	363	1
86	432	437	1
87	300	313	1
88	439	454	1
89	121	137	1
90	33	62	1
91	327	343	1
92	396	398	1
93	190	229	1
94	269	280	1
95	115	118	1
96	397	401	1
97	80	106	1
98	545	548	1
99	227	232	1
100	567	579	1
101	208	240	1
102	405	409	1
103	559	562	1
104	471	499	1
105	149	167	1
106	258	284	1
107	583	606	1
108	39	79	1
109	188	202	1
110	360	397	1
111	479	508	1
112	14	24	1
113	420	437	1
114	554	573	1
115	10	26	1
116	421	442	1
117	279	297	1
118	428	453	1
119	596	613	1
120	553	568	1
121	76	82	1
122	193	199	1
123	116	149	1
124	516	564	1
125	338	344	1
126	461	486	1
127	126	173	1
128	430	471	1
129	148	157	1
130	18	25	1
131	524	533	1
132	65	142	1
133	327	336	1
134	142	162	1
135	590	622	1
136	20	31	1
137	546	564	1
138	257	284	1
139	96	98	1
140	422	430	1
141	19	57	1
142	121	125	1
143	405	452	1
144	501	511	1
145	55	103	1
146	320	326	1
147	1	5	1
148	223	260	1
149	405	413	1
150	459	461	1
151	23	29	1
152	486	497	1
153	478	501	1
154	384	415	1
155	431	453	1
156	341	375	1
157	582	590	1
158	557	570	1
159	153	156	1
160	599	623	1
161	163	191	1
162	451	467	1
163	109	126	1
164	13	21	1
165	36	59	1
166	240	244	1
167	332	337	1
168	572	588	1
169	334	338	1
170	344	346	1
171	467	511	1
172	61	68	1
173	481	494	1
174	489	493	1
175	512	556	1
176	132	143	1
177	506	514	1
178	518	534	1
179	591	595	1
180	368	392	1
181	55	84	1
182	416	418	1
183	208	228	1
184	236	244	1
185	481	483	1
186	444	466	1
187	466	494	1
188	289	318	1
189	206	210	1
190	207	214	1
191	270	293	1
192	509	521	1
193	592	594	1
194	27	36	1
195	109	140	1
196	49	69	1
197	25	85	1
198	289	292	1
199	321	329	1
200	583	594	1
201	446	451	1
202	317	356	1
203	188	204	1
204	579	606	1
205	300	331	1
206	347	367	1
207	375	390	1
208	467	504	1
209	371	398	1
210	227	235	1
211	109	143	1
212	373	375	1
213	314	316	1
214	460	472	1
215	214	238	1
216	333	336	1
217	550	565	1
218	51	66	1
219	417	422	1
220	480	510	1
221	61	84	1
222	168	177	1
223	497	500	1
224	333	386	1
225	79	91	1
226	32	39	1
227	567	575	1
228	374	377	1
229	591	611	1
230	23	40	1
231	116	141	1
232	135	164	1
233	405	410	1
234	437	454	1
235	81	104	1
236	205	244	1
237	584	617	1
238	351	401	1
239	482	485	1
240	152	192	1
241	331	369	1
242	599	714	1
243	71	118	1
244	475	484	1
245	480	497	1
246	161	172	1
247	1	3	1
248	243	246	1
249	486	496	1
250	115	140	1
251	199	231	1
252	545	555	1
253	203	217	1
254	158	202	1
255	197	253	1
256	344	366	1
257	544	552	1
258	441	479	1
259	474	478	1
260	301	311	1
261	30	54	1
262	478	528	1
263	233	241	1
264	70	114	1
265	529	534	1
266	0	2	1
267	541	591	1
268	99	110	1
269	296	332	1
270	190	240	1
271	1	4	1
272	258	269	1
273	475	519	1
274	592	647	1
275	539	575	1
276	539	557	1
277	215	219	1
278	29	56	1
279	262	270	1
280	78	115	1
281	306	353	1
282	297	300	1
283	258	310	1
284	99	148	1
285	392	410	1
286	422	425	1
287	342	357	1
288	82	112	1
289	473	475	1
290	109	144	1
291	263	291	1
292	365	369	1
293	422	436	1
294	201	220	1
295	315	330	1
296	469	499	1
297	551	554	1
298	200	204	1
299	134	158	1
300	209	222	1
301	499	561	1
302	244	255	1
303	75	104	1
304	483	501	1
305	100	147	1
306	277	311	1
307	293	329	1
308	220	246	1
309	24	26	1
310	523	569	1
311	386	394	1
312	416	433	1
313	415	420	1
314	163	166	1
315	151	161	1
316	321	329	1
317	577	598	1
318	280	298	1
319	518	527	1
320	437	470	1
321	434	438	1
322	23	45	1
323	88	129	1
324	232	260	1
325	558	568	1
326	494	527	1
327	581	584	1
328	428	442	1
329	345	363	1
330	206	213	1
331	205	247	1
332	495	506	1
333	354	374	1
334	403	406	1
335	362	373	1
336	182	191	1
337	444	465	1
338	182	188	1
339	129	155	1
340	596	608	1
341	204	208	1
342	102	105	1
343	157	160	1
344	374	401	1
345	308	314	1
346	341	357	1
347	434	466	1
348	548	561	1
349	32	61	1
350	445	527	1
351	590	596	1
352	85	109	1
353	329	358	1
354	403	413	1
355	510	512	1
356	494	497	1
357	429	433	1
358	195	228	1
359	77	128	1
360	367	378	1
361	530	557	1
362	129	146	1
363	397	413	1
364	585	608	1
365	391	397	1
366	133	136	1
367	366	392	1
368	73	75	1
369	2	31	1
370	415	467	1
371	236	256	1
372	117	138	1
373	111	126	1
374	490	529	1
375	190	210	1
376	409	445	1
377	337	348	1
378	106	114	1
379	46	70	1
380	294	344	1
381	325	385	1
382	480	523	1
383	182	193	1
384	74	114	1
385	508	539	1
386	75	105	1
387	262	265	1
388	159	182	1
389	280	308	1
390	360	370	1
391	381	391	1
392	236	256	1
393	275	277	1
394	251	284	1
395	513	525	1
396	108	189	1
397	4	6	1
398	518	538	1
399	552	561	1
400	292	318	1
401	14	20	1
402	76	117	1
403	451	479	1
404	596	618	1
405	590	594	1
406	225	236	1
407	249	251	1
408	121	162	1
409	383	388	1
410	391	398	1
411	467	470	1
412	455	463	1
413	455	467	1
414	161	169	1
415	236	246	1
416	31	50	1
417	318	322	1
418	326	340	1
419	598	616	1
420	199	204	1
421	308	329	1
422	423	446	1
423	299	307	1
424	250	260	1
425	174	195	1
426	173	184	1
427	279	350	1
428	574	579	1
429	122	140	1
430	488	541	1
431	364	370	1
432	407	429	1
433	544	552	1
434	128	135	1
435	327	329	1
436	416	478	1
437	445	464	1
438	304	349	1
439	222	258	1
440	16	18	1
441	145	147	1
442	183	228	1
443	186	194	1
444	293	313	1
445	491	585	1
446	477	484	1
447	29	36	1
448	304	307	1
449	255	281	1
450	383	420	1
451	339	343	1
452	414	458	1
453	53	60	1
454	97	119	1
455	512	540	1
456	578	583	1
457	139	143	1
458	345	434	1
459	78	87	1
460	482	498	1
461	218	223	1
462	213	252	1
463	410	420	1
464	474	479	1
465	374	377	1
466	17	21	1
467	298	307	1
468	469	555	1
469	447	455	1
470	484	503	1
471	595	597	1
472	179	228	1
473	446	493	1
474	64	80	1
475	137	174	1
476	406	409	1
477	220	245	1
478	234	241	1
479	436	454	1
480	385	389	1
481	590	621	1
482	307	323	1
483	192	197	1
484	407	464	1
485	255	287	1
486	417	463	1
487	319	340	1
488	447	482	1
489	321	333	1
490	318	325	1
491	486	500	1
492	573	614	1
493	331	370	1
494	414	418	1
495	209	232	1
496	43	67	1
497	398	438	1
498	299	348	1
499	52	56	1
500	45	68	1
501	148	150	1
502	105	114	1
503	594	622	1
504	569	582	1
505	482	504	1
506	567	576	1
507	227	233	1
508	559	571	1
509	227	249	1
510	257	327	1
511	248	257	1
512	340	401	1
513	467	472	1
514	202	230	1
515	547	549	1
516	372	384	1
517	538	581	1
518	587	591	1
519	234	268	1
520	199	208	1
521	146	152	1
522	237	263	1
523	337	362	1
524	573	590	1
525	129	137	1
526	508	518	1
527	562	589	1
528	38	42	1
529	361	412	1
530	369	386	1
531	570	617	1
532	224	322	1
533	441	495	1
534	65	74	1
535	6	37	1
536	44	58	1
537	175	190	1
538	278	284	1
539	388	395	1
540	313	318	1
541	52	55	1
542	29	33	1
543	141	174	1
544	390	409	1
545	324	329	1
546	302	314	1
547	164	166	1
548	315	385	1
549	372	393	1
550	538	560	1
551	254	334	1
552	281	297	1
553	535	545	1
554	311	334	1
555	504	512	1
556	320	359	1
557	555	577	1
558	154	162	1
559	437	441	1
560	119	127	1
561	39	56	1
562	572	581	1
563	155	158	1
564	311	318	1
565	17	61	1
566	159	167	1
567	342	350	1
568	326	372	1
569	322	336	1
570	196	203	1
571	64	69	1
572	520	534	1
573	6	9	1
574	549	575	1
575	410	429	1
576	409	411	1
577	185	200	1
578	439	449	1
579	296	300	1
580	319	383	1
581	453	470	1
582	431	456	1
583	132	138	1
584	563	579	1
585	242	264	1
586	504	536	1
587	192	207	1
588	517	520	1
589	291	308	1
590	291	307	1
591	97	169	1
592	165	186	1
593	143	148	1
594	586	599	1
595	130	146	1
596	481	500	1
597	226	232	1
598	578	586	1
599	463	481	1
