400	2	0	0
0	23	37	1
1	380	395	1
2	309	351	1
3	250	252	1
4	372	400	1
5	251	253	1
6	219	227	1
7	113	137	1
8	155	176	1
9	257	268	1
10	285	318	1
11	374	384	1
12	132	140	1
13	395	424	1
14	298	301	1
15	222	232	1
16	2	7	1
17	82	88	1
18	25	34	1
19	139	141	1
20	314	320	1
21	217	219	1
22	312	319	1
23	97	102	1
24	292	295	1
25	122	135	1
26	82	99	1
27	43	66	1
28	284	291	1
29	261	273	1
30	301	307	1
31	368	388	1
32	370	382	1
33	229	238	1
34	347	354	1
35	164	186	1
36	277	286	1
37	389	393	1
38	33	40	1
39	152	156	1
40	154	158	1
41	69	75	1
42	103	105	1
43	86	102	1
44	276	289	1
45	110	119	1
46	345	350	1
47	232	275	1
48	241	292	1
49	292	315	1
50	9	18	1
51	251	256	1
52	125	131	1
53	5	8	1
54	385	387	1
55	100	103	1
56	154	172	1
57	130	134	1
58	319	323	1
59	100	142	1
60	74	78	1
61	202	211	1
62	369	371	1
63	0	8	1
64	214	220	1
65	298	337	1
66	281	284	1
67	115	126	1
68	341	362	1
69	57	69	1
70	151	156	1
71	36	43	1
72	216	219	1
73	330	343	1
74	64	71	1
75	391	402	1
76	44	49	1
77	215	222	1
78	188	203	1
79	134	144	1
80	232	234	1
81	247	271	1
82	356	375	1
83	274	291	1
84	150	170	1
85	171	203	1
86	95	106	1
87	330	342	1
88	250	252	1
89	366	370	1
90	108	119	1
91	42	52	1
92	280	309	1
93	289	299	1
94	226	242	1
95	346	356	1
96	4	10	1
97	125	133	1
98	122	137	1
99	333	336	1
100	144	156	1
101	251	262	1
102	184	189	1
103	70	95	1
104	56	81	1
105	211	222	1
106	139	146	1
107	66	73	1
108	104	115	1
109	152	184	1
110	222	227	1
111	10	29	1
112	149	151	1
113	294	304	1
114	367	385	1
115	137	142	1
116	36	63	1
117	111	125	1
118	354	368	1
119	146	169	1
120	179	195	1
121	120	131	1
122	145	150	1
123	390	405	1
124	36	38	1
125	31	39	1
126	192	198	1
127	10	14	1
128	27	31	1
129	2	9	1
130	92	119	1
131	255	261	1
132	134	144	1
133	355	368	1
134	83	86	1
135	290	295	1
136	350	393	1
137	239	247	1
138	145	152	1
139	256	265	1
140	392	399	1
141	31	40	1
142	325	336	1
143	213	231	1
144	384	396	1
145	269	282	1
146	35	39	1
147	197	207	1
148	155	171	1
149	382	388	1
150	202	224	1
151	191	195	1
152	114	128	1
153	302	317	1
154	298	312	1
155	318	329	1
156	152	173	1
157	230	237	1
158	150	175	1
159	127	136	1
160	160	165	1
161	165	173	1
162	125	135	1
163	126	129	1
164	285	291	1
165	387	399	1
166	313	319	1
167	290	294	1
168	22	38	1
169	297	317	1
170	278	293	1
171	92	113	1
172	6	29	1
173	285	287	1
174	161	179	1
175	336	349	1
176	354	365	1
177	280	293	1
178	46	48	1
179	300	303	1
180	108	144	1
181	350	358	1
182	219	245	1
183	189	191	1
184	80	86	1
185	370	375	1
186	238	242	1
187	287	292	1
188	66	68	1
189	129	137	1
190	105	118	1
191	52	56	1
192	293	296	1
193	359	367	1
194	235	237	1
195	359	371	1
196	78	91	1
197	331	396	1
198	299	306	1
199	350	355	1
200	13	20	1
201	87	109	1
202	154	160	1
203	263	273	1
204	310	322	1
205	206	219	1
206	126	129	1
207	295	316	1
208	27	33	1
209	170	176	1
210	153	161	1
211	111	118	1
212	299	338	1
213	19	42	1
214	39	49	1
215	13	24	1
216	228	230	1
217	343	348	1
218	268	275	1
219	364	367	1
220	341	361	1
221	7	17	1
222	85	109	1
223	324	329	1
224	117	120	1
225	251	256	1
226	177	188	1
227	12	22	1
228	387	414	1
229	106	109	1
230	329	340	1
231	3	56	1
232	338	346	1
233	392	398	1
234	258	261	1
235	117	133	1
236	184	186	1
237	0	19	1
238	7	16	1
239	257	259	1
240	108	112	1
241	82	85	1
242	39	56	1
243	150	194	1
244	113	115	1
245	262	283	1
246	332	337	1
247	180	187	1
248	43	49	1
249	281	291	1
250	298	304	1
251	242	245	1
252	14	20	1
253	383	394	1
254	230	237	1
255	20	27	1
256	173	180	1
257	4	13	1
258	119	129	1
259	292	296	1
260	340	345	1
261	320	323	1
262	143	172	1
263	285	293	1
264	151	182	1
265	238	255	1
266	43	53	1
267	81	83	1
268	95	105	1
269	140	177	1
270	149	156	1
271	116	121	1
272	253	257	1
273	104	106	1
274	191	203	1
275	383	390	1
276	88	91	1
277	201	204	1
278	323	341	1
279	7	11	1
280	189	196	1
281	392	402	1
282	219	235	1
283	25	29	1
284	211	231	1
285	130	133	1
286	378	383	1
287	228	234	1
288	69	112	1
289	67	71	1
290	320	322	1
291	242	248	1
292	299	309	1
293	301	307	1
294	298	320	1
295	6	11	1
296	372	400	1
297	117	124	1
298	118	121	1
299	303	310	1
300	318	322	1
301	370	385	1
302	21	29	1
303	124	130	1
304	395	422	1
305	155	166	1
306	309	313	1
307	11	24	1
308	11	23	1
309	135	153	1
310	230	237	1
311	34	38	1
312	160	163	1
313	132	138	1
314	303	314	1
315	130	144	1
316	288	295	1
317	22	27	1
318	71	73	1
319	120	137	1
320	346	350	1
321	115	135	1
322	257	262	1
323	74	85	1
324	363	371	1
325	245	270	1
326	150	161	1
327	237	247	1
328	392	402	1
329	221	225	1
330	17	34	1
331	218	238	1
332	330	341	1
333	280	286	1
334	176	197	1
335	309	326	1
336	390	393	1
337	230	244	1
338	114	117	1
339	365	372	1
340	171	213	1
341	30	37	1
342	189	203	1
343	48	51	1
344	7	15	1
345	83	85	1
346	26	35	1
347	164	169	1
348	384	401	1
349	289	297	1
350	7	12	1
351	34	39	1
352	144	205	1
353	277	280	1
354	239	244	1
355	285	296	1
356	282	312	1
357	398	417	1
358	37	49	1
359	232	243	1
360	202	216	1
361	298	314	1
362	78	80	1
363	132	135	1
364	108	111	1
365	107	120	1
366	26	46	1
367	116	147	1
368	190	197	1
369	284	293	1
370	191	208	1
371	209	227	1
372	374	414	1
373	283	286	1
374	328	342	1
375	64	66	1
376	370	374	1
377	218	243	1
378	40	45	1
379	100	120	1
380	31	35	1
381	168	204	1
382	364	386	1
383	72	125	1
384	369	384	1
385	211	219	1
386	24	26	1
387	295	318	1
388	166	171	1
389	92	94	1
390	194	199	1
391	266	272	1
392	328	347	1
393	301	310	1
394	376	398	1
395	219	221	1
396	56	60	1
397	398	405	1
398	143	155	1
399	353	355	1
