600	2	0	0
0	24	88	1
1	560	572	1
2	318	366	1
3	192	207	1
4	392	416	1
5	178	211	1
6	132	157	1
7	214	291	1
8	275	280	1
9	28	42	1
10	140	266	1
11	591	603	1
12	383	395	1
13	269	368	1
14	136	163	1
15	458	472	1
16	421	434	1
17	187	199	1
18	415	477	1
19	263	301	1
20	178	180	1
21	463	467	1
22	82	86	1
23	285	355	1
24	34	88	1
25	548	575	1
26	137	151	1
27	285	290	1
28	149	216	1
29	300	341	1
30	96	102	1
31	491	519	1
32	295	304	1
33	36	49	1
34	258	260	1
35	75	87	1
36	354	396	1
37	532	538	1
38	530	535	1
39	426	430	1
40	478	548	1
41	32	51	1
42	501	505	1
43	599	631	1
44	517	535	1
45	433	435	1
46	244	268	1
47	222	232	1
48	239	340	1
49	387	450	1
50	538	577	1
51	441	492	1
52	343	405	1
53	466	468	1
54	487	559	1
55	205	226	1
56	184	204	1
57	403	408	1
58	341	482	1
59	76	113	1
60	315	340	1
61	410	462	1
62	568	577	1
63	277	279	1
64	202	226	1
65	8	11	1
66	517	589	1
67	537	593	1
68	262	281	1
69	69	99	1
70	193	326	1
71	395	409	1
72	137	161	1
73	513	524	1
74	342	426	1
75	320	371	1
76	397	461	1
77	410	430	1
78	41	196	1
79	54	57	1
80	180	267	1
81	78	99	1
82	194	224	1
83	438	586	1
84	364	383	1
85	308	329	1
86	422	455	1
87	13	44	1
88	70	125	1
89	331	342	1
90	230	298	1
91	555	611	1
92	0	114	1
93	358	515	1
94	424	450	1
95	111	126	1
96	69	111	1
97	40	140	1
98	521	630	1
99	556	695	1
100	534	560	1
101	147	181	1
102	203	214	1
103	559	572	1
104	309	370	1
105	565	623	1
106	184	214	1
107	146	353	1
108	281	307	1
109	368	450	1
110	202	301	1
111	130	162	1
112	192	200	1
113	207	252	1
114	12	34	1
115	287	327	1
116	520	529	1
117	587	603	1
118	422	461	1
119	274	394	1
120	263	310	1
121	254	363	1
122	39	43	1
123	184	237	1
124	154	199	1
125	293	355	1
126	434	450	1
127	154	263	1
128	209	215	1
129	307	397	1
130	225	266	1
131	137	162	1
132	423	465	1
133	121	140	1
134	245	279	1
135	561	581	1
136	73	85	1
137	409	428	1
138	47	50	1
139	27	133	1
140	120	166	1
141	508	553	1
142	59	72	1
143	490	498	1
144	437	439	1
145	520	604	1
146	271	282	1
147	115	135	1
148	160	209	1
149	520	683	1
150	169	283	1
151	138	143	1
152	227	242	1
153	175	359	1
154	578	587	1
155	568	579	1
156	496	530	1
157	194	234	1
158	315	350	1
159	65	119	1
160	332	393	1
161	414	440	1
162	285	318	1
163	123	131	1
164	555	658	1
165	261	316	1
166	350	385	1
167	542	571	1
168	494	556	1
169	351	401	1
170	493	513	1
171	138	337	1
172	94	115	1
173	403	471	1
174	73	112	1
175	428	480	1
176	403	489	1
177	522	585	1
178	49	97	1
179	503	529	1
180	262	267	1
181	343	428	1
182	511	579	1
183	473	542	1
184	315	417	1
185	456	520	1
186	214	277	1
187	439	460	1
188	428	508	1
189	371	424	1
190	67	71	1
191	480	531	1
192	572	592	1
193	288	379	1
194	102	161	1
195	55	57	1
196	126	244	1
197	125	206	1
198	227	328	1
199	125	134	1
200	366	369	1
201	301	312	1
202	220	266	1
203	31	70	1
204	498	564	1
205	451	510	1
206	82	151	1
207	308	320	1
208	537	575	1
209	466	496	1
210	173	229	1
211	474	482	1
212	174	204	1
213	200	263	1
214	468	513	1
215	435	438	1
216	360	368	1
217	570	651	1
218	189	276	1
219	432	533	1
220	178	236	1
221	218	275	1
222	565	583	1
223	296	307	1
224	10	30	1
225	324	369	1
226	252	261	1
227	513	570	1
228	204	332	1
229	71	122	1
230	599	605	1
231	185	227	1
232	299	329	1
233	284	309	1
234	306	312	1
235	453	527	1
236	409	424	1
237	22	38	1
238	295	346	1
239	588	738	1
240	581	713	1
241	340	412	1
242	532	550	1
243	387	413	1
244	139	200	1
245	300	305	1
246	312	538	1
247	35	41	1
248	190	264	1
249	4	19	1
250	295	319	1
251	557	570	1
252	25	125	1
253	592	608	1
254	264	287	1
255	100	108	1
256	45	83	1
257	227	231	1
258	478	480	1
259	81	104	1
260	229	288	1
261	13	28	1
262	369	374	1
263	97	109	1
264	209	293	1
265	77	106	1
266	322	341	1
267	332	366	1
268	191	271	1
269	352	368	1
270	281	283	1
271	342	494	1
272	448	589	1
273	501	507	1
274	111	130	1
275	390	422	1
276	96	105	1
277	16	60	1
278	63	76	1
279	310	324	1
280	377	407	1
281	287	312	1
282	575	598	1
283	477	515	1
284	327	365	1
285	348	392	1
286	357	365	1
287	75	94	1
288	529	577	1
289	383	439	1
290	253	273	1
291	501	538	1
292	139	176	1
293	398	467	1
294	220	236	1
295	20	60	1
296	345	358	1
297	452	466	1
298	104	141	1
299	25	65	1
300	89	148	1
301	472	476	1
302	438	499	1
303	411	442	1
304	375	379	1
305	513	524	1
306	353	378	1
307	59	77	1
308	30	52	1
309	289	312	1
310	128	136	1
311	387	394	1
312	33	38	1
313	218	248	1
314	78	109	1
315	404	407	1
316	544	547	1
317	196	218	1
318	497	551	1
319	380	492	1
320	160	211	1
321	525	592	1
322	235	245	1
323	187	202	1
324	219	261	1
325	282	369	1
326	565	601	1
327	425	430	1
328	514	538	1
329	202	247	1
330	197	271	1
331	131	243	1
332	255	275	1
333	386	428	1
334	579	593	1
335	461	463	1
336	340	343	1
337	496	546	1
338	411	451	1
339	473	508	1
340	43	65	1
341	184	224	1
342	520	539	1
343	584	590	1
344	380	509	1
345	158	167	1
346	91	175	1
347	562	633	1
348	509	625	1
349	451	465	1
350	558	569	1
351	511	611	1
352	178	201	1
353	417	436	1
354	331	342	1
355	174	177	1
356	459	510	1
357	225	300	1
358	33	128	1
359	338	436	1
360	119	223	1
361	547	563	1
362	371	453	1
363	206	252	1
364	193	220	1
365	249	278	1
366	431	439	1
367	16	21	1
368	252	387	1
369	386	419	1
370	257	263	1
371	166	303	1
372	350	396	1
373	457	477	1
374	563	568	1
375	312	363	1
376	338	456	1
377	569	598	1
378	486	598	1
379	100	105	1
380	207	232	1
381	20	49	1
382	372	375	1
383	56	144	1
384	403	501	1
385	311	315	1
386	416	468	1
387	458	494	1
388	547	563	1
389	181	201	1
390	143	159	1
391	390	427	1
392	565	569	1
393	540	651	1
394	369	391	1
395	206	223	1
396	395	535	1
397	222	227	1
398	334	366	1
399	10	71	1
400	414	450	1
401	131	196	1
402	406	488	1
403	259	262	1
404	39	67	1
405	18	31	1
406	548	693	1
407	113	116	1
408	454	459	1
409	380	553	1
410	511	590	1
411	352	376	1
412	434	446	1
413	232	396	1
414	250	283	1
415	251	399	1
416	332	342	1
417	401	486	1
418	139	149	1
419	211	215	1
420	574	621	1
421	472	482	1
422	520	536	1
423	84	109	1
424	589	619	1
425	217	221	1
426	172	180	1
427	246	395	1
428	122	229	1
429	73	83	1
430	433	459	1
431	378	412	1
432	515	538	1
433	26	36	1
434	215	234	1
435	187	191	1
436	381	416	1
437	498	517	1
438	27	81	1
439	105	163	1
440	457	479	1
441	417	439	1
442	101	127	1
443	472	478	1
444	537	584	1
445	352	394	1
446	175	352	1
447	309	340	1
448	213	230	1
449	190	204	1
450	164	229	1
451	485	542	1
452	410	496	1
453	395	401	1
454	372	382	1
455	364	453	1
456	585	649	1
457	402	518	1
458	523	527	1
459	235	245	1
460	496	519	1
461	466	521	1
462	174	183	1
463	24	308	1
464	446	465	1
465	468	499	1
466	507	536	1
467	49	91	1
468	331	399	1
469	243	313	1
470	209	232	1
471	562	582	1
472	63	79	1
473	119	193	1
474	345	388	1
475	96	124	1
476	38	55	1
477	110	117	1
478	144	173	1
479	345	418	1
480	389	443	1
481	237	255	1
482	244	315	1
483	8	15	1
484	157	202	1
485	57	85	1
486	70	134	1
487	360	368	1
488	477	569	1
489	40	177	1
490	446	497	1
491	461	511	1
492	156	184	1
493	155	183	1
494	141	150	1
495	40	78	1
496	180	191	1
497	409	477	1
498	335	374	1
499	163	171	1
500	319	330	1
501	568	599	1
502	276	293	1
503	93	109	1
504	511	539	1
505	95	114	1
506	547	586	1
507	40	45	1
508	187	223	1
509	363	427	1
510	251	260	1
511	213	218	1
512	302	524	1
513	534	598	1
514	167	191	1
515	572	590	1
516	330	449	1
517	245	286	1
518	94	141	1
519	507	571	1
520	208	223	1
521	36	72	1
522	196	264	1
523	298	308	1
524	66	171	1
525	96	137	1
526	233	281	1
527	303	368	1
528	583	699	1
529	358	376	1
530	468	506	1
531	82	114	1
532	372	443	1
533	401	412	1
534	57	68	1
535	31	43	1
536	560	584	1
537	132	214	1
538	326	401	1
539	35	72	1
540	556	593	1
541	341	519	1
542	444	513	1
543	40	66	1
544	46	48	1
545	518	552	1
546	445	457	1
547	320	353	1
548	390	429	1
549	401	472	1
550	214	223	1
551	316	386	1
552	425	463	1
553	246	258	1
554	339	344	1
555	165	236	1
556	392	399	1
557	58	67	1
558	370	402	1
559	381	423	1
560	153	171	1
561	393	506	1
562	265	284	1
563	2	41	1
564	555	587	1
565	239	336	1
566	176	236	1
567	58	102	1
568	406	409	1
569	256	301	1
570	484	502	1
571	149	172	1
572	212	214	1
573	388	434	1
574	571	581	1
575	59	61	1
576	94	98	1
577	393	464	1
578	561	589	1
579	473	526	1
580	587	602	1
581	324	331	1
582	385	396	1
583	263	276	1
584	30	52	1
585	86	126	1
586	252	259	1
587	582	626	1
588	597	621	1
589	20	58	1
590	519	551	1
591	25	36	1
592	4	6	1
593	368	380	1
594	53	67	1
595	372	386	1
596	317	321	1
597	288	401	1
598	1	50	1
599	195	219	1
