400	2	0	0
0	216	220	1
1	393	575	1
2	33	90	1
3	399	595	1
4	215	343	1
5	24	44	1
6	241	283	1
7	395	491	1
8	76	132	1
9	390	598	1
10	217	225	1
11	203	410	1
12	313	332	1
13	139	183	1
14	280	498	1
15	125	168	1
16	326	501	1
17	355	581	1
18	366	370	1
19	346	382	1
20	95	196	1
21	16	31	1
22	150	267	1
23	31	44	1
24	303	357	1
25	313	337	1
26	74	220	1
27	151	324	1
28	393	412	1
29	355	413	1
30	320	513	1
31	301	331	1
32	355	534	1
33	164	201	1
34	99	137	1
35	63	110	1
36	272	373	1
37	200	291	1
38	391	437	1
39	205	228	1
40	34	626	1
41	179	275	1
42	109	242	1
43	176	182	1
44	310	313	1
45	216	302	1
46	392	457	1
47	6	10	1
48	142	146	1
49	134	159	1
50	21	79	1
51	47	91	1
52	7	46	1
53	112	286	1
54	357	379	1
55	86	116	1
56	138	220	1
57	208	212	1
58	323	395	1
59	304	318	1
60	226	254	1
61	209	298	1
62	116	156	1
63	369	406	1
64	207	289	1
65	181	267	1
66	77	91	1
67	262	285	1
68	330	348	1
69	273	278	1
70	11	143	1
71	98	112	1
72	270	296	1
73	118	125	1
74	96	121	1
75	219	319	1
76	188	326	1
77	203	370	1
78	38	50	1
79	355	421	1
80	372	445	1
81	302	632	1
82	225	242	1
83	374	417	1
84	149	236	1
85	283	306	1
86	50	82	1
87	336	618	1
88	390	432	1
89	32	92	1
90	31	152	1
91	322	382	1
92	386	413	1
93	137	160	1
94	252	277	1
95	376	545	1
96	114	125	1
97	255	262	1
98	317	322	1
99	45	62	1
100	229	308	1
101	83	161	1
102	232	256	1
103	381	427	1
104	244	452	1
105	270	394	1
106	262	334	1
107	338	340	1
108	279	333	1
109	238	257	1
110	344	493	1
111	197	200	1
112	58	166	1
113	267	358	1
114	17	23	1
115	216	258	1
116	72	128	1
117	10	14	1
118	397	473	1
119	23	172	1
120	137	469	1
121	189	219	1
122	85	233	1
123	76	215	1
124	258	297	1
125	111	132	1
126	253	277	1
127	263	524	1
128	303	493	1
129	244	376	1
130	185	306	1
131	67	120	1
132	118	194	1
133	67	200	1
134	157	185	1
135	189	196	1
136	393	560	1
137	375	580	1
138	137	258	1
139	108	145	1
140	148	162	1
141	262	264	1
142	131	265	1
143	288	315	1
144	28	155	1
145	331	446	1
146	22	34	1
147	34	299	1
148	219	279	1
149	162	321	1
150	8	93	1
151	399	507	1
152	239	331	1
153	379	436	1
154	141	251	1
155	266	291	1
156	346	402	1
157	222	228	1
158	110	198	1
159	116	139	1
160	32	36	1
161	123	226	1
162	289	315	1
163	307	644	1
164	74	102	1
165	304	333	1
166	171	275	1
167	248	348	1
168	387	471	1
169	309	317	1
170	3	47	1
171	351	515	1
172	245	325	1
173	219	301	1
174	61	79	1
175	143	235	1
176	10	16	1
177	257	387	1
178	138	153	1
179	109	210	1
180	120	348	1
181	38	53	1
182	249	304	1
183	381	603	1
184	360	493	1
185	15	74	1
186	32	67	1
187	156	237	1
188	129	378	1
189	116	130	1
190	260	486	1
191	6	76	1
192	115	138	1
193	148	202	1
194	94	209	1
195	27	37	1
196	162	399	1
197	125	226	1
198	11	243	1
199	358	488	1
200	35	156	1
201	27	44	1
202	105	112	1
203	20	134	1
204	129	161	1
205	165	187	1
206	194	214	1
207	298	383	1
208	8	70	1
209	215	272	1
210	242	390	1
211	319	369	1
212	288	403	1
213	22	123	1
214	312	416	1
215	309	335	1
216	1	39	1
217	255	309	1
218	50	161	1
219	241	283	1
220	377	417	1
221	251	474	1
222	261	342	1
223	23	41	1
224	237	340	1
225	128	141	1
226	134	139	1
227	18	36	1
228	88	108	1
229	294	633	1
230	160	228	1
231	65	70	1
232	266	370	1
233	247	316	1
234	178	186	1
235	215	321	1
236	248	277	1
237	234	432	1
238	236	322	1
239	144	196	1
240	25	126	1
241	159	351	1
242	246	261	1
243	78	175	1
244	252	256	1
245	152	185	1
246	200	236	1
247	171	240	1
248	10	124	1
249	311	319	1
250	265	428	1
251	267	326	1
252	288	335	1
253	303	354	1
254	380	383	1
255	306	355	1
256	373	383	1
257	392	525	1
258	11	22	1
259	292	310	1
260	31	46	1
261	238	241	1
262	259	410	1
263	229	364	1
264	322	469	1
265	293	319	1
266	286	419	1
267	137	237	1
268	361	368	1
269	185	300	1
270	87	197	1
271	184	217	1
272	81	93	1
273	230	236	1
274	97	198	1
275	43	87	1
276	335	548	1
277	74	116	1
278	38	256	1
279	172	340	1
280	107	232	1
281	345	359	1
282	354	406	1
283	178	213	1
284	32	81	1
285	394	461	1
286	302	342	1
287	211	229	1
288	108	339	1
289	51	128	1
290	227	272	1
291	300	611	1
292	365	387	1
293	81	225	1
294	362	515	1
295	307	309	1
296	24	63	1
297	218	480	1
298	398	531	1
299	259	268	1
300	41	99	1
301	264	272	1
302	223	350	1
303	9	183	1
304	119	242	1
305	62	297	1
306	216	281	1
307	336	356	1
308	86	94	1
309	17	34	1
310	208	256	1
311	195	259	1
312	89	163	1
313	372	529	1
314	126	130	1
315	237	406	1
316	215	263	1
317	333	337	1
318	142	208	1
319	347	437	1
320	154	181	1
321	120	166	1
322	305	350	1
323	14	98	1
324	180	235	1
325	241	273	1
326	75	214	1
327	2	25	1
328	100	230	1
329	90	181	1
330	314	424	1
331	302	312	1
332	200	236	1
333	307	354	1
334	365	521	1
335	66	132	1
336	143	186	1
337	339	381	1
338	291	346	1
339	194	340	1
340	353	474	1
341	138	184	1
342	31	66	1
343	327	518	1
344	214	231	1
345	101	116	1
346	293	336	1
347	312	341	1
348	226	354	1
349	170	438	1
350	120	199	1
351	216	273	1
352	281	396	1
353	252	306	1
354	387	661	1
355	193	206	1
356	114	153	1
357	255	331	1
358	342	416	1
359	219	291	1
360	111	130	1
361	181	211	1
362	82	146	1
363	232	266	1
364	70	168	1
365	102	148	1
366	97	239	1
367	309	455	1
368	211	466	1
369	262	274	1
370	364	435	1
371	10	88	1
372	95	266	1
373	192	214	1
374	44	83	1
375	397	425	1
376	111	163	1
377	254	356	1
378	313	490	1
379	59	79	1
380	227	234	1
381	3	128	1
382	318	408	1
383	58	275	1
384	158	244	1
385	393	414	1
386	399	436	1
387	122	204	1
388	266	278	1
389	346	373	1
390	280	309	1
391	338	479	1
392	137	239	1
393	359	403	1
394	275	348	1
395	3	64	1
396	360	398	1
397	212	226	1
398	323	406	1
399	49	98	1
