600	2	0	0
0	186	189	1
1	10	15	1
2	325	329	1
3	545	548	1
4	442	445	1
5	146	149	1
6	94	96	1
7	155	161	1
8	149	151	1
9	134	143	1
10	318	331	1
11	115	117	1
12	241	243	1
13	297	302	1
14	565	580	1
15	90	92	1
16	53	56	1
17	103	107	1
18	80	91	1
19	210	217	1
20	146	151	1
21	345	351	1
22	267	269	1
23	12	14	1
24	492	506	1
25	245	250	1
26	484	487	1
27	534	539	1
28	469	472	1
29	551	553	1
30	184	197	1
31	443	452	1
32	467	470	1
33	572	578	1
34	174	187	1
35	356	365	1
36	56	63	1
37	415	426	1
38	305	316	1
39	493	501	1
40	376	388	1
41	102	104	1
42	389	395	1
43	348	362	1
44	217	224	1
45	54	58	1
46	23	26	1
47	36	38	1
48	83	88	1
49	184	190	1
50	559	561	1
51	533	535	1
52	146	149	1
53	274	276	1
54	363	367	1
55	518	521	1
56	86	92	1
57	189	201	1
58	247	250	1
59	522	530	1
60	139	142	1
61	241	250	1
62	441	445	1
63	489	493	1
64	3	5	1
65	90	93	1
66	342	348	1
67	34	47	1
68	485	495	1
69	598	600	1
70	538	541	1
71	345	349	1
72	96	103	1
73	177	179	1
74	40	42	1
75	361	369	1
76	330	336	1
77	314	317	1
78	564	570	1
79	513	529	1
80	586	595	1
81	285	288	1
82	471	474	1
83	456	461	1
84	384	389	1
85	121	126	1
86	328	339	1
87	250	252	1
88	279	281	1
89	334	336	1
90	116	128	1
91	324	327	1
92	468	473	1
93	484	487	1
94	484	486	1
95	339	346	1
96	361	368	1
97	373	376	1
98	155	157	1
99	596	603	1
100	381	385	1
101	150	153	1
102	485	490	1
103	273	278	1
104	134	139	1
105	436	440	1
106	153	158	1
107	256	277	1
108	243	248	1
109	79	84	1
110	97	100	1
111	99	102	1
112	21	25	1
113	321	329	1
114	432	435	1
115	61	63	1
116	78	83	1
117	173	180	1
118	280	283	1
119	257	263	1
120	396	401	1
121	60	74	1
122	493	500	1
123	571	573	1
124	493	508	1
125	191	198	1
126	146	148	1
127	532	534	1
128	460	466	1
129	568	572	1
130	157	167	1
131	545	555	1
132	365	369	1
133	398	407	1
134	430	432	1
135	82	84	1
136	524	541	1
137	102	108	1
138	182	188	1
139	212	215	1
140	67	74	1
141	291	298	1
142	63	67	1
143	596	599	1
144	439	442	1
145	296	298	1
146	304	308	1
147	146	151	1
148	567	581	1
149	185	192	1
150	266	270	1
151	595	602	1
152	29	31	1
153	256	274	1
154	488	496	1
155	586	596	1
156	257	262	1
157	158	170	1
158	440	447	1
159	276	282	1
160	33	39	1
161	256	280	1
162	502	511	1
163	599	606	1
164	93	107	1
165	242	244	1
166	117	137	1
167	513	515	1
168	444	446	1
169	21	29	1
170	366	376	1
171	525	544	1
172	71	73	1
173	245	250	1
174	341	344	1
175	455	463	1
176	294	302	1
177	177	185	1
178	364	366	1
179	484	486	1
180	334	346	1
181	596	603	1
182	599	620	1
183	509	511	1
184	562	565	1
185	151	154	1
186	275	281	1
187	116	124	1
188	393	400	1
189	446	449	1
190	243	258	1
191	557	566	1
192	504	517	1
193	223	240	1
194	153	157	1
195	299	303	1
196	289	293	1
197	235	240	1
198	326	329	1
199	319	325	1
200	478	481	1
201	170	186	1
202	491	493	1
203	450	455	1
204	13	16	1
205	50	52	1
206	184	187	1
207	429	434	1
208	519	523	1
209	369	373	1
210	417	420	1
211	309	319	1
212	463	467	1
213	109	112	1
214	284	294	1
215	130	133	1
216	47	57	1
217	17	31	1
218	104	106	1
219	577	581	1
220	587	597	1
221	224	227	1
222	5	11	1
223	543	554	1
224	131	136	1
225	114	119	1
226	91	93	1
227	457	463	1
228	107	110	1
229	500	507	1
230	526	530	1
231	31	45	1
232	352	357	1
233	280	283	1
234	270	275	1
235	35	40	1
236	102	105	1
237	116	121	1
238	518	524	1
239	393	397	1
240	509	515	1
241	108	116	1
242	73	77	1
243	373	375	1
244	184	188	1
245	483	490	1
246	483	488	1
247	336	339	1
248	55	62	1
249	313	318	1
250	235	237	1
251	128	130	1
252	413	420	1
253	404	406	1
254	55	67	1
255	119	123	1
256	547	552	1
257	360	366	1
258	328	333	1
259	161	169	1
260	302	311	1
261	13	18	1
262	349	351	1
263	228	239	1
264	534	544	1
265	507	512	1
266	134	136	1
267	123	136	1
268	393	397	1
269	472	476	1
270	96	104	1
271	139	143	1
272	546	552	1
273	112	115	1
274	50	53	1
275	534	536	1
276	577	581	1
277	201	211	1
278	230	232	1
279	91	94	1
280	319	330	1
281	47	62	1
282	378	409	1
283	259	263	1
284	570	572	1
285	498	502	1
286	363	377	1
287	298	301	1
288	532	550	1
289	377	382	1
290	270	272	1
291	485	491	1
292	284	286	1
293	166	172	1
294	251	269	1
295	477	485	1
296	75	77	1
297	597	604	1
298	175	177	1
299	116	121	1
300	188	194	1
301	509	511	1
302	589	593	1
303	26	38	1
304	48	57	1
305	95	102	1
306	565	570	1
307	274	282	1
308	57	64	1
309	163	167	1
310	280	283	1
311	507	513	1
312	465	491	1
313	503	513	1
314	574	579	1
315	452	459	1
316	284	296	1
317	582	585	1
318	543	545	1
319	96	102	1
320	215	225	1
321	223	227	1
322	328	332	1
323	21	25	1
324	301	304	1
325	481	487	1
326	219	231	1
327	0	7	1
328	550	555	1
329	62	66	1
330	587	591	1
331	133	135	1
332	578	586	1
333	190	192	1
334	209	212	1
335	535	538	1
336	397	407	1
337	324	335	1
338	177	179	1
339	174	185	1
340	554	560	1
341	489	492	1
342	129	134	1
343	74	76	1
344	440	445	1
345	426	428	1
346	470	474	1
347	527	537	1
348	125	127	1
349	335	346	1
350	246	254	1
351	134	137	1
352	401	407	1
353	222	224	1
354	476	478	1
355	374	378	1
356	578	580	1
357	194	200	1
358	485	487	1
359	494	496	1
360	190	196	1
361	352	359	1
362	459	462	1
363	110	116	1
364	385	395	1
365	238	241	1
366	81	84	1
367	25	27	1
368	123	126	1
369	362	364	1
370	532	545	1
371	593	595	1
372	265	269	1
373	247	250	1
374	384	396	1
375	84	88	1
376	549	551	1
377	249	258	1
378	294	298	1
379	552	561	1
380	181	183	1
381	54	57	1
382	67	70	1
383	298	303	1
384	41	43	1
385	182	186	1
386	301	320	1
387	98	103	1
388	438	443	1
389	132	139	1
390	144	159	1
391	515	529	1
392	321	326	1
393	163	167	1
394	348	356	1
395	241	254	1
396	486	490	1
397	76	84	1
398	387	394	1
399	441	449	1
400	538	543	1
401	175	177	1
402	474	477	1
403	561	576	1
404	465	467	1
405	61	65	1
406	53	57	1
407	424	434	1
408	211	213	1
409	74	84	1
410	91	95	1
411	458	469	1
412	21	23	1
413	183	187	1
414	596	599	1
415	364	367	1
416	450	458	1
417	556	564	1
418	503	511	1
419	456	471	1
420	258	261	1
421	156	160	1
422	86	92	1
423	113	116	1
424	335	339	1
425	283	289	1
426	573	581	1
427	421	424	1
428	204	207	1
429	421	423	1
430	509	511	1
431	395	401	1
432	318	320	1
433	379	382	1
434	176	182	1
435	565	568	1
436	279	282	1
437	543	548	1
438	120	139	1
439	65	67	1
440	192	194	1
441	349	357	1
442	1	6	1
443	247	252	1
444	147	151	1
445	58	61	1
446	504	509	1
447	28	37	1
448	509	516	1
449	498	506	1
450	449	455	1
451	451	462	1
452	595	601	1
453	100	112	1
454	63	65	1
455	480	483	1
456	594	596	1
457	430	450	1
458	295	297	1
459	77	84	1
460	595	603	1
461	133	135	1
462	22	28	1
463	330	332	1
464	562	572	1
465	281	292	1
466	537	546	1
467	468	470	1
468	277	287	1
469	197	201	1
470	590	592	1
471	517	521	1
472	339	347	1
473	41	46	1
474	481	486	1
475	446	449	1
476	464	471	1
477	203	221	1
478	531	537	1
479	524	526	1
480	517	523	1
481	59	66	1
482	460	471	1
483	268	271	1
484	528	530	1
485	423	427	1
486	63	65	1
487	401	405	1
488	524	526	1
489	557	560	1
490	28	33	1
491	79	87	1
492	81	92	1
493	390	394	1
494	122	125	1
495	434	436	1
496	38	45	1
497	573	579	1
498	87	105	1
499	578	581	1
500	15	28	1
501	202	204	1
502	51	60	1
503	121	124	1
504	153	159	1
505	43	45	1
506	433	438	1
507	413	415	1
508	478	484	1
509	416	420	1
510	492	495	1
511	499	505	1
512	56	61	1
513	242	254	1
514	534	536	1
515	552	557	1
516	168	170	1
517	302	316	1
518	182	185	1
519	2	12	1
520	347	351	1
521	27	44	1
522	362	369	1
523	480	485	1
524	289	300	1
525	254	259	1
526	275	281	1
527	84	89	1
528	552	554	1
529	169	174	1
530	400	407	1
531	583	585	1
532	567	571	1
533	490	499	1
534	275	284	1
535	522	525	1
536	340	342	1
537	28	31	1
538	396	400	1
539	208	212	1
540	120	122	1
541	477	490	1
542	513	515	1
543	12	14	1
544	547	549	1
545	222	224	1
546	110	115	1
547	116	121	1
548	124	127	1
549	525	528	1
550	284	286	1
551	370	382	1
552	316	321	1
553	551	554	1
554	285	297	1
555	486	491	1
556	195	199	1
557	211	214	1
558	248	252	1
559	514	523	1
560	586	592	1
561	514	520	1
562	537	546	1
563	13	20	1
564	540	543	1
565	356	368	1
566	564	571	1
567	561	570	1
568	22	27	1
569	324	327	1
570	39	41	1
571	432	434	1
572	25	31	1
573	472	474	1
574	371	378	1
575	572	574	1
576	501	509	1
577	563	566	1
578	491	494	1
579	475	481	1
580	353	360	1
581	313	335	1
582	519	523	1
583	47	50	1
584	574	586	1
585	169	172	1
586	492	495	1
587	493	501	1
588	443	446	1
589	440	443	1
590	274	286	1
591	133	140	1
592	69	74	1
593	167	176	1
594	417	435	1
595	347	353	1
596	255	258	1
597	462	468	1
598	265	267	1
599	481	483	1
